Instrument: Andor
X Size: 2048
Y Size: 64
Total Flux: 0.000
Total Counts: 320953
Background: 330.000000
Curvature: 0.0
Clipped to ROI: No
ROI: 1309 526 2539 1627
X	Counts
0	6
1	8
2	0
3	10
4	7
5	10
6	0
7	7
8	24
9	12
10	29
11	35
12	8
13	1
14	22
15	49
16	8
17	56
18	7
19	17
20	42
21	20
22	28
23	45
24	10
25	19
26	2
27	15
28	9
29	19
30	45
31	9
32	38
33	41
34	34
35	56
36	29
37	44
38	6
39	35
40	13
41	14
42	22
43	32
44	6
45	36
46	26
47	42
48	69
49	65
50	67
51	36
52	21
53	56
54	47
55	29
56	38
57	34
58	42
59	17
60	84
61	36
62	32
63	25
64	24
65	5
66	76
67	6
68	23
69	37
70	82
71	46
72	84
73	40
74	24
75	38
76	60
77	21
78	65
79	66
80	24
81	152
82	54
83	46
84	41
85	20
86	45
87	43
88	59
89	78
90	44
91	35
92	77
93	63
94	62
95	40
96	66
97	54
98	94
99	63
100	64
101	18
102	69
103	31
104	34
105	45
106	25
107	51
108	56
109	76
110	34
111	33
112	113
113	46
114	43
115	97
116	75
117	50
118	33
119	54
120	64
121	61
122	70
123	62
124	98
125	71
126	78
127	23
128	57
129	48
130	67
131	24
132	103
133	77
134	67
135	79
136	30
137	49
138	51
139	41
140	46
141	56
142	35
143	43
144	57
145	88
146	265
147	123
148	93
149	58
150	90
151	35
152	75
153	103
154	73
155	71
156	31
157	175
158	67
159	60
160	100
161	82
162	78
163	125
164	50
165	68
166	41
167	34
168	70
169	36
170	104
171	92
172	44
173	46
174	38
175	23
176	48
177	60
178	21
179	36
180	12
181	46
182	35
183	56
184	41
185	50
186	78
187	75
188	55
189	40
190	24
191	62
192	51
193	92
194	64
195	23
196	61
197	74
198	48
199	60
200	40
201	51
202	144
203	44
204	65
205	36
206	13
207	50
208	71
209	19
210	12
211	22
212	45
213	33
214	60
215	46
216	28
217	47
218	48
219	16
220	65
221	40
222	40
223	82
224	110
225	17
226	29
227	34
228	49
229	31
230	36
231	51
232	54
233	41
234	90
235	37
236	37
237	23
238	39
239	5
240	54
241	43
242	51
243	56
244	48
245	46
246	45
247	33
248	65
249	84
250	44
251	65
252	155
253	65
254	31
255	57
256	26
257	40
258	91
259	78
260	79
261	71
262	59
263	69
264	65
265	88
266	128
267	59
268	81
269	26
270	91
271	144
272	164
273	55
274	39
275	52
276	48
277	32
278	44
279	35
280	47
281	40
282	43
283	52
284	37
285	62
286	7
287	9
288	38
289	82
290	125
291	59
292	18
293	38
294	41
295	8
296	82
297	78
298	87
299	49
300	59
301	216
302	18
303	17
304	29
305	28
306	39
307	61
308	55
309	43
310	81
311	32
312	27
313	32
314	39
315	13
316	3
317	44
318	34
319	55
320	34
321	37
322	55
323	40
324	35
325	57
326	17
327	26
328	41
329	31
330	28
331	33
332	60
333	78
334	18
335	77
336	125
337	51
338	25
339	38
340	52
341	32
342	10
343	76
344	51
345	46
346	53
347	84
348	24
349	73
350	33
351	38
352	26
353	37
354	39
355	7
356	44
357	31
358	97
359	34
360	70
361	36
362	30
363	23
364	23
365	59
366	47
367	35
368	22
369	12
370	38
371	71
372	63
373	17
374	15
375	39
376	29
377	52
378	30
379	28
380	22
381	30
382	24
383	45
384	25
385	35
386	55
387	49
388	36
389	23
390	45
391	26
392	32
393	61
394	70
395	75
396	45
397	5
398	9
399	9
400	42
401	15
402	37
403	30
404	18
405	11
406	77
407	45
408	54
409	37
410	141
411	192
412	198
413	96
414	37
415	85
416	150
417	55
418	43
419	59
420	175
421	146
422	27
423	64
424	19
425	6
426	18
427	99
428	56
429	111
430	70
431	171
432	70
433	31
434	8
435	31
436	60
437	70
438	25
439	99
440	86
441	137
442	85
443	89
444	54
445	20
446	26
447	31
448	65
449	31
450	47
451	43
452	92
453	75
454	32
455	34
456	74
457	36
458	12
459	12
460	17
461	193
462	141
463	33
464	15
465	27
466	90
467	152
468	53
469	208
470	52
471	50
472	46
473	23
474	31
475	18
476	76
477	109
478	24
479	21
480	40
481	36
482	29
483	29
484	8
485	39
486	44
487	39
488	28
489	21
490	17
491	132
492	23
493	115
494	48
495	48
496	28
497	54
498	77
499	79
500	43
501	26
502	65
503	4
504	32
505	28
506	48
507	72
508	54
509	35
510	58
511	154
512	43
513	28
514	66
515	141
516	333
517	61
518	30
519	9
520	110
521	126
522	60
523	174
524	334
525	349
526	334
527	242
528	92
529	147
530	344
531	332
532	120
533	331
534	323
535	172
536	74
537	467
538	290
539	286
540	332
541	382
542	207
543	183
544	324
545	130
546	57
547	165
548	285
549	290
550	176
551	228
552	352
553	361
554	408
555	528
556	562
557	223
558	156
559	662
560	344
561	658
562	376
563	628
564	596
565	736
566	579
567	589
568	722
569	608
570	540
571	578
572	623
573	858
574	900
575	830
576	989
577	780
578	973
579	1164
580	1555
581	1554
582	1330
583	1297
584	1349
585	1969
586	1642
587	1260
588	971
589	908
590	929
591	1166
592	1305
593	1632
594	1518
595	2050
596	1898
597	1862
598	1914
599	1773
600	1836
601	2472
602	2196
603	2094
604	2681
605	3028
606	3329
607	3168
608	3729
609	3609
610	3164
611	3016
612	3547
613	3713
614	3433
615	2964
616	3104
617	2744
618	3105
619	2890
620	2404
621	2841
622	2677
623	3100
624	2463
625	2449
626	1803
627	1633
628	1580
629	1674
630	1896
631	2318
632	1871
633	1662
634	1576
635	1543
636	1439
637	1591
638	1665
639	1326
640	1025
641	871
642	771
643	808
644	709
645	525
646	570
647	738
648	676
649	717
650	918
651	706
652	585
653	501
654	529
655	286
656	468
657	487
658	517
659	497
660	500
661	521
662	437
663	243
664	456
665	421
666	454
667	325
668	232
669	169
670	136
671	60
672	157
673	64
674	164
675	345
676	158
677	314
678	119
679	112
680	271
681	228
682	82
683	70
684	36
685	48
686	58
687	55
688	31
689	149
690	207
691	97
692	92
693	117
694	50
695	53
696	61
697	48
698	29
699	54
700	33
701	45
702	61
703	51
704	43
705	75
706	49
707	81
708	58
709	73
710	21
711	18
712	55
713	49
714	35
715	65
716	39
717	38
718	26
719	49
720	35
721	63
722	32
723	81
724	69
725	94
726	40
727	73
728	36
729	87
730	29
731	28
732	64
733	45
734	50
735	23
736	34
737	31
738	49
739	16
740	17
741	44
742	51
743	44
744	33
745	44
746	17
747	35
748	21
749	56
750	37
751	46
752	32
753	39
754	83
755	25
756	47
757	71
758	32
759	19
760	119
761	16
762	57
763	41
764	80
765	57
766	48
767	59
768	62
769	52
770	57
771	29
772	38
773	99
774	32
775	14
776	36
777	43
778	74
779	65
780	43
781	46
782	44
783	40
784	64
785	66
786	36
787	35
788	43
789	53
790	47
791	36
792	61
793	75
794	41
795	71
796	67
797	21
798	66
799	72
800	54
801	65
802	41
803	41
804	55
805	38
806	75
807	24
808	76
809	48
810	107
811	48
812	60
813	97
814	52
815	72
816	36
817	31
818	53
819	73
820	75
821	52
822	27
823	55
824	21
825	26
826	78
827	76
828	69
829	52
830	73
831	57
832	92
833	132
834	51
835	39
836	67
837	187
838	90
839	47
840	63
841	46
842	49
843	119
844	74
845	63
846	29
847	42
848	58
849	53
850	24
851	40
852	111
853	70
854	33
855	52
856	33
857	78
858	61
859	30
860	171
861	66
862	63
863	76
864	74
865	17
866	53
867	138
868	36
869	46
870	82
871	93
872	19
873	61
874	78
875	63
876	38
877	67
878	52
879	78
880	59
881	81
882	98
883	66
884	52
885	49
886	71
887	145
888	81
889	124
890	48
891	63
892	64
893	47
894	27
895	75
896	43
897	102
898	47
899	100
900	70
901	47
902	73
903	89
904	70
905	89
906	118
907	97
908	141
909	127
910	40
911	88
912	38
913	110
914	104
915	140
916	100
917	140
918	70
919	57
920	47
921	95
922	95
923	129
924	88
925	97
926	126
927	172
928	124
929	167
930	89
931	172
932	71
933	80
934	93
935	92
936	119
937	96
938	58
939	64
940	47
941	44
942	47
943	79
944	121
945	66
946	64
947	68
948	49
949	93
950	97
951	105
952	88
953	80
954	35
955	126
956	55
957	87
958	118
959	75
960	102
961	108
962	91
963	45
964	57
965	45
966	42
967	63
968	34
969	59
970	91
971	62
972	116
973	26
974	69
975	77
976	92
977	72
978	106
979	34
980	81
981	54
982	47
983	68
984	47
985	92
986	46
987	55
988	119
989	85
990	97
991	119
992	53
993	103
994	53
995	47
996	70
997	75
998	36
999	53
1000	63
1001	83
1002	106
1003	95
1004	80
1005	134
1006	78
1007	45
1008	88
1009	134
1010	50
1011	65
1012	55
1013	110
1014	93
1015	52
1016	87
1017	48
1018	96
1019	91
1020	58
1021	99
1022	49
1023	88
1024	74
1025	104
1026	51
1027	129
1028	42
1029	91
1030	62
1031	38
1032	47
1033	45
1034	114
1035	91
1036	59
1037	61
1038	120
1039	45
1040	55
1041	72
1042	60
1043	50
1044	59
1045	41
1046	40
1047	61
1048	112
1049	35
1050	42
1051	90
1052	74
1053	81
1054	69
1055	76
1056	70
1057	158
1058	31
1059	109
1060	108
1061	74
1062	90
1063	89
1064	45
1065	45
1066	69
1067	55
1068	58
1069	49
1070	47
1071	62
1072	66
1073	41
1074	118
1075	88
1076	65
1077	69
1078	53
1079	65
1080	83
1081	77
1082	63
1083	38
1084	42
1085	94
1086	79
1087	76
1088	43
1089	68
1090	78
1091	53
1092	55
1093	45
1094	48
1095	50
1096	66
1097	80
1098	80
1099	72
1100	61
1101	73
1102	69
1103	137
1104	67
1105	45
1106	71
1107	96
1108	129
1109	95
1110	81
1111	29
1112	77
1113	62
1114	44
1115	79
1116	27
1117	37
1118	80
1119	34
1120	80
1121	43
1122	56
1123	81
1124	45
1125	103
1126	61
1127	92
1128	80
1129	75
1130	87
1131	52
1132	70
1133	47
1134	88
1135	60
1136	74
1137	98
1138	66
1139	81
1140	77
1141	68
1142	59
1143	32
1144	69
1145	79
1146	46
1147	59
1148	45
1149	53
1150	106
1151	60
1152	101
1153	27
1154	53
1155	63
1156	64
1157	29
1158	99
1159	33
1160	66
1161	44
1162	77
1163	76
1164	94
1165	97
1166	54
1167	95
1168	65
1169	74
1170	25
1171	54
1172	21
1173	93
1174	110
1175	70
1176	58
1177	124
1178	67
1179	45
1180	82
1181	44
1182	22
1183	74
1184	64
1185	92
1186	43
1187	92
1188	41
1189	66
1190	34
1191	81
1192	62
1193	61
1194	56
1195	85
1196	85
1197	62
1198	49
1199	97
1200	54
1201	55
1202	63
1203	44
1204	28
1205	58
1206	55
1207	71
1208	124
1209	87
1210	91
1211	91
1212	105
1213	130
1214	31
1215	84
1216	80
1217	57
1218	9
1219	144
1220	93
1221	116
1222	57
1223	55
1224	49
1225	63
1226	51
1227	82
1228	56
1229	55
1230	25
1231	55
1232	40
1233	65
1234	34
1235	33
1236	65
1237	57
1238	49
1239	50
1240	32
1241	79
1242	64
1243	101
1244	90
1245	81
1246	76
1247	37
1248	77
1249	18
1250	113
1251	63
1252	56
1253	79
1254	104
1255	29
1256	55
1257	66
1258	21
1259	46
1260	89
1261	30
1262	75
1263	61
1264	71
1265	60
1266	42
1267	81
1268	40
1269	39
1270	79
1271	35
1272	50
1273	34
1274	52
1275	39
1276	40
1277	79
1278	86
1279	43
1280	62
1281	27
1282	77
1283	53
1284	32
1285	51
1286	80
1287	36
1288	81
1289	72
1290	32
1291	42
1292	64
1293	55
1294	32
1295	33
1296	49
1297	67
1298	42
1299	13
1300	79
1301	67
1302	94
1303	57
1304	60
1305	70
1306	82
1307	64
1308	67
1309	45
1310	43
1311	55
1312	57
1313	73
1314	63
1315	63
1316	38
1317	59
1318	17
1319	76
1320	43
1321	82
1322	67
1323	56
1324	53
1325	77
1326	43
1327	45
1328	50
1329	63
1330	55
1331	45
1332	138
1333	48
1334	52
1335	24
1336	84
1337	14
1338	63
1339	93
1340	51
1341	23
1342	46
1343	64
1344	59
1345	42
1346	29
1347	54
1348	81
1349	36
1350	118
1351	50
1352	67
1353	120
1354	64
1355	82
1356	63
1357	76
1358	66
1359	83
1360	68
1361	54
1362	62
1363	87
1364	31
1365	49
1366	61
1367	73
1368	46
1369	93
1370	38
1371	60
1372	26
1373	54
1374	50
1375	63
1376	41
1377	43
1378	69
1379	71
1380	130
1381	62
1382	30
1383	51
1384	113
1385	16
1386	30
1387	82
1388	97
1389	48
1390	72
1391	35
1392	75
1393	44
1394	50
1395	26
1396	9
1397	63
1398	49
1399	61
1400	59
1401	99
1402	110
1403	31
1404	76
1405	43
1406	19
1407	76
1408	58
1409	92
1410	46
1411	36
1412	53
1413	53
1414	73
1415	58
1416	60
1417	64
1418	64
1419	16
1420	38
1421	58
1422	52
1423	60
1424	85
1425	30
1426	55
1427	22
1428	68
1429	128
1430	39
1431	50
1432	37
1433	5
1434	8
1435	78
1436	61
1437	50
1438	72
1439	24
1440	75
1441	34
1442	13
1443	37
1444	21
1445	5
1446	15
1447	81
1448	36
1449	67
1450	36
1451	60
1452	32
1453	54
1454	21
1455	64
1456	62
1457	19
1458	46
1459	25
1460	23
1461	28
1462	53
1463	9
1464	48
1465	34
1466	44
1467	64
1468	41
1469	44
1470	59
1471	37
1472	20
1473	59
1474	45
1475	36
1476	64
1477	45
1478	66
1479	31
1480	13
1481	25
1482	34
1483	21
1484	22
1485	27
1486	42
1487	33
1488	42
1489	23
1490	30
1491	45
1492	34
1493	73
1494	59
1495	61
1496	20
1497	55
1498	78
1499	48
1500	12
1501	62
1502	32
1503	31
1504	28
1505	36
1506	32
1507	23
1508	40
1509	84
1510	40
1511	127
1512	46
1513	48
1514	31
1515	31
1516	40
1517	14
1518	26
1519	84
1520	40
1521	38
1522	31
1523	21
1524	51
1525	16
1526	75
1527	51
1528	43
1529	53
1530	51
1531	38
1532	69
1533	54
1534	71
1535	36
1536	42
1537	65
1538	28
1539	4
1540	15
1541	76
1542	48
1543	80
1544	33
1545	46
1546	62
1547	36
1548	43
1549	56
1550	61
1551	70
1552	102
1553	75
1554	120
1555	71
1556	130
1557	153
1558	64
1559	131
1560	80
1561	62
1562	60
1563	75
1564	50
1565	77
1566	36
1567	73
1568	125
1569	129
1570	79
1571	41
1572	120
1573	155
1574	117
1575	177
1576	135
1577	68
1578	154
1579	230
1580	128
1581	268
1582	379
1583	52
1584	276
1585	208
1586	301
1587	806
1588	311
1589	383
1590	742
1591	915
1592	889
1593	904
1594	656
1595	543
1596	450
1597	365
1598	144
1599	250
1600	514
1601	706
1602	627
1603	506
1604	571
1605	153
1606	470
1607	633
1608	403
1609	351
1610	288
1611	201
1612	216
1613	194
1614	270
1615	178
1616	241
1617	257
1618	409
1619	140
1620	442
1621	454
1622	302
1623	143
1624	198
1625	455
1626	153
1627	125
1628	85
1629	90
1630	153
1631	270
1632	149
1633	370
1634	262
1635	86
1636	45
1637	80
1638	73
1639	64
1640	118
1641	33
1642	38
1643	80
1644	65
1645	60
1646	51
1647	90
1648	64
1649	60
1650	44
1651	59
1652	39
1653	80
1654	54
1655	59
1656	22
1657	70
1658	84
1659	102
1660	57
1661	32
1662	60
1663	61
1664	76
1665	77
1666	67
1667	19
1668	72
1669	68
1670	59
1671	110
1672	67
1673	56
1674	51
1675	46
1676	97
1677	97
1678	83
1679	44
1680	154
1681	101
1682	96
1683	49
1684	125
1685	78
1686	43
1687	62
1688	40
1689	96
1690	65
1691	88
1692	58
1693	84
1694	114
1695	62
1696	93
1697	23
1698	153
1699	45
1700	96
1701	57
1702	78
1703	91
1704	84
1705	95
1706	59
1707	60
1708	91
1709	63
1710	113
1711	59
1712	41
1713	52
1714	78
1715	85
1716	157
1717	146
1718	94
1719	63
1720	79
1721	103
1722	71
1723	101
1724	68
1725	79
1726	75
1727	74
1728	108
1729	73
1730	41
1731	28
1732	37
1733	32
1734	66
1735	47
1736	48
1737	50
1738	76
1739	102
1740	59
1741	78
1742	76
1743	63
1744	68
1745	73
1746	73
1747	22
1748	91
1749	119
1750	121
1751	76
1752	57
1753	77
1754	129
1755	60
1756	97
1757	32
1758	81
1759	67
1760	101
1761	90
1762	62
1763	53
1764	38
1765	35
1766	51
1767	59
1768	46
1769	26
1770	48
1771	70
1772	60
1773	41
1774	39
1775	62
1776	109
1777	87
1778	59
1779	65
1780	59
1781	73
1782	73
1783	81
1784	116
1785	54
1786	72
1787	80
1788	117
1789	77
1790	84
1791	43
1792	57
1793	74
1794	58
1795	69
1796	99
1797	54
1798	70
1799	32
1800	50
1801	60
1802	77
1803	84
1804	98
1805	142
1806	91
1807	24
1808	64
1809	38
1810	61
1811	96
1812	64
1813	61
1814	116
1815	83
1816	73
1817	121
1818	69
1819	96
1820	58
1821	67
1822	65
1823	134
1824	85
1825	98
1826	57
1827	100
1828	121
1829	115
1830	61
1831	74
1832	64
1833	95
1834	99
1835	60
1836	76
1837	126
1838	128
1839	129
1840	104
1841	95
1842	104
1843	120
1844	221
1845	143
1846	94
1847	101
1848	116
1849	47
1850	47
1851	57
1852	133
1853	132
1854	78
1855	86
1856	141
1857	149
1858	119
1859	131
1860	130
1861	124
1862	125
1863	137
1864	64
1865	146
1866	96
1867	127
1868	98
1869	82
1870	87
1871	158
1872	96
1873	71
1874	75
1875	62
1876	111
1877	128
1878	114
1879	151
1880	84
1881	109
1882	96
1883	145
1884	121
1885	94
1886	99
1887	87
1888	95
1889	123
1890	107
1891	121
1892	192
1893	148
1894	69
1895	103
1896	106
1897	90
1898	86
1899	128
1900	127
1901	130
1902	114
1903	146
1904	141
1905	167
1906	130
1907	133
1908	121
1909	178
1910	120
1911	135
1912	139
1913	130
1914	123
1915	125
1916	103
1917	128
1918	113
1919	129
1920	85
1921	73
1922	109
1923	115
1924	88
1925	110
1926	137
1927	162
1928	124
1929	119
1930	151
1931	123
1932	164
1933	97
1934	143
1935	113
1936	159
1937	142
1938	131
1939	112
1940	124
1941	155
1942	114
1943	146
1944	152
1945	169
1946	69
1947	99
1948	149
1949	170
1950	157
1951	181
1952	139
1953	109
1954	178
1955	122
1956	114
1957	140
1958	52
1959	150
1960	111
1961	120
1962	114
1963	132
1964	180
1965	84
1966	216
1967	154
1968	216
1969	143
1970	268
1971	197
1972	276
1973	179
1974	201
1975	136
1976	132
1977	199
1978	109
1979	147
1980	117
1981	171
1982	126
1983	143
1984	147
1985	154
1986	191
1987	152
1988	265
1989	354
1990	216
1991	213
1992	140
1993	91
1994	199
1995	183
1996	158
1997	205
1998	81
1999	68
2000	113
2001	155
2002	146
2003	142
2004	181
2005	193
2006	256
2007	166
2008	159
2009	157
2010	169
2011	90
2012	201
2013	164
2014	288
2015	157
2016	169
2017	131
2018	291
2019	211
2020	120
2021	184
2022	213
2023	187
2024	164
2025	199
2026	462
2027	252
2028	159
2029	151
2030	197
2031	153
2032	132
2033	285
2034	156
2035	119
2036	121
2037	102
2038	189
2039	127
2040	178
2041	207
2042	119
2043	135
2044	107
2045	140
2046	180
2047	244
