Instrument: Andor
X Size: 2048
Y Size: 64
Total Flux: 0.000
Total Counts: 693316
Background: 335.500000
Curvature: 0.0
Clipped to ROI: No
ROI: 1309 526 2539 1627
X	Counts
0	147
1	34
2	11
3	49
4	38
5	9
6	19
7	20
8	106
9	567
10	414
11	213
12	375
13	179
14	284
15	298
16	79
17	251
18	483
19	310
20	364
21	290
22	422
23	418
24	551
25	563
26	743
27	362
28	794
29	628
30	906
31	563
32	719
33	409
34	921
35	1494
36	1216
37	1209
38	1238
39	1199
40	1331
41	1790
42	1456
43	1183
44	1443
45	1690
46	1215
47	1361
48	1582
49	1283
50	1868
51	2113
52	1772
53	1407
54	1626
55	1524
56	1433
57	1717
58	2465
59	2282
60	2501
61	2795
62	3395
63	3030
64	3111
65	3118
66	2786
67	3914
68	4376
69	4006
70	4337
71	4163
72	5433
73	5182
74	4528
75	4611
76	4304
77	3962
78	3848
79	3350
80	4024
81	3798
82	3313
83	3299
84	3354
85	2905
86	2398
87	2705
88	1900
89	1782
90	1936
91	1972
92	1421
93	1041
94	1452
95	1585
96	1504
97	924
98	880
99	1152
100	797
101	804
102	757
103	448
104	565
105	419
106	351
107	543
108	448
109	405
110	544
111	427
112	242
113	359
114	530
115	383
116	138
117	269
118	693
119	776
120	589
121	194
122	165
123	301
124	315
125	196
126	402
127	404
128	251
129	137
130	238
131	361
132	212
133	96
134	67
135	143
136	275
137	163
138	112
139	129
140	77
141	84
142	78
143	213
144	217
145	45
146	224
147	155
148	142
149	222
150	181
151	140
152	84
153	93
154	57
155	134
156	269
157	120
158	124
159	147
160	87
161	94
162	36
163	163
164	38
165	78
166	49
167	72
168	78
169	93
170	228
171	47
172	48
173	55
174	42
175	67
176	40
177	76
178	26
179	50
180	40
181	113
182	40
183	48
184	58
185	85
186	61
187	56
188	56
189	94
190	57
191	58
192	77
193	70
194	139
195	64
196	125
197	37
198	89
199	68
200	26
201	67
202	151
203	67
204	74
205	61
206	47
207	128
208	101
209	71
210	118
211	42
212	51
213	43
214	45
215	33
216	61
217	102
218	76
219	50
220	51
221	50
222	69
223	40
224	102
225	91
226	79
227	53
228	75
229	40
230	55
231	29
232	99
233	141
234	92
235	87
236	60
237	27
238	81
239	29
240	73
241	84
242	94
243	33
244	50
245	26
246	86
247	97
248	91
249	38
250	11
251	69
252	145
253	68
254	57
255	76
256	89
257	43
258	61
259	46
260	139
261	47
262	78
263	66
264	36
265	45
266	22
267	55
268	107
269	36
270	26
271	45
272	115
273	64
274	51
275	40
276	73
277	41
278	47
279	35
280	42
281	49
282	48
283	57
284	33
285	67
286	49
287	35
288	34
289	45
290	48
291	51
292	20
293	40
294	54
295	57
296	90
297	97
298	204
299	122
300	76
301	82
302	55
303	59
304	94
305	75
306	64
307	54
308	38
309	51
310	54
311	41
312	36
313	26
314	9
315	26
316	21
317	49
318	48
319	50
320	16
321	25
322	66
323	15
324	44
325	54
326	40
327	33
328	41
329	17
330	54
331	59
332	53
333	62
334	80
335	87
336	94
337	95
338	66
339	131
340	57
341	106
342	119
343	83
344	14
345	43
346	33
347	22
348	59
349	36
350	23
351	37
352	27
353	39
354	27
355	16
356	30
357	28
358	65
359	43
360	25
361	37
362	23
363	21
364	29
365	58
366	35
367	15
368	32
369	52
370	22
371	58
372	35
373	11
374	58
375	27
376	47
377	32
378	87
379	64
380	74
381	31
382	61
383	46
384	31
385	42
386	35
387	26
388	35
389	36
390	32
391	67
392	31
393	39
394	63
395	36
396	19
397	98
398	151
399	57
400	109
401	20
402	55
403	153
404	40
405	33
406	18
407	20
408	31
409	20
410	22
411	15
412	10
413	43
414	79
415	75
416	162
417	83
418	45
419	54
420	86
421	71
422	35
423	46
424	39
425	57
426	33
427	28
428	17
429	34
430	30
431	43
432	66
433	68
434	15
435	18
436	22
437	5
438	43
439	19
440	32
441	21
442	21
443	7
444	47
445	24
446	29
447	9
448	22
449	19
450	66
451	20
452	32
453	108
454	33
455	50
456	73
457	31
458	40
459	8
460	50
461	40
462	8
463	34
464	25
465	19
466	26
467	32
468	22
469	57
470	36
471	36
472	19
473	57
474	169
475	137
476	17
477	108
478	9
479	5
480	30
481	6
482	17
483	29
484	19
485	40
486	48
487	14
488	66
489	25
490	10
491	29
492	29
493	35
494	15
495	14
496	11
497	33
498	34
499	41
500	117
501	38
502	68
503	10
504	25
505	16
506	39
507	35
508	23
509	47
510	6
511	20
512	15
513	22
514	18
515	6
516	18
517	41
518	46
519	34
520	14
521	35
522	32
523	29
524	24
525	152
526	98
527	34
528	39
529	22
530	32
531	30
532	30
533	30
534	32
535	19
536	16
537	12
538	25
539	18
540	28
541	70
542	8
543	13
544	25
545	45
546	22
547	22
548	39
549	49
550	55
551	153
552	21
553	42
554	30
555	17
556	23
557	26
558	32
559	17
560	16
561	62
562	13
563	21
564	16
565	47
566	18
567	80
568	19
569	12
570	11
571	29
572	16
573	42
574	29
575	33
576	65
577	28
578	25
579	35
580	19
581	29
582	58
583	87
584	75
585	24
586	90
587	214
588	60
589	63
590	50
591	93
592	114
593	14
594	56
595	45
596	16
597	13
598	29
599	46
600	166
601	195
602	59
603	50
604	122
605	205
606	321
607	112
608	43
609	66
610	29
611	128
612	51
613	80
614	237
615	68
616	48
617	33
618	31
619	34
620	68
621	67
622	26
623	68
624	59
625	17
626	63
627	36
628	35
629	54
630	59
631	47
632	78
633	56
634	22
635	11
636	18
637	58
638	25
639	45
640	21
641	108
642	37
643	13
644	31
645	43
646	57
647	29
648	32
649	45
650	51
651	121
652	54
653	66
654	57
655	74
656	75
657	41
658	19
659	36
660	71
661	46
662	50
663	35
664	20
665	59
666	87
667	61
668	149
669	147
670	85
671	21
672	36
673	39
674	28
675	27
676	16
677	51
678	221
679	111
680	141
681	83
682	57
683	64
684	99
685	69
686	108
687	95
688	20
689	58
690	105
691	213
692	71
693	119
694	84
695	79
696	75
697	51
698	5
699	46
700	64
701	61
702	99
703	54
704	46
705	90
706	15
707	49
708	73
709	122
710	154
711	154
712	134
713	77
714	129
715	85
716	137
717	45
718	50
719	69
720	75
721	134
722	94
723	104
724	72
725	84
726	102
727	27
728	57
729	160
730	74
731	91
732	92
733	71
734	66
735	26
736	43
737	20
738	82
739	34
740	36
741	37
742	64
743	158
744	63
745	54
746	97
747	59
748	59
749	61
750	40
751	94
752	46
753	73
754	84
755	16
756	66
757	133
758	80
759	66
760	165
761	106
762	171
763	76
764	125
765	82
766	100
767	68
768	56
769	59
770	52
771	78
772	72
773	96
774	61
775	112
776	72
777	56
778	66
779	42
780	74
781	43
782	28
783	63
784	50
785	57
786	39
787	35
788	66
789	154
790	119
791	106
792	82
793	55
794	80
795	70
796	123
797	110
798	165
799	162
800	52
801	54
802	48
803	99
804	132
805	102
806	57
807	63
808	76
809	79
810	46
811	97
812	152
813	98
814	66
815	57
816	69
817	39
818	61
819	82
820	143
821	110
822	37
823	53
824	164
825	467
826	410
827	174
828	116
829	107
830	83
831	81
832	41
833	69
834	96
835	68
836	47
837	151
838	161
839	66
840	147
841	59
842	38
843	59
844	94
845	126
846	90
847	75
848	57
849	50
850	108
851	104
852	253
853	96
854	91
855	120
856	94
857	73
858	48
859	38
860	42
861	46
862	86
863	147
864	96
865	41
866	82
867	120
868	84
869	82
870	239
871	129
872	52
873	111
874	98
875	55
876	88
877	47
878	86
879	70
880	60
881	79
882	54
883	25
884	48
885	47
886	63
887	103
888	105
889	116
890	79
891	58
892	30
893	44
894	93
895	128
896	185
897	68
898	48
899	74
900	43
901	68
902	82
903	45
904	98
905	120
906	103
907	111
908	125
909	93
910	124
911	86
912	84
913	100
914	82
915	80
916	119
917	121
918	105
919	151
920	79
921	61
922	84
923	138
924	81
925	51
926	84
927	98
928	88
929	90
930	46
931	134
932	95
933	108
934	59
935	58
936	110
937	151
938	58
939	76
940	96
941	63
942	124
943	88
944	120
945	92
946	189
947	96
948	127
949	119
950	96
951	88
952	204
953	107
954	90
955	122
956	87
957	152
958	149
959	96
960	93
961	113
962	43
963	126
964	122
965	117
966	123
967	109
968	59
969	88
970	192
971	110
972	49
973	77
974	74
975	98
976	89
977	58
978	97
979	81
980	96
981	133
982	110
983	117
984	141
985	119
986	129
987	167
988	161
989	89
990	143
991	132
992	135
993	123
994	185
995	148
996	138
997	179
998	150
999	48
1000	194
1001	52
1002	118
1003	149
1004	111
1005	140
1006	164
1007	279
1008	151
1009	194
1010	202
1011	216
1012	128
1013	102
1014	205
1015	143
1016	145
1017	217
1018	429
1019	150
1020	224
1021	97
1022	116
1023	141
1024	233
1025	244
1026	189
1027	96
1028	135
1029	166
1030	183
1031	299
1032	202
1033	146
1034	281
1035	442
1036	258
1037	217
1038	280
1039	366
1040	520
1041	203
1042	186
1043	546
1044	856
1045	451
1046	412
1047	456
1048	523
1049	826
1050	768
1051	1060
1052	651
1053	774
1054	1359
1055	1665
1056	1655
1057	2245
1058	1604
1059	1306
1060	1082
1061	1725
1062	2706
1063	2468
1064	1528
1065	1193
1066	942
1067	989
1068	858
1069	941
1070	413
1071	727
1072	690
1073	515
1074	672
1075	803
1076	731
1077	509
1078	524
1079	244
1080	563
1081	670
1082	499
1083	216
1084	275
1085	518
1086	261
1087	450
1088	614
1089	340
1090	248
1091	185
1092	86
1093	193
1094	95
1095	209
1096	305
1097	329
1098	135
1099	335
1100	217
1101	448
1102	301
1103	276
1104	131
1105	173
1106	86
1107	213
1108	196
1109	251
1110	464
1111	130
1112	102
1113	62
1114	133
1115	182
1116	163
1117	136
1118	74
1119	98
1120	49
1121	110
1122	70
1123	141
1124	30
1125	74
1126	102
1127	79
1128	69
1129	105
1130	97
1131	82
1132	78
1133	154
1134	97
1135	95
1136	223
1137	153
1138	121
1139	195
1140	53
1141	127
1142	95
1143	178
1144	128
1145	109
1146	83
1147	159
1148	95
1149	76
1150	111
1151	207
1152	289
1153	60
1154	113
1155	90
1156	69
1157	81
1158	103
1159	72
1160	107
1161	173
1162	114
1163	72
1164	288
1165	415
1166	192
1167	310
1168	168
1169	106
1170	82
1171	251
1172	278
1173	135
1174	215
1175	97
1176	99
1177	133
1178	39
1179	54
1180	47
1181	90
1182	102
1183	88
1184	92
1185	64
1186	144
1187	168
1188	210
1189	287
1190	141
1191	134
1192	199
1193	292
1194	415
1195	284
1196	724
1197	708
1198	250
1199	350
1200	545
1201	399
1202	641
1203	472
1204	390
1205	531
1206	332
1207	239
1208	482
1209	318
1210	569
1211	930
1212	405
1213	430
1214	261
1215	214
1216	161
1217	64
1218	290
1219	148
1220	196
1221	166
1222	65
1223	112
1224	244
1225	342
1226	181
1227	179
1228	90
1229	65
1230	59
1231	79
1232	67
1233	45
1234	65
1235	55
1236	121
1237	113
1238	126
1239	51
1240	46
1241	26
1242	99
1243	63
1244	109
1245	175
1246	131
1247	144
1248	107
1249	114
1250	221
1251	102
1252	109
1253	168
1254	169
1255	53
1256	64
1257	90
1258	44
1259	97
1260	101
1261	238
1262	150
1263	145
1264	85
1265	93
1266	33
1267	88
1268	107
1269	103
1270	150
1271	212
1272	122
1273	130
1274	78
1275	109
1276	171
1277	126
1278	161
1279	129
1280	71
1281	47
1282	53
1283	96
1284	36
1285	155
1286	166
1287	112
1288	147
1289	84
1290	162
1291	101
1292	111
1293	63
1294	72
1295	137
1296	192
1297	167
1298	87
1299	10
1300	119
1301	216
1302	205
1303	147
1304	94
1305	111
1306	119
1307	194
1308	111
1309	63
1310	82
1311	241
1312	141
1313	32
1314	35
1315	79
1316	201
1317	106
1318	61
1319	43
1320	54
1321	64
1322	94
1323	142
1324	179
1325	68
1326	96
1327	68
1328	58
1329	88
1330	139
1331	57
1332	53
1333	46
1334	42
1335	80
1336	63
1337	45
1338	58
1339	97
1340	95
1341	157
1342	115
1343	97
1344	76
1345	97
1346	47
1347	65
1348	170
1349	26
1350	50
1351	79
1352	16
1353	159
1354	172
1355	119
1356	67
1357	78
1358	93
1359	42
1360	61
1361	43
1362	115
1363	91
1364	111
1365	67
1366	39
1367	110
1368	101
1369	255
1370	52
1371	126
1372	140
1373	127
1374	44
1375	60
1376	58
1377	84
1378	186
1379	53
1380	44
1381	92
1382	39
1383	87
1384	159
1385	142
1386	107
1387	127
1388	105
1389	19
1390	67
1391	68
1392	103
1393	47
1394	111
1395	86
1396	145
1397	93
1398	105
1399	154
1400	82
1401	78
1402	73
1403	48
1404	73
1405	65
1406	93
1407	177
1408	160
1409	201
1410	133
1411	164
1412	137
1413	43
1414	38
1415	45
1416	98
1417	188
1418	99
1419	370
1420	181
1421	128
1422	116
1423	57
1424	35
1425	23
1426	44
1427	46
1428	38
1429	62
1430	25
1431	60
1432	29
1433	44
1434	48
1435	58
1436	56
1437	57
1438	75
1439	40
1440	46
1441	43
1442	59
1443	116
1444	83
1445	76
1446	103
1447	86
1448	105
1449	215
1450	159
1451	215
1452	162
1453	166
1454	216
1455	74
1456	140
1457	66
1458	48
1459	31
1460	45
1461	153
1462	209
1463	40
1464	121
1465	266
1466	296
1467	514
1468	204
1469	127
1470	130
1471	75
1472	49
1473	32
1474	96
1475	31
1476	32
1477	71
1478	29
1479	92
1480	52
1481	129
1482	489
1483	109
1484	39
1485	43
1486	350
1487	172
1488	60
1489	37
1490	36
1491	250
1492	354
1493	351
1494	572
1495	104
1496	27
1497	427
1498	514
1499	578
1500	605
1501	367
1502	563
1503	221
1504	327
1505	701
1506	668
1507	847
1508	885
1509	560
1510	728
1511	992
1512	301
1513	717
1514	633
1515	634
1516	1305
1517	1168
1518	1571
1519	1821
1520	1551
1521	1295
1522	1368
1523	1321
1524	1506
1525	1849
1526	1744
1527	1136
1528	2410
1529	2468
1530	2085
1531	2412
1532	2835
1533	3665
1534	4797
1535	5030
1536	5213
1537	6604
1538	9052
1539	9327
1540	8887
1541	11099
1542	14294
1543	14715
1544	14964
1545	15490
1546	12369
1547	11059
1548	8369
1549	7471
1550	6254
1551	3996
1552	3469
1553	3112
1554	3695
1555	2696
1556	2010
1557	2444
1558	2845
1559	2370
1560	1370
1561	1818
1562	1970
1563	1500
1564	1538
1565	1839
1566	1543
1567	2065
1568	3231
1569	3150
1570	2810
1571	2624
1572	2005
1573	1658
1574	1725
1575	2294
1576	2681
1577	2916
1578	1734
1579	817
1580	559
1581	535
1582	310
1583	55
1584	58
1585	73
1586	59
1587	121
1588	180
1589	92
1590	153
1591	74
1592	86
1593	51
1594	95
1595	68
1596	48
1597	65
1598	77
1599	73
1600	18
1601	99
1602	82
1603	67
1604	100
1605	58
1606	110
1607	64
1608	94
1609	41
1610	101
1611	176
1612	193
1613	98
1614	60
1615	54
1616	89
1617	52
1618	85
1619	29
1620	21
1621	32
1622	58
1623	35
1624	73
1625	123
1626	91
1627	142
1628	75
1629	101
1630	109
1631	94
1632	137
1633	89
1634	98
1635	84
1636	68
1637	95
1638	88
1639	66
1640	142
1641	81
1642	90
1643	135
1644	126
1645	104
1646	82
1647	86
1648	143
1649	343
1650	135
1651	48
1652	46
1653	114
1654	78
1655	73
1656	121
1657	116
1658	100
1659	22
1660	116
1661	76
1662	46
1663	126
1664	80
1665	107
1666	116
1667	118
1668	97
1669	67
1670	89
1671	127
1672	84
1673	67
1674	77
1675	33
1676	73
1677	78
1678	102
1679	211
1680	242
1681	189
1682	76
1683	102
1684	145
1685	149
1686	295
1687	1182
1688	879
1689	1172
1690	974
1691	486
1692	125
1693	114
1694	103
1695	68
1696	42
1697	87
1698	151
1699	83
1700	64
1701	83
1702	139
1703	62
1704	87
1705	103
1706	95
1707	91
1708	133
1709	41
1710	76
1711	129
1712	64
1713	171
1714	128
1715	100
1716	93
1717	132
1718	211
1719	142
1720	72
1721	101
1722	53
1723	74
1724	53
1725	68
1726	93
1727	117
1728	119
1729	89
1730	65
1731	58
1732	24
1733	135
1734	128
1735	66
1736	44
1737	67
1738	80
1739	62
1740	106
1741	117
1742	104
1743	131
1744	120
1745	98
1746	94
1747	101
1748	104
1749	68
1750	118
1751	153
1752	116
1753	92
1754	110
1755	55
1756	34
1757	108
1758	95
1759	104
1760	104
1761	72
1762	118
1763	74
1764	22
1765	76
1766	80
1767	82
1768	129
1769	75
1770	76
1771	73
1772	117
1773	86
1774	44
1775	50
1776	77
1777	83
1778	48
1779	94
1780	154
1781	60
1782	54
1783	109
1784	114
1785	107
1786	88
1787	156
1788	99
1789	107
1790	57
1791	162
1792	90
1793	64
1794	107
1795	87
1796	58
1797	77
1798	96
1799	67
1800	89
1801	79
1802	11
1803	118
1804	44
1805	61
1806	52
1807	80
1808	112
1809	85
1810	67
1811	74
1812	86
1813	77
1814	158
1815	144
1816	128
1817	70
1818	53
1819	126
1820	98
1821	99
1822	138
1823	122
1824	109
1825	103
1826	105
1827	97
1828	86
1829	50
1830	128
1831	70
1832	91
1833	148
1834	113
1835	77
1836	147
1837	145
1838	126
1839	78
1840	117
1841	96
1842	129
1843	94
1844	90
1845	135
1846	127
1847	125
1848	98
1849	85
1850	104
1851	53
1852	66
1853	158
1854	145
1855	150
1856	151
1857	133
1858	156
1859	190
1860	178
1861	169
1862	201
1863	166
1864	97
1865	149
1866	95
1867	177
1868	112
1869	212
1870	174
1871	108
1872	106
1873	156
1874	163
1875	77
1876	157
1877	132
1878	93
1879	87
1880	133
1881	122
1882	105
1883	146
1884	146
1885	112
1886	129
1887	104
1888	115
1889	120
1890	193
1891	217
1892	134
1893	92
1894	77
1895	211
1896	130
1897	157
1898	156
1899	168
1900	147
1901	105
1902	114
1903	170
1904	229
1905	182
1906	220
1907	136
1908	107
1909	166
1910	74
1911	167
1912	142
1913	193
1914	153
1915	112
1916	101
1917	129
1918	74
1919	163
1920	135
1921	152
1922	92
1923	111
1924	100
1925	124
1926	108
1927	165
1928	138
1929	204
1930	147
1931	158
1932	143
1933	137
1934	189
1935	165
1936	270
1937	347
1938	266
1939	134
1940	197
1941	197
1942	153
1943	128
1944	160
1945	210
1946	173
1947	150
1948	120
1949	143
1950	145
1951	218
1952	131
1953	163
1954	189
1955	107
1956	143
1957	124
1958	198
1959	149
1960	179
1961	124
1962	82
1963	174
1964	161
1965	224
1966	260
1967	186
1968	232
1969	161
1970	181
1971	197
1972	211
1973	177
1974	193
1975	286
1976	213
1977	291
1978	200
1979	217
1980	194
1981	164
1982	136
1983	221
1984	166
1985	181
1986	142
1987	135
1988	177
1989	162
1990	115
1991	264
1992	142
1993	138
1994	188
1995	156
1996	152
1997	133
1998	169
1999	118
2000	174
2001	97
2002	180
2003	165
2004	203
2005	289
2006	324
2007	177
2008	199
2009	229
2010	146
2011	154
2012	197
2013	255
2014	242
2015	210
2016	184
2017	147
2018	209
2019	126
2020	149
2021	156
2022	241
2023	178
2024	132
2025	192
2026	156
2027	212
2028	136
2029	113
2030	159
2031	179
2032	138
2033	146
2034	125
2035	102
2036	150
2037	94
2038	100
2039	124
2040	122
2041	115
2042	64
2043	115
2044	106
2045	129
2046	130
2047	186
