Instrument: Andor
X Size: 2048
Y Size: 64
Total Flux: 0.000
Total Counts: 421237
Background: 343.000000
Curvature: 0.0
Clipped to ROI: No
ROI: 1309 526 2539 1627
X	Counts
0	108
1	119
2	140
3	118
4	77
5	29
6	86
7	20
8	169
9	153
10	103
11	308
12	143
13	210
14	368
15	706
16	358
17	228
18	600
19	630
20	497
21	291
22	529
23	306
24	412
25	308
26	434
27	507
28	851
29	643
30	551
31	742
32	469
33	305
34	479
35	672
36	916
37	1068
38	1016
39	1073
40	1556
41	1109
42	769
43	872
44	1106
45	939
46	1683
47	1456
48	572
49	637
50	955
51	764
52	746
53	999
54	1424
55	1630
56	1436
57	1431
58	1861
59	1487
60	1402
61	1235
62	1678
63	2285
64	2269
65	2219
66	2067
67	2504
68	3312
69	3123
70	3361
71	4427
72	4354
73	4931
74	5386
75	4520
76	4896
77	4510
78	4601
79	5383
80	4677
81	4460
82	5049
83	3769
84	2618
85	2926
86	3682
87	3335
88	2960
89	2465
90	2390
91	2528
92	2317
93	2205
94	1941
95	1988
96	1586
97	1018
98	1344
99	1398
100	1598
101	931
102	575
103	221
104	781
105	978
106	1080
107	788
108	595
109	712
110	784
111	720
112	975
113	1061
114	852
115	1114
116	1225
117	894
118	996
119	595
120	579
121	825
122	392
123	580
124	1028
125	845
126	658
127	419
128	330
129	387
130	183
131	249
132	448
133	398
134	377
135	399
136	225
137	208
138	126
139	116
140	74
141	99
142	132
143	104
144	50
145	143
146	115
147	81
148	75
149	95
150	130
151	50
152	141
153	284
154	61
155	58
156	68
157	161
158	168
159	106
160	95
161	41
162	27
163	319
164	79
165	72
166	39
167	130
168	59
169	100
170	73
171	78
172	100
173	111
174	76
175	73
176	87
177	41
178	52
179	88
180	48
181	82
182	48
183	91
184	111
185	119
186	85
187	107
188	137
189	111
190	93
191	89
192	66
193	75
194	51
195	25
196	100
197	38
198	30
199	59
200	79
201	48
202	114
203	40
204	72
205	64
206	64
207	111
208	41
209	98
210	83
211	66
212	39
213	116
214	88
215	44
216	71
217	66
218	76
219	45
220	80
221	110
222	77
223	82
224	141
225	79
226	75
227	65
228	91
229	85
230	58
231	110
232	153
233	82
234	65
235	72
236	37
237	78
238	144
239	67
240	56
241	41
242	41
243	48
244	48
245	13
246	72
247	41
248	76
249	132
250	18
251	24
252	82
253	85
254	45
255	27
256	53
257	28
258	48
259	41
260	21
261	63
262	40
263	84
264	63
265	47
266	125
267	54
268	95
269	28
270	47
271	68
272	33
273	22
274	19
275	51
276	45
277	64
278	63
279	60
280	76
281	25
282	108
283	96
284	155
285	97
286	23
287	67
288	23
289	57
290	55
291	31
292	109
293	46
294	52
295	56
296	75
297	171
298	84
299	40
300	55
301	94
302	71
303	52
304	91
305	35
306	41
307	37
308	43
309	78
310	55
311	31
312	48
313	56
314	57
315	59
316	60
317	33
318	54
319	61
320	72
321	62
322	40
323	46
324	68
325	44
326	68
327	58
328	56
329	33
330	60
331	52
332	31
333	55
334	30
335	18
336	88
337	55
338	71
339	104
340	111
341	122
342	83
343	51
344	75
345	118
346	71
347	90
348	51
349	45
350	53
351	58
352	51
353	35
354	26
355	32
356	80
357	98
358	48
359	52
360	74
361	50
362	46
363	87
364	19
365	52
366	26
367	35
368	47
369	17
370	48
371	29
372	37
373	46
374	53
375	56
376	38
377	54
378	67
379	58
380	66
381	37
382	33
383	131
384	73
385	63
386	56
387	102
388	85
389	60
390	12
391	81
392	34
393	43
394	46
395	69
396	99
397	42
398	38
399	38
400	80
401	19
402	24
403	45
404	29
405	53
406	22
407	46
408	15
409	40
410	56
411	48
412	27
413	28
414	24
415	85
416	93
417	48
418	43
419	61
420	17
421	44
422	97
423	46
424	66
425	23
426	32
427	127
428	44
429	71
430	25
431	48
432	49
433	5
434	30
435	20
436	6
437	21
438	38
439	27
440	16
441	36
442	35
443	33
444	32
445	53
446	54
447	34
448	7
449	24
450	40
451	59
452	62
453	67
454	54
455	43
456	59
457	13
458	8
459	36
460	103
461	42
462	11
463	16
464	18
465	30
466	32
467	13
468	23
469	83
470	12
471	12
472	36
473	27
474	9
475	25
476	26
477	95
478	36
479	75
480	20
481	9
482	61
483	13
484	22
485	27
486	74
487	22
488	61
489	59
490	58
491	207
492	99
493	104
494	40
495	38
496	36
497	99
498	67
499	142
500	161
501	23
502	62
503	17
504	25
505	16
506	182
507	75
508	67
509	29
510	25
511	23
512	9
513	30
514	38
515	32
516	29
517	53
518	25
519	42
520	33
521	27
522	34
523	10
524	17
525	44
526	36
527	16
528	31
529	52
530	19
531	28
532	41
533	43
534	50
535	67
536	29
537	38
538	16
539	16
540	56
541	109
542	58
543	24
544	18
545	58
546	5
547	37
548	33
549	35
550	35
551	46
552	10
553	30
554	22
555	26
556	25
557	14
558	26
559	38
560	34
561	66
562	40
563	79
564	89
565	51
566	54
567	59
568	23
569	30
570	23
571	32
572	33
573	46
574	62
575	24
576	35
577	44
578	13
579	27
580	39
581	37
582	57
583	66
584	68
585	17
586	20
587	28
588	23
589	21
590	39
591	50
592	10
593	25
594	21
595	40
596	46
597	60
598	46
599	71
600	35
601	103
602	87
603	48
604	75
605	57
606	129
607	76
608	65
609	49
610	31
611	58
612	51
613	44
614	130
615	37
616	41
617	75
618	25
619	51
620	51
621	55
622	65
623	32
624	28
625	47
626	19
627	28
628	45
629	101
630	43
631	34
632	42
633	33
634	22
635	75
636	54
637	56
638	45
639	48
640	30
641	29
642	64
643	37
644	44
645	91
646	115
647	44
648	115
649	80
650	39
651	62
652	60
653	82
654	20
655	36
656	71
657	77
658	28
659	38
660	57
661	75
662	31
663	52
664	51
665	47
666	30
667	57
668	72
669	32
670	51
671	30
672	54
673	36
674	47
675	58
676	27
677	74
678	145
679	18
680	62
681	50
682	92
683	87
684	154
685	137
686	45
687	108
688	37
689	37
690	137
691	166
692	67
693	137
694	67
695	67
696	84
697	135
698	160
699	98
700	307
701	407
702	197
703	317
704	237
705	103
706	64
707	109
708	64
709	35
710	81
711	29
712	63
713	116
714	105
715	148
716	172
717	133
718	63
719	94
720	139
721	116
722	86
723	129
724	99
725	100
726	53
727	53
728	86
729	81
730	93
731	84
732	46
733	47
734	75
735	67
736	114
737	91
738	46
739	33
740	25
741	65
742	66
743	67
744	58
745	86
746	132
747	84
748	56
749	118
750	105
751	119
752	46
753	33
754	85
755	57
756	18
757	70
758	107
759	70
760	159
761	93
762	76
763	58
764	118
765	194
766	64
767	115
768	68
769	99
770	101
771	100
772	83
773	109
774	104
775	117
776	101
777	63
778	101
779	65
780	78
781	101
782	118
783	59
784	117
785	53
786	44
787	46
788	62
789	98
790	137
791	58
792	144
793	68
794	107
795	36
796	117
797	77
798	130
799	125
800	113
801	109
802	133
803	56
804	182
805	117
806	62
807	45
808	64
809	131
810	53
811	111
812	89
813	59
814	54
815	104
816	66
817	123
818	89
819	103
820	63
821	100
822	88
823	104
824	36
825	75
826	90
827	82
828	199
829	86
830	166
831	55
832	108
833	105
834	82
835	53
836	82
837	142
838	110
839	142
840	82
841	72
842	80
843	77
844	102
845	69
846	92
847	88
848	94
849	59
850	71
851	79
852	140
853	119
854	96
855	77
856	69
857	35
858	117
859	90
860	62
861	75
862	67
863	48
864	111
865	52
866	80
867	123
868	65
869	67
870	89
871	125
872	119
873	118
874	75
875	98
876	137
877	77
878	145
879	57
880	133
881	105
882	58
883	69
884	59
885	121
886	122
887	160
888	141
889	70
890	72
891	55
892	59
893	62
894	91
895	119
896	104
897	96
898	78
899	60
900	75
901	73
902	105
903	38
904	93
905	213
906	230
907	168
908	124
909	124
910	114
911	64
912	148
913	98
914	219
915	130
916	70
917	176
918	74
919	227
920	166
921	74
922	117
923	86
924	76
925	60
926	75
927	190
928	83
929	118
930	82
931	98
932	132
933	102
934	131
935	88
936	138
937	101
938	128
939	90
940	207
941	409
942	552
943	338
944	518
945	302
946	328
947	207
948	143
949	162
950	78
951	89
952	120
953	149
954	114
955	112
956	70
957	87
958	153
959	88
960	177
961	225
962	148
963	82
964	133
965	62
966	95
967	61
968	98
969	54
970	164
971	222
972	96
973	137
974	64
975	46
976	90
977	100
978	128
979	93
980	125
981	140
982	104
983	142
984	105
985	126
986	110
987	78
988	137
989	111
990	88
991	174
992	122
993	115
994	165
995	125
996	93
997	201
998	143
999	113
1000	249
1001	137
1002	142
1003	147
1004	96
1005	101
1006	129
1007	109
1008	47
1009	97
1010	177
1011	150
1012	87
1013	71
1014	151
1015	161
1016	137
1017	196
1018	120
1019	93
1020	98
1021	87
1022	115
1023	98
1024	202
1025	176
1026	119
1027	204
1028	105
1029	89
1030	222
1031	140
1032	125
1033	90
1034	172
1035	72
1036	181
1037	229
1038	236
1039	108
1040	213
1041	144
1042	176
1043	205
1044	127
1045	194
1046	149
1047	290
1048	178
1049	152
1050	291
1051	241
1052	140
1053	181
1054	129
1055	225
1056	591
1057	570
1058	642
1059	610
1060	694
1061	672
1062	675
1063	362
1064	410
1065	657
1066	351
1067	229
1068	205
1069	306
1070	524
1071	315
1072	254
1073	192
1074	121
1075	132
1076	137
1077	143
1078	201
1079	117
1080	139
1081	106
1082	146
1083	193
1084	310
1085	518
1086	219
1087	233
1088	99
1089	124
1090	153
1091	115
1092	126
1093	183
1094	158
1095	189
1096	318
1097	361
1098	154
1099	238
1100	126
1101	147
1102	99
1103	136
1104	146
1105	193
1106	109
1107	143
1108	189
1109	168
1110	116
1111	103
1112	147
1113	233
1114	81
1115	43
1116	70
1117	109
1118	162
1119	118
1120	140
1121	129
1122	120
1123	91
1124	185
1125	388
1126	264
1127	175
1128	79
1129	83
1130	71
1131	101
1132	110
1133	176
1134	132
1135	118
1136	151
1137	111
1138	105
1139	147
1140	118
1141	151
1142	222
1143	166
1144	160
1145	87
1146	105
1147	165
1148	79
1149	113
1150	78
1151	176
1152	189
1153	123
1154	152
1155	139
1156	101
1157	144
1158	192
1159	85
1160	68
1161	81
1162	125
1163	96
1164	171
1165	88
1166	87
1167	82
1168	62
1169	147
1170	182
1171	245
1172	436
1173	407
1174	407
1175	273
1176	158
1177	201
1178	114
1179	66
1180	168
1181	455
1182	196
1183	122
1184	114
1185	93
1186	105
1187	146
1188	186
1189	110
1190	154
1191	196
1192	435
1193	192
1194	267
1195	266
1196	287
1197	274
1198	295
1199	178
1200	309
1201	542
1202	480
1203	425
1204	462
1205	463
1206	419
1207	302
1208	467
1209	468
1210	535
1211	357
1212	509
1213	523
1214	743
1215	462
1216	348
1217	370
1218	382
1219	803
1220	521
1221	345
1222	334
1223	293
1224	213
1225	326
1226	186
1227	91
1228	87
1229	51
1230	120
1231	96
1232	138
1233	226
1234	111
1235	78
1236	44
1237	108
1238	43
1239	109
1240	91
1241	111
1242	94
1243	57
1244	56
1245	94
1246	128
1247	111
1248	96
1249	51
1250	127
1251	106
1252	141
1253	325
1254	199
1255	119
1256	198
1257	98
1258	88
1259	115
1260	206
1261	297
1262	344
1263	148
1264	59
1265	140
1266	441
1267	173
1268	84
1269	59
1270	125
1271	42
1272	110
1273	84
1274	71
1275	63
1276	134
1277	221
1278	120
1279	151
1280	104
1281	112
1282	119
1283	112
1284	218
1285	580
1286	223
1287	206
1288	177
1289	108
1290	144
1291	124
1292	172
1293	157
1294	134
1295	166
1296	144
1297	92
1298	99
1299	149
1300	183
1301	97
1302	73
1303	94
1304	105
1305	53
1306	93
1307	101
1308	71
1309	114
1310	102
1311	107
1312	55
1313	68
1314	98
1315	66
1316	80
1317	80
1318	39
1319	91
1320	83
1321	112
1322	117
1323	67
1324	118
1325	111
1326	109
1327	99
1328	77
1329	84
1330	105
1331	56
1332	165
1333	53
1334	49
1335	62
1336	96
1337	92
1338	66
1339	81
1340	76
1341	64
1342	56
1343	66
1344	107
1345	64
1346	83
1347	87
1348	60
1349	43
1350	95
1351	92
1352	61
1353	108
1354	89
1355	57
1356	60
1357	48
1358	87
1359	74
1360	59
1361	100
1362	66
1363	171
1364	56
1365	53
1366	85
1367	114
1368	49
1369	123
1370	43
1371	34
1372	97
1373	106
1374	124
1375	85
1376	67
1377	37
1378	82
1379	85
1380	26
1381	73
1382	71
1383	53
1384	99
1385	41
1386	63
1387	59
1388	67
1389	55
1390	55
1391	91
1392	68
1393	88
1394	46
1395	26
1396	74
1397	63
1398	58
1399	73
1400	85
1401	56
1402	105
1403	36
1404	31
1405	79
1406	51
1407	99
1408	110
1409	90
1410	83
1411	81
1412	32
1413	24
1414	65
1415	73
1416	154
1417	230
1418	101
1419	247
1420	46
1421	71
1422	85
1423	94
1424	66
1425	45
1426	63
1427	47
1428	31
1429	54
1430	85
1431	29
1432	28
1433	35
1434	13
1435	39
1436	27
1437	52
1438	75
1439	26
1440	51
1441	76
1442	22
1443	55
1444	41
1445	58
1446	145
1447	52
1448	32
1449	33
1450	87
1451	48
1452	44
1453	44
1454	87
1455	12
1456	100
1457	30
1458	60
1459	81
1460	47
1461	72
1462	184
1463	38
1464	55
1465	34
1466	57
1467	56
1468	69
1469	53
1470	32
1471	51
1472	93
1473	86
1474	35
1475	61
1476	56
1477	19
1478	67
1479	63
1480	53
1481	71
1482	92
1483	147
1484	521
1485	291
1486	66
1487	118
1488	77
1489	91
1490	76
1491	91
1492	116
1493	74
1494	39
1495	33
1496	35
1497	51
1498	62
1499	95
1500	94
1501	159
1502	279
1503	135
1504	225
1505	302
1506	109
1507	155
1508	107
1509	218
1510	142
1511	190
1512	87
1513	118
1514	70
1515	85
1516	111
1517	145
1518	136
1519	98
1520	82
1521	262
1522	525
1523	906
1524	541
1525	486
1526	1235
1527	656
1528	395
1529	1463
1530	2816
1531	3451
1532	3919
1533	3490
1534	2069
1535	981
1536	490
1537	130
1538	93
1539	134
1540	185
1541	55
1542	48
1543	67
1544	39
1545	85
1546	119
1547	42
1548	58
1549	82
1550	123
1551	238
1552	107
1553	81
1554	74
1555	64
1556	130
1557	159
1558	68
1559	34
1560	43
1561	65
1562	95
1563	88
1564	163
1565	120
1566	77
1567	93
1568	80
1569	54
1570	98
1571	19
1572	78
1573	36
1574	56
1575	24
1576	96
1577	78
1578	79
1579	59
1580	44
1581	29
1582	69
1583	72
1584	77
1585	93
1586	201
1587	277
1588	123
1589	47
1590	80
1591	87
1592	90
1593	33
1594	68
1595	89
1596	90
1597	69
1598	97
1599	153
1600	68
1601	68
1602	94
1603	45
1604	73
1605	64
1606	59
1607	60
1608	99
1609	61
1610	90
1611	44
1612	152
1613	68
1614	185
1615	56
1616	79
1617	42
1618	95
1619	50
1620	58
1621	37
1622	37
1623	21
1624	43
1625	102
1626	96
1627	102
1628	77
1629	95
1630	106
1631	94
1632	123
1633	116
1634	141
1635	122
1636	93
1637	108
1638	109
1639	69
1640	134
1641	129
1642	127
1643	54
1644	47
1645	74
1646	33
1647	74
1648	101
1649	105
1650	84
1651	124
1652	37
1653	113
1654	97
1655	59
1656	52
1657	108
1658	109
1659	41
1660	131
1661	79
1662	82
1663	97
1664	73
1665	123
1666	67
1667	128
1668	104
1669	62
1670	128
1671	106
1672	49
1673	95
1674	73
1675	72
1676	82
1677	114
1678	94
1679	104
1680	91
1681	94
1682	105
1683	134
1684	84
1685	93
1686	131
1687	85
1688	112
1689	66
1690	144
1691	137
1692	103
1693	105
1694	48
1695	77
1696	48
1697	62
1698	199
1699	79
1700	132
1701	145
1702	126
1703	78
1704	122
1705	90
1706	120
1707	125
1708	116
1709	86
1710	136
1711	203
1712	133
1713	67
1714	141
1715	135
1716	172
1717	125
1718	82
1719	98
1720	71
1721	95
1722	93
1723	110
1724	69
1725	173
1726	117
1727	69
1728	76
1729	84
1730	74
1731	59
1732	49
1733	74
1734	112
1735	67
1736	80
1737	95
1738	110
1739	69
1740	76
1741	140
1742	121
1743	75
1744	142
1745	118
1746	138
1747	149
1748	124
1749	94
1750	80
1751	89
1752	125
1753	89
1754	139
1755	136
1756	104
1757	140
1758	125
1759	102
1760	127
1761	98
1762	98
1763	180
1764	54
1765	85
1766	67
1767	52
1768	93
1769	56
1770	93
1771	110
1772	79
1773	135
1774	49
1775	83
1776	165
1777	118
1778	131
1779	126
1780	182
1781	143
1782	105
1783	84
1784	102
1785	110
1786	82
1787	99
1788	132
1789	87
1790	35
1791	59
1792	63
1793	111
1794	104
1795	154
1796	93
1797	101
1798	106
1799	110
1800	155
1801	123
1802	106
1803	89
1804	58
1805	127
1806	129
1807	41
1808	88
1809	114
1810	195
1811	74
1812	77
1813	110
1814	103
1815	153
1816	80
1817	106
1818	42
1819	105
1820	112
1821	107
1822	145
1823	112
1824	96
1825	80
1826	47
1827	95
1828	101
1829	110
1830	108
1831	77
1832	121
1833	131
1834	102
1835	69
1836	146
1837	109
1838	110
1839	142
1840	144
1841	106
1842	68
1843	131
1844	105
1845	179
1846	171
1847	142
1848	95
1849	48
1850	96
1851	118
1852	163
1853	144
1854	129
1855	135
1856	186
1857	171
1858	141
1859	158
1860	198
1861	149
1862	208
1863	214
1864	136
1865	221
1866	88
1867	134
1868	128
1869	176
1870	135
1871	151
1872	144
1873	110
1874	116
1875	144
1876	115
1877	148
1878	90
1879	151
1880	99
1881	171
1882	48
1883	103
1884	144
1885	133
1886	145
1887	153
1888	133
1889	185
1890	212
1891	115
1892	145
1893	169
1894	158
1895	277
1896	199
1897	109
1898	154
1899	181
1900	234
1901	117
1902	140
1903	236
1904	175
1905	194
1906	186
1907	143
1908	165
1909	225
1910	154
1911	106
1912	105
1913	142
1914	105
1915	176
1916	150
1917	119
1918	138
1919	202
1920	125
1921	149
1922	129
1923	88
1924	204
1925	123
1926	153
1927	137
1928	213
1929	158
1930	198
1931	154
1932	190
1933	154
1934	229
1935	226
1936	183
1937	192
1938	128
1939	167
1940	232
1941	164
1942	155
1943	186
1944	174
1945	146
1946	121
1947	219
1948	156
1949	195
1950	189
1951	283
1952	184
1953	166
1954	210
1955	91
1956	192
1957	173
1958	216
1959	97
1960	225
1961	194
1962	162
1963	148
1964	212
1965	178
1966	179
1967	230
1968	226
1969	218
1970	190
1971	232
1972	187
1973	141
1974	216
1975	182
1976	227
1977	267
1978	152
1979	201
1980	261
1981	271
1982	182
1983	259
1984	179
1985	244
1986	150
1987	148
1988	192
1989	196
1990	127
1991	198
1992	263
1993	151
1994	123
1995	175
1996	204
1997	116
1998	205
1999	158
2000	231
2001	121
2002	172
2003	220
2004	215
2005	397
2006	402
2007	246
2008	301
2009	213
2010	143
2011	207
2012	235
2013	182
2014	207
2015	183
2016	169
2017	240
2018	218
2019	217
2020	205
2021	245
2022	340
2023	229
2024	175
2025	253
2026	183
2027	238
2028	203
2029	210
2030	156
2031	105
2032	96
2033	133
2034	147
2035	106
2036	145
2037	157
2038	103
2039	46
2040	181
2041	115
2042	171
2043	171
2044	111
2045	174
2046	81
2047	259
