Instrument: Andor
X Size: 2048
Y Size: 64
Total Flux: 0.000
Total Counts: 438194
Background: 315.000000
Curvature: 0.0
Clipped to ROI: No
ROI: 1309 526 2539 1627
X	Counts
0	139
1	169
2	147
3	95
4	127
5	102
6	117
7	70
8	107
9	122
10	103
11	128
12	106
13	102
14	96
15	100
16	90
17	103
18	114
19	99
20	133
21	129
22	94
23	133
24	135
25	124
26	118
27	108
28	92
29	167
30	85
31	137
32	111
33	127
34	152
35	120
36	97
37	136
38	132
39	107
40	75
41	92
42	115
43	127
44	128
45	105
46	90
47	92
48	113
49	93
50	95
51	108
52	85
53	99
54	107
55	117
56	112
57	107
58	119
59	90
60	105
61	92
62	87
63	136
64	117
65	100
66	99
67	114
68	141
69	114
70	120
71	131
72	73
73	103
74	114
75	96
76	121
77	140
78	110
79	131
80	99
81	128
82	108
83	143
84	182
85	181
86	132
87	86
88	131
89	110
90	149
91	111
92	102
93	105
94	117
95	107
96	87
97	103
98	114
99	89
100	107
101	90
102	74
103	111
104	150
105	101
106	133
107	109
108	126
109	105
110	85
111	123
112	121
113	140
114	130
115	138
116	152
117	132
118	122
119	98
120	84
121	143
122	102
123	131
124	86
125	94
126	110
127	113
128	96
129	117
130	140
131	100
132	81
133	176
134	98
135	166
136	120
137	148
138	145
139	110
140	85
141	170
142	123
143	111
144	153
145	118
146	116
147	85
148	110
149	97
150	113
151	223
152	171
153	145
154	98
155	119
156	114
157	127
158	115
159	129
160	101
161	146
162	107
163	121
164	132
165	121
166	130
167	156
168	123
169	189
170	137
171	157
172	152
173	105
174	133
175	96
176	79
177	101
178	122
179	83
180	107
181	165
182	147
183	148
184	134
185	159
186	101
187	146
188	118
189	174
190	101
191	131
192	163
193	127
194	109
195	122
196	111
197	104
198	103
199	82
200	114
201	95
202	90
203	64
204	85
205	115
206	128
207	71
208	105
209	97
210	95
211	66
212	92
213	109
214	85
215	127
216	163
217	89
218	161
219	119
220	140
221	109
222	141
223	102
224	116
225	144
226	114
227	98
228	91
229	103
230	135
231	105
232	90
233	105
234	121
235	121
236	91
237	103
238	165
239	75
240	123
241	98
242	148
243	104
244	95
245	114
246	105
247	118
248	144
249	124
250	133
251	116
252	75
253	110
254	112
255	95
256	151
257	84
258	128
259	123
260	79
261	131
262	80
263	137
264	112
265	104
266	157
267	138
268	105
269	141
270	172
271	145
272	119
273	108
274	109
275	123
276	89
277	220
278	144
279	129
280	114
281	84
282	112
283	74
284	119
285	112
286	86
287	90
288	130
289	126
290	100
291	107
292	102
293	133
294	110
295	107
296	96
297	92
298	149
299	134
300	134
301	141
302	104
303	131
304	133
305	69
306	122
307	120
308	106
309	139
310	110
311	141
312	106
313	93
314	109
315	98
316	117
317	89
318	112
319	100
320	130
321	125
322	125
323	124
324	117
325	161
326	118
327	101
328	90
329	98
330	135
331	80
332	90
333	114
334	112
335	103
336	86
337	97
338	134
339	83
340	123
341	105
342	136
343	103
344	150
345	152
346	175
347	129
348	93
349	107
350	118
351	109
352	111
353	110
354	138
355	138
356	75
357	72
358	107
359	90
360	122
361	104
362	137
363	98
364	165
365	100
366	128
367	74
368	104
369	116
370	174
371	198
372	112
373	97
374	96
375	94
376	145
377	151
378	131
379	128
380	119
381	132
382	108
383	97
384	129
385	126
386	172
387	132
388	93
389	111
390	104
391	120
392	82
393	91
394	105
395	79
396	114
397	95
398	144
399	118
400	127
401	140
402	151
403	154
404	118
405	160
406	140
407	159
408	94
409	127
410	111
411	120
412	152
413	93
414	62
415	91
416	176
417	194
418	128
419	165
420	134
421	134
422	90
423	125
424	117
425	109
426	98
427	92
428	101
429	115
430	94
431	93
432	237
433	848
434	342
435	260
436	134
437	124
438	123
439	109
440	98
441	149
442	137
443	112
444	145
445	112
446	100
447	125
448	140
449	83
450	152
451	166
452	188
453	121
454	76
455	80
456	132
457	123
458	126
459	102
460	128
461	80
462	112
463	141
464	94
465	145
466	141
467	214
468	180
469	156
470	225
471	138
472	74
473	143
474	147
475	107
476	106
477	131
478	114
479	117
480	154
481	180
482	168
483	239
484	136
485	169
486	133
487	159
488	91
489	118
490	114
491	129
492	144
493	177
494	118
495	134
496	141
497	135
498	114
499	142
500	131
501	146
502	94
503	108
504	162
505	135
506	105
507	128
508	131
509	120
510	134
511	134
512	126
513	142
514	114
515	96
516	114
517	112
518	103
519	137
520	93
521	106
522	137
523	128
524	169
525	170
526	145
527	113
528	103
529	158
530	104
531	150
532	117
533	126
534	131
535	141
536	142
537	105
538	128
539	194
540	127
541	110
542	165
543	162
544	148
545	228
546	129
547	137
548	132
549	153
550	114
551	98
552	163
553	134
554	257
555	301
556	297
557	209
558	117
559	129
560	210
561	130
562	165
563	146
564	148
565	155
566	169
567	145
568	101
569	153
570	141
571	162
572	208
573	149
574	117
575	144
576	89
577	130
578	176
579	241
580	280
581	208
582	168
583	177
584	184
585	155
586	119
587	228
588	351
589	280
590	239
591	218
592	119
593	234
594	348
595	214
596	128
597	164
598	190
599	323
600	449
601	345
602	243
603	140
604	154
605	144
606	223
607	309
608	313
609	168
610	202
611	204
612	192
613	138
614	201
615	169
616	275
617	198
618	322
619	433
620	209
621	160
622	162
623	234
624	130
625	162
626	111
627	186
628	111
629	158
630	134
631	127
632	215
633	197
634	238
635	230
636	169
637	129
638	91
639	154
640	117
641	153
642	188
643	387
644	129
645	156
646	103
647	123
648	175
649	100
650	89
651	140
652	101
653	103
654	115
655	134
656	234
657	204
658	114
659	85
660	125
661	136
662	92
663	154
664	94
665	93
666	144
667	126
668	144
669	145
670	124
671	131
672	111
673	101
674	121
675	119
676	176
677	157
678	144
679	108
680	173
681	114
682	128
683	139
684	108
685	140
686	154
687	116
688	164
689	105
690	126
691	67
692	97
693	134
694	140
695	156
696	278
697	167
698	104
699	144
700	120
701	91
702	151
703	143
704	141
705	175
706	138
707	155
708	115
709	126
710	159
711	235
712	266
713	136
714	128
715	134
716	153
717	164
718	159
719	154
720	157
721	200
722	144
723	99
724	153
725	162
726	176
727	142
728	109
729	96
730	120
731	151
732	132
733	110
734	176
735	168
736	106
737	103
738	153
739	95
740	111
741	110
742	185
743	119
744	138
745	116
746	123
747	128
748	138
749	140
750	141
751	106
752	129
753	149
754	257
755	176
756	107
757	222
758	195
759	172
760	138
761	157
762	123
763	165
764	119
765	132
766	145
767	142
768	156
769	155
770	166
771	193
772	171
773	188
774	123
775	141
776	130
777	161
778	128
779	144
780	139
781	140
782	110
783	144
784	146
785	98
786	162
787	143
788	157
789	112
790	135
791	158
792	120
793	130
794	154
795	162
796	186
797	110
798	145
799	126
800	197
801	114
802	133
803	142
804	226
805	175
806	166
807	171
808	131
809	170
810	130
811	185
812	104
813	117
814	191
815	125
816	166
817	187
818	141
819	163
820	115
821	159
822	196
823	161
824	118
825	149
826	140
827	126
828	148
829	206
830	145
831	139
832	165
833	137
834	160
835	138
836	169
837	121
838	339
839	362
840	297
841	214
842	215
843	250
844	224
845	134
846	170
847	140
848	130
849	169
850	136
851	152
852	140
853	146
854	178
855	127
856	174
857	230
858	190
859	170
860	114
861	152
862	149
863	148
864	160
865	179
866	155
867	170
868	240
869	290
870	172
871	117
872	164
873	169
874	195
875	132
876	181
877	194
878	162
879	160
880	129
881	102
882	157
883	175
884	182
885	129
886	152
887	176
888	264
889	243
890	182
891	182
892	130
893	146
894	177
895	158
896	110
897	149
898	109
899	150
900	172
901	155
902	151
903	157
904	158
905	254
906	286
907	194
908	190
909	154
910	134
911	133
912	152
913	95
914	171
915	136
916	137
917	124
918	124
919	112
920	169
921	121
922	150
923	135
924	132
925	143
926	149
927	182
928	195
929	203
930	163
931	107
932	124
933	168
934	157
935	179
936	189
937	142
938	120
939	145
940	145
941	200
942	143
943	167
944	208
945	176
946	215
947	210
948	142
949	112
950	99
951	158
952	121
953	189
954	154
955	105
956	192
957	113
958	167
959	167
960	153
961	183
962	163
963	109
964	179
965	184
966	178
967	187
968	158
969	178
970	138
971	161
972	173
973	180
974	140
975	127
976	164
977	187
978	173
979	167
980	152
981	137
982	181
983	252
984	293
985	169
986	155
987	159
988	159
989	163
990	184
991	149
992	166
993	149
994	145
995	125
996	171
997	146
998	183
999	241
1000	146
1001	144
1002	142
1003	138
1004	178
1005	134
1006	161
1007	109
1008	135
1009	148
1010	142
1011	221
1012	171
1013	205
1014	140
1015	163
1016	176
1017	138
1018	257
1019	313
1020	201
1021	235
1022	142
1023	156
1024	179
1025	131
1026	134
1027	126
1028	194
1029	148
1030	167
1031	202
1032	209
1033	124
1034	171
1035	149
1036	156
1037	136
1038	150
1039	169
1040	176
1041	161
1042	126
1043	196
1044	144
1045	196
1046	152
1047	155
1048	243
1049	176
1050	128
1051	222
1052	191
1053	216
1054	289
1055	235
1056	186
1057	181
1058	150
1059	228
1060	246
1061	197
1062	196
1063	211
1064	191
1065	189
1066	179
1067	156
1068	161
1069	155
1070	392
1071	502
1072	344
1073	302
1074	188
1075	176
1076	146
1077	139
1078	128
1079	217
1080	149
1081	168
1082	179
1083	181
1084	139
1085	125
1086	169
1087	118
1088	118
1089	219
1090	177
1091	206
1092	166
1093	142
1094	149
1095	188
1096	245
1097	164
1098	252
1099	276
1100	383
1101	668
1102	274
1103	214
1104	190
1105	174
1106	214
1107	478
1108	386
1109	323
1110	261
1111	330
1112	416
1113	450
1114	410
1115	713
1116	351
1117	273
1118	607
1119	466
1120	679
1121	354
1122	573
1123	646
1124	303
1125	277
1126	878
1127	1506
1128	1576
1129	1252
1130	1147
1131	1653
1132	2213
1133	1822
1134	1610
1135	1755
1136	2097
1137	2262
1138	2519
1139	1689
1140	1856
1141	1264
1142	1553
1143	1886
1144	1832
1145	1216
1146	1313
1147	1134
1148	906
1149	1379
1150	2147
1151	2878
1152	1952
1153	2223
1154	2619
1155	2019
1156	1892
1157	1608
1158	1073
1159	1198
1160	819
1161	926
1162	932
1163	403
1164	542
1165	506
1166	521
1167	335
1168	316
1169	211
1170	430
1171	740
1172	764
1173	852
1174	735
1175	456
1176	506
1177	504
1178	742
1179	627
1180	485
1181	473
1182	385
1183	333
1184	364
1185	445
1186	658
1187	544
1188	383
1189	326
1190	424
1191	398
1192	364
1193	430
1194	461
1195	693
1196	560
1197	606
1198	553
1199	690
1200	540
1201	270
1202	261
1203	471
1204	725
1205	665
1206	501
1207	496
1208	650
1209	564
1210	299
1211	486
1212	401
1213	426
1214	564
1215	504
1216	378
1217	600
1218	764
1219	488
1220	344
1221	381
1222	372
1223	344
1224	233
1225	260
1226	398
1227	397
1228	336
1229	258
1230	235
1231	236
1232	322
1233	204
1234	190
1235	257
1236	246
1237	213
1238	151
1239	210
1240	234
1241	341
1242	495
1243	357
1244	336
1245	218
1246	200
1247	225
1248	341
1249	331
1250	212
1251	246
1252	336
1253	287
1254	342
1255	236
1256	228
1257	236
1258	188
1259	235
1260	162
1261	176
1262	142
1263	168
1264	262
1265	198
1266	328
1267	188
1268	184
1269	210
1270	192
1271	120
1272	188
1273	249
1274	233
1275	192
1276	177
1277	165
1278	190
1279	192
1280	189
1281	133
1282	158
1283	177
1284	278
1285	231
1286	298
1287	283
1288	330
1289	182
1290	185
1291	195
1292	155
1293	143
1294	168
1295	347
1296	230
1297	177
1298	203
1299	150
1300	197
1301	243
1302	177
1303	262
1304	153
1305	143
1306	135
1307	113
1308	184
1309	165
1310	177
1311	199
1312	207
1313	265
1314	217
1315	154
1316	201
1317	174
1318	152
1319	145
1320	182
1321	181
1322	193
1323	230
1324	194
1325	277
1326	196
1327	169
1328	217
1329	157
1330	153
1331	188
1332	208
1333	217
1334	171
1335	190
1336	186
1337	157
1338	232
1339	371
1340	243
1341	227
1342	192
1343	214
1344	161
1345	200
1346	188
1347	175
1348	191
1349	191
1350	156
1351	144
1352	181
1353	173
1354	187
1355	172
1356	156
1357	165
1358	129
1359	180
1360	194
1361	176
1362	165
1363	169
1364	241
1365	207
1366	231
1367	177
1368	166
1369	193
1370	202
1371	164
1372	182
1373	156
1374	188
1375	209
1376	226
1377	171
1378	185
1379	162
1380	154
1381	172
1382	153
1383	198
1384	188
1385	159
1386	194
1387	254
1388	169
1389	186
1390	193
1391	172
1392	191
1393	195
1394	173
1395	198
1396	234
1397	174
1398	151
1399	134
1400	180
1401	144
1402	217
1403	155
1404	136
1405	185
1406	194
1407	226
1408	121
1409	167
1410	160
1411	173
1412	171
1413	187
1414	175
1415	135
1416	180
1417	143
1418	213
1419	255
1420	160
1421	138
1422	165
1423	154
1424	214
1425	214
1426	198
1427	201
1428	153
1429	174
1430	147
1431	268
1432	198
1433	192
1434	246
1435	167
1436	191
1437	183
1438	243
1439	173
1440	173
1441	162
1442	211
1443	179
1444	172
1445	164
1446	194
1447	230
1448	187
1449	128
1450	214
1451	226
1452	168
1453	209
1454	218
1455	266
1456	312
1457	324
1458	162
1459	168
1460	267
1461	193
1462	174
1463	141
1464	203
1465	152
1466	192
1467	174
1468	194
1469	213
1470	194
1471	169
1472	184
1473	201
1474	191
1475	213
1476	261
1477	168
1478	197
1479	181
1480	151
1481	208
1482	213
1483	188
1484	172
1485	132
1486	182
1487	159
1488	187
1489	165
1490	187
1491	186
1492	170
1493	240
1494	168
1495	197
1496	142
1497	219
1498	146
1499	204
1500	227
1501	182
1502	217
1503	227
1504	172
1505	201
1506	151
1507	177
1508	228
1509	210
1510	196
1511	195
1512	184
1513	171
1514	186
1515	191
1516	205
1517	194
1518	203
1519	231
1520	208
1521	160
1522	223
1523	198
1524	201
1525	173
1526	164
1527	208
1528	166
1529	185
1530	209
1531	186
1532	194
1533	193
1534	148
1535	183
1536	177
1537	189
1538	173
1539	211
1540	158
1541	226
1542	171
1543	250
1544	159
1545	167
1546	172
1547	236
1548	171
1549	172
1550	187
1551	143
1552	194
1553	184
1554	209
1555	185
1556	211
1557	203
1558	240
1559	257
1560	254
1561	149
1562	157
1563	163
1564	176
1565	179
1566	202
1567	232
1568	302
1569	291
1570	189
1571	236
1572	185
1573	203
1574	194
1575	184
1576	145
1577	179
1578	251
1579	194
1580	156
1581	217
1582	240
1583	160
1584	171
1585	159
1586	206
1587	254
1588	203
1589	230
1590	218
1591	270
1592	229
1593	202
1594	187
1595	230
1596	190
1597	199
1598	183
1599	195
1600	196
1601	153
1602	161
1603	235
1604	213
1605	182
1606	240
1607	285
1608	241
1609	218
1610	172
1611	179
1612	172
1613	202
1614	199
1615	221
1616	185
1617	193
1618	230
1619	176
1620	189
1621	180
1622	148
1623	270
1624	233
1625	214
1626	230
1627	236
1628	219
1629	150
1630	212
1631	198
1632	210
1633	227
1634	234
1635	252
1636	191
1637	188
1638	206
1639	230
1640	293
1641	245
1642	235
1643	213
1644	182
1645	194
1646	208
1647	228
1648	148
1649	232
1650	196
1651	176
1652	175
1653	199
1654	157
1655	193
1656	254
1657	252
1658	181
1659	212
1660	281
1661	195
1662	219
1663	195
1664	191
1665	193
1666	214
1667	214
1668	227
1669	248
1670	259
1671	246
1672	217
1673	197
1674	167
1675	193
1676	179
1677	211
1678	188
1679	225
1680	200
1681	211
1682	196
1683	214
1684	184
1685	240
1686	186
1687	155
1688	171
1689	160
1690	199
1691	233
1692	167
1693	201
1694	230
1695	176
1696	165
1697	216
1698	222
1699	139
1700	172
1701	196
1702	226
1703	182
1704	180
1705	183
1706	220
1707	197
1708	199
1709	242
1710	194
1711	201
1712	215
1713	164
1714	182
1715	174
1716	267
1717	201
1718	203
1719	190
1720	251
1721	242
1722	224
1723	215
1724	143
1725	218
1726	189
1727	185
1728	230
1729	182
1730	211
1731	167
1732	165
1733	171
1734	250
1735	210
1736	180
1737	218
1738	203
1739	226
1740	229
1741	207
1742	224
1743	183
1744	216
1745	167
1746	251
1747	184
1748	218
1749	235
1750	177
1751	207
1752	207
1753	188
1754	246
1755	249
1756	276
1757	258
1758	250
1759	274
1760	181
1761	227
1762	234
1763	179
1764	164
1765	215
1766	231
1767	203
1768	164
1769	233
1770	156
1771	205
1772	216
1773	239
1774	278
1775	214
1776	233
1777	216
1778	305
1779	251
1780	354
1781	203
1782	225
1783	245
1784	293
1785	227
1786	217
1787	211
1788	207
1789	207
1790	225
1791	266
1792	254
1793	176
1794	264
1795	333
1796	221
1797	194
1798	213
1799	217
1800	335
1801	236
1802	316
1803	139
1804	262
1805	178
1806	232
1807	185
1808	200
1809	210
1810	147
1811	254
1812	293
1813	396
1814	246
1815	290
1816	293
1817	287
1818	225
1819	252
1820	254
1821	212
1822	222
1823	244
1824	209
1825	345
1826	446
1827	399
1828	248
1829	212
1830	216
1831	220
1832	230
1833	235
1834	208
1835	206
1836	231
1837	262
1838	216
1839	278
1840	239
1841	189
1842	244
1843	209
1844	235
1845	216
1846	199
1847	271
1848	227
1849	211
1850	253
1851	235
1852	237
1853	181
1854	283
1855	222
1856	255
1857	223
1858	212
1859	333
1860	224
1861	222
1862	274
1863	201
1864	241
1865	246
1866	207
1867	290
1868	269
1869	364
1870	238
1871	272
1872	261
1873	323
1874	223
1875	257
1876	231
1877	227
1878	226
1879	218
1880	247
1881	178
1882	195
1883	184
1884	195
1885	319
1886	306
1887	253
1888	265
1889	255
1890	237
1891	235
1892	250
1893	205
1894	244
1895	188
1896	289
1897	259
1898	335
1899	266
1900	245
1901	205
1902	198
1903	232
1904	240
1905	250
1906	271
1907	219
1908	266
1909	200
1910	202
1911	176
1912	219
1913	209
1914	318
1915	273
1916	243
1917	262
1918	204
1919	247
1920	212
1921	228
1922	235
1923	216
1924	207
1925	228
1926	245
1927	264
1928	269
1929	229
1930	239
1931	244
1932	250
1933	259
1934	249
1935	299
1936	320
1937	219
1938	217
1939	257
1940	263
1941	293
1942	237
1943	261
1944	204
1945	258
1946	291
1947	263
1948	259
1949	226
1950	294
1951	257
1952	324
1953	376
1954	273
1955	290
1956	264
1957	207
1958	212
1959	234
1960	168
1961	252
1962	225
1963	264
1964	268
1965	283
1966	297
1967	223
1968	228
1969	258
1970	274
1971	290
1972	229
1973	277
1974	241
1975	320
1976	297
1977	250
1978	307
1979	243
1980	325
1981	264
1982	260
1983	205
1984	228
1985	225
1986	246
1987	214
1988	286
1989	188
1990	236
1991	279
1992	257
1993	215
1994	238
1995	227
1996	332
1997	387
1998	297
1999	301
2000	233
2001	261
2002	437
2003	303
2004	261
2005	197
2006	256
2007	259
2008	239
2009	211
2010	223
2011	221
2012	220
2013	205
2014	218
2015	204
2016	210
2017	207
2018	217
2019	283
2020	252
2021	252
2022	339
2023	226
2024	230
2025	249
2026	200
2027	230
2028	215
2029	268
2030	226
2031	222
2032	237
2033	198
2034	177
2035	118
2036	192
2037	181
2038	212
2039	210
2040	183
2041	172
2042	209
2043	204
2044	292
2045	165
2046	142
2047	124
