Instrument: Andor
X Size: 2048
Y Size: 64
Total Flux: 0.000
Total Counts: 354627
Background: 314.000000
Curvature: 0.0
Clipped to ROI: No
ROI: 1309 526 2539 1627
X	Counts
0	92
1	84
2	101
3	74
4	73
5	96
6	90
7	56
8	86
9	79
10	89
11	128
12	107
13	47
14	56
15	59
16	89
17	74
18	78
19	76
20	54
21	62
22	66
23	73
24	54
25	95
26	44
27	56
28	79
29	73
30	60
31	54
32	84
33	93
34	105
35	67
36	73
37	67
38	87
39	100
40	72
41	102
42	63
43	107
44	66
45	68
46	78
47	79
48	45
49	87
50	63
51	105
52	56
53	105
54	55
55	79
56	80
57	81
58	79
59	119
60	86
61	98
62	87
63	114
64	135
65	83
66	64
67	55
68	72
69	70
70	83
71	64
72	94
73	96
74	98
75	84
76	94
77	46
78	83
79	106
80	115
81	113
82	62
83	107
84	98
85	105
86	65
87	69
88	74
89	75
90	84
91	66
92	103
93	78
94	108
95	70
96	109
97	84
98	55
99	52
100	177
101	81
102	101
103	91
104	67
105	75
106	73
107	63
108	71
109	83
110	89
111	92
112	70
113	78
114	97
115	60
116	99
117	55
118	95
119	80
120	89
121	98
122	92
123	123
124	111
125	98
126	73
127	69
128	51
129	83
130	75
131	67
132	75
133	81
134	38
135	81
136	78
137	92
138	89
139	131
140	107
141	99
142	94
143	77
144	112
145	94
146	138
147	79
148	93
149	51
150	92
151	68
152	80
153	99
154	111
155	70
156	109
157	122
158	55
159	103
160	126
161	195
162	148
163	99
164	88
165	73
166	82
167	113
168	58
169	75
170	164
171	103
172	91
173	80
174	54
175	83
176	67
177	67
178	83
179	70
180	74
181	96
182	69
183	97
184	96
185	87
186	72
187	68
188	85
189	107
190	80
191	67
192	89
193	108
194	84
195	59
196	64
197	81
198	72
199	97
200	77
201	73
202	97
203	56
204	60
205	110
206	76
207	60
208	116
209	110
210	115
211	83
212	72
213	71
214	103
215	71
216	82
217	86
218	71
219	79
220	98
221	56
222	133
223	65
224	48
225	68
226	87
227	83
228	49
229	117
230	85
231	92
232	88
233	63
234	63
235	91
236	71
237	105
238	99
239	90
240	66
241	46
242	70
243	73
244	124
245	95
246	66
247	100
248	100
249	100
250	141
251	65
252	83
253	74
254	58
255	77
256	71
257	51
258	116
259	91
260	100
261	115
262	111
263	133
264	100
265	74
266	92
267	79
268	61
269	117
270	98
271	111
272	67
273	86
274	69
275	63
276	73
277	90
278	47
279	77
280	68
281	63
282	93
283	70
284	84
285	111
286	113
287	128
288	73
289	74
290	67
291	78
292	93
293	95
294	81
295	91
296	68
297	81
298	33
299	80
300	88
301	79
302	82
303	103
304	94
305	77
306	55
307	70
308	70
309	72
310	94
311	82
312	75
313	72
314	71
315	116
316	74
317	150
318	98
319	51
320	48
321	96
322	88
323	197
324	108
325	118
326	55
327	78
328	84
329	103
330	99
331	53
332	63
333	111
334	98
335	120
336	104
337	70
338	99
339	49
340	71
341	79
342	50
343	113
344	107
345	66
346	85
347	81
348	89
349	73
350	74
351	90
352	75
353	135
354	86
355	119
356	128
357	70
358	67
359	119
360	90
361	159
362	226
363	122
364	101
365	113
366	101
367	92
368	130
369	119
370	141
371	84
372	51
373	76
374	121
375	60
376	70
377	94
378	76
379	109
380	78
381	92
382	62
383	175
384	99
385	81
386	85
387	51
388	116
389	48
390	85
391	80
392	79
393	51
394	93
395	89
396	104
397	58
398	86
399	67
400	108
401	149
402	150
403	80
404	58
405	66
406	96
407	74
408	93
409	64
410	78
411	109
412	84
413	48
414	54
415	76
416	78
417	80
418	115
419	81
420	79
421	97
422	73
423	92
424	89
425	64
426	82
427	77
428	90
429	86
430	106
431	65
432	64
433	103
434	76
435	72
436	118
437	73
438	87
439	101
440	84
441	146
442	64
443	104
444	135
445	90
446	78
447	160
448	124
449	149
450	79
451	111
452	235
453	235
454	151
455	156
456	117
457	66
458	97
459	86
460	86
461	86
462	121
463	68
464	97
465	134
466	73
467	90
468	98
469	104
470	118
471	80
472	85
473	89
474	104
475	78
476	90
477	118
478	99
479	89
480	95
481	85
482	90
483	60
484	110
485	87
486	94
487	88
488	86
489	141
490	85
491	99
492	110
493	158
494	157
495	63
496	125
497	73
498	79
499	93
500	63
501	84
502	76
503	116
504	108
505	98
506	86
507	113
508	92
509	58
510	90
511	152
512	180
513	88
514	89
515	264
516	420
517	134
518	81
519	102
520	105
521	76
522	133
523	69
524	112
525	101
526	115
527	91
528	77
529	80
530	125
531	81
532	73
533	145
534	174
535	126
536	81
537	71
538	71
539	91
540	77
541	117
542	141
543	340
544	264
545	106
546	105
547	95
548	83
549	84
550	81
551	112
552	72
553	146
554	105
555	103
556	75
557	104
558	110
559	162
560	212
561	155
562	112
563	110
564	109
565	95
566	161
567	147
568	256
569	184
570	174
571	107
572	150
573	150
574	187
575	88
576	113
577	107
578	116
579	69
580	142
581	112
582	250
583	122
584	61
585	89
586	160
587	363
588	568
589	474
590	102
591	99
592	99
593	145
594	191
595	426
596	132
597	246
598	496
599	611
600	340
601	355
602	782
603	586
604	270
605	296
606	197
607	289
608	144
609	112
610	130
611	93
612	95
613	75
614	157
615	161
616	95
617	114
618	126
619	197
620	269
621	225
622	145
623	141
624	132
625	90
626	169
627	110
628	105
629	209
630	242
631	315
632	384
633	176
634	73
635	94
636	83
637	87
638	172
639	334
640	142
641	226
642	185
643	108
644	105
645	112
646	110
647	79
648	94
649	81
650	65
651	113
652	77
653	72
654	107
655	79
656	122
657	108
658	77
659	68
660	116
661	151
662	133
663	75
664	99
665	88
666	92
667	65
668	67
669	105
670	107
671	46
672	71
673	74
674	73
675	72
676	145
677	244
678	120
679	72
680	135
681	180
682	82
683	102
684	62
685	75
686	126
687	154
688	141
689	72
690	80
691	95
692	65
693	58
694	123
695	104
696	159
697	137
698	86
699	82
700	111
701	105
702	114
703	131
704	188
705	119
706	137
707	124
708	132
709	186
710	97
711	128
712	195
713	74
714	87
715	142
716	107
717	107
718	71
719	94
720	77
721	96
722	112
723	86
724	86
725	110
726	93
727	100
728	110
729	123
730	117
731	105
732	146
733	65
734	107
735	108
736	83
737	86
738	67
739	63
740	76
741	120
742	141
743	98
744	112
745	139
746	113
747	74
748	96
749	89
750	117
751	102
752	72
753	84
754	102
755	106
756	99
757	134
758	76
759	114
760	88
761	97
762	109
763	116
764	141
765	164
766	118
767	93
768	120
769	112
770	98
771	110
772	129
773	84
774	87
775	110
776	121
777	97
778	91
779	86
780	77
781	117
782	115
783	119
784	92
785	138
786	123
787	187
788	143
789	125
790	95
791	106
792	83
793	77
794	108
795	93
796	106
797	163
798	130
799	120
800	159
801	183
802	118
803	100
804	84
805	146
806	175
807	125
808	97
809	107
810	112
811	142
812	86
813	103
814	105
815	90
816	82
817	87
818	79
819	107
820	133
821	86
822	97
823	93
824	100
825	79
826	135
827	139
828	128
829	146
830	130
831	185
832	142
833	143
834	135
835	112
836	139
837	107
838	124
839	135
840	119
841	102
842	157
843	108
844	161
845	153
846	125
847	107
848	102
849	141
850	79
851	95
852	127
853	117
854	109
855	117
856	110
857	137
858	134
859	160
860	203
861	157
862	146
863	142
864	112
865	107
866	113
867	118
868	79
869	111
870	116
871	113
872	122
873	120
874	138
875	115
876	137
877	119
878	108
879	113
880	134
881	85
882	114
883	139
884	131
885	118
886	70
887	104
888	103
889	131
890	154
891	157
892	121
893	133
894	104
895	135
896	72
897	151
898	113
899	129
900	169
901	133
902	96
903	138
904	130
905	120
906	100
907	88
908	100
909	104
910	71
911	146
912	109
913	229
914	281
915	128
916	137
917	96
918	113
919	149
920	92
921	112
922	125
923	119
924	96
925	172
926	129
927	113
928	106
929	119
930	198
931	129
932	92
933	94
934	134
935	116
936	107
937	132
938	137
939	111
940	121
941	113
942	98
943	155
944	160
945	208
946	173
947	168
948	105
949	104
950	121
951	117
952	133
953	151
954	100
955	97
956	132
957	166
958	124
959	155
960	137
961	132
962	119
963	102
964	124
965	80
966	125
967	90
968	107
969	105
970	115
971	123
972	88
973	124
974	107
975	107
976	101
977	120
978	158
979	136
980	153
981	147
982	184
983	172
984	159
985	117
986	165
987	103
988	140
989	167
990	147
991	197
992	107
993	114
994	130
995	144
996	158
997	80
998	112
999	155
1000	163
1001	146
1002	98
1003	89
1004	162
1005	135
1006	72
1007	117
1008	124
1009	174
1010	296
1011	130
1012	93
1013	137
1014	155
1015	91
1016	80
1017	82
1018	143
1019	185
1020	155
1021	129
1022	96
1023	100
1024	108
1025	153
1026	139
1027	108
1028	127
1029	114
1030	122
1031	200
1032	266
1033	146
1034	115
1035	184
1036	159
1037	186
1038	117
1039	128
1040	166
1041	181
1042	287
1043	198
1044	172
1045	152
1046	183
1047	128
1048	143
1049	180
1050	122
1051	107
1052	140
1053	98
1054	250
1055	278
1056	326
1057	295
1058	143
1059	115
1060	104
1061	91
1062	132
1063	135
1064	117
1065	107
1066	127
1067	136
1068	108
1069	111
1070	143
1071	125
1072	165
1073	106
1074	170
1075	113
1076	129
1077	109
1078	112
1079	228
1080	131
1081	253
1082	145
1083	218
1084	346
1085	178
1086	158
1087	110
1088	102
1089	224
1090	180
1091	194
1092	200
1093	264
1094	242
1095	204
1096	266
1097	369
1098	250
1099	376
1100	362
1101	534
1102	204
1103	134
1104	171
1105	350
1106	535
1107	334
1108	327
1109	676
1110	406
1111	518
1112	807
1113	579
1114	479
1115	752
1116	370
1117	387
1118	601
1119	470
1120	343
1121	801
1122	655
1123	640
1124	641
1125	1096
1126	766
1127	681
1128	719
1129	1047
1130	1260
1131	1643
1132	1674
1133	2261
1134	3275
1135	3352
1136	2674
1137	3145
1138	3165
1139	3477
1140	3130
1141	3265
1142	2898
1143	1930
1144	1249
1145	930
1146	765
1147	515
1148	219
1149	148
1150	189
1151	376
1152	417
1153	269
1154	246
1155	643
1156	370
1157	232
1158	180
1159	400
1160	274
1161	353
1162	377
1163	473
1164	495
1165	274
1166	341
1167	329
1168	411
1169	673
1170	363
1171	347
1172	326
1173	857
1174	654
1175	158
1176	136
1177	148
1178	130
1179	222
1180	296
1181	336
1182	481
1183	404
1184	260
1185	348
1186	386
1187	254
1188	255
1189	509
1190	832
1191	963
1192	697
1193	431
1194	648
1195	899
1196	365
1197	320
1198	454
1199	393
1200	275
1201	439
1202	651
1203	749
1204	440
1205	327
1206	542
1207	338
1208	584
1209	471
1210	575
1211	470
1212	264
1213	192
1214	334
1215	507
1216	323
1217	388
1218	303
1219	344
1220	599
1221	200
1222	153
1223	100
1224	111
1225	195
1226	140
1227	138
1228	223
1229	114
1230	206
1231	363
1232	142
1233	114
1234	166
1235	155
1236	134
1237	147
1238	201
1239	197
1240	102
1241	127
1242	148
1243	115
1244	147
1245	141
1246	173
1247	279
1248	343
1249	360
1250	286
1251	182
1252	167
1253	182
1254	116
1255	188
1256	152
1257	213
1258	264
1259	219
1260	164
1261	121
1262	156
1263	266
1264	171
1265	108
1266	168
1267	119
1268	134
1269	164
1270	138
1271	189
1272	177
1273	130
1274	198
1275	208
1276	130
1277	159
1278	142
1279	155
1280	162
1281	109
1282	132
1283	156
1284	246
1285	226
1286	159
1287	137
1288	111
1289	127
1290	191
1291	153
1292	121
1293	168
1294	127
1295	157
1296	146
1297	88
1298	139
1299	229
1300	195
1301	165
1302	117
1303	93
1304	121
1305	177
1306	117
1307	154
1308	219
1309	181
1310	135
1311	159
1312	110
1313	107
1314	110
1315	87
1316	160
1317	154
1318	149
1319	136
1320	146
1321	137
1322	118
1323	140
1324	163
1325	159
1326	99
1327	174
1328	146
1329	108
1330	127
1331	142
1332	138
1333	148
1334	146
1335	164
1336	136
1337	128
1338	138
1339	149
1340	151
1341	136
1342	131
1343	157
1344	126
1345	162
1346	158
1347	177
1348	120
1349	127
1350	137
1351	149
1352	118
1353	162
1354	125
1355	133
1356	128
1357	108
1358	106
1359	156
1360	137
1361	162
1362	148
1363	152
1364	160
1365	141
1366	207
1367	163
1368	188
1369	159
1370	145
1371	215
1372	182
1373	145
1374	145
1375	139
1376	138
1377	106
1378	168
1379	148
1380	94
1381	88
1382	132
1383	164
1384	120
1385	126
1386	123
1387	121
1388	216
1389	132
1390	130
1391	93
1392	129
1393	95
1394	144
1395	102
1396	155
1397	176
1398	277
1399	126
1400	97
1401	146
1402	165
1403	110
1404	130
1405	151
1406	228
1407	142
1408	122
1409	149
1410	136
1411	139
1412	90
1413	124
1414	195
1415	152
1416	123
1417	139
1418	138
1419	115
1420	115
1421	145
1422	151
1423	154
1424	166
1425	160
1426	137
1427	144
1428	118
1429	160
1430	128
1431	153
1432	184
1433	115
1434	164
1435	149
1436	377
1437	383
1438	213
1439	130
1440	159
1441	120
1442	131
1443	125
1444	176
1445	150
1446	169
1447	146
1448	139
1449	183
1450	145
1451	166
1452	112
1453	137
1454	147
1455	225
1456	155
1457	271
1458	196
1459	127
1460	172
1461	152
1462	122
1463	98
1464	155
1465	146
1466	110
1467	160
1468	146
1469	189
1470	139
1471	148
1472	135
1473	149
1474	107
1475	176
1476	109
1477	122
1478	226
1479	159
1480	163
1481	144
1482	124
1483	170
1484	117
1485	100
1486	137
1487	118
1488	180
1489	170
1490	109
1491	150
1492	153
1493	146
1494	112
1495	151
1496	187
1497	185
1498	145
1499	161
1500	168
1501	136
1502	135
1503	176
1504	139
1505	165
1506	110
1507	140
1508	241
1509	277
1510	199
1511	162
1512	113
1513	115
1514	145
1515	148
1516	179
1517	180
1518	143
1519	128
1520	162
1521	127
1522	114
1523	210
1524	206
1525	172
1526	158
1527	127
1528	156
1529	127
1530	120
1531	111
1532	176
1533	158
1534	116
1535	166
1536	108
1537	194
1538	144
1539	145
1540	169
1541	186
1542	174
1543	166
1544	138
1545	143
1546	137
1547	154
1548	155
1549	171
1550	155
1551	115
1552	165
1553	143
1554	147
1555	132
1556	173
1557	139
1558	198
1559	227
1560	136
1561	160
1562	112
1563	144
1564	118
1565	146
1566	125
1567	190
1568	149
1569	193
1570	139
1571	131
1572	139
1573	148
1574	143
1575	141
1576	164
1577	146
1578	146
1579	157
1580	112
1581	125
1582	192
1583	154
1584	130
1585	148
1586	167
1587	199
1588	197
1589	209
1590	157
1591	172
1592	155
1593	148
1594	170
1595	175
1596	170
1597	135
1598	159
1599	161
1600	218
1601	163
1602	164
1603	159
1604	188
1605	155
1606	103
1607	159
1608	123
1609	152
1610	153
1611	156
1612	179
1613	182
1614	224
1615	158
1616	152
1617	146
1618	125
1619	115
1620	118
1621	115
1622	199
1623	198
1624	204
1625	119
1626	183
1627	173
1628	184
1629	131
1630	177
1631	123
1632	164
1633	181
1634	258
1635	144
1636	151
1637	109
1638	170
1639	152
1640	210
1641	167
1642	153
1643	160
1644	133
1645	142
1646	169
1647	135
1648	146
1649	142
1650	123
1651	121
1652	147
1653	162
1654	171
1655	163
1656	132
1657	166
1658	213
1659	107
1660	164
1661	114
1662	149
1663	124
1664	193
1665	150
1666	122
1667	150
1668	134
1669	194
1670	226
1671	153
1672	160
1673	95
1674	135
1675	139
1676	227
1677	156
1678	164
1679	235
1680	152
1681	178
1682	224
1683	190
1684	172
1685	186
1686	189
1687	236
1688	129
1689	179
1690	139
1691	227
1692	203
1693	137
1694	178
1695	137
1696	138
1697	124
1698	175
1699	177
1700	152
1701	209
1702	198
1703	195
1704	128
1705	159
1706	150
1707	146
1708	150
1709	185
1710	151
1711	204
1712	164
1713	169
1714	150
1715	157
1716	202
1717	199
1718	181
1719	157
1720	180
1721	188
1722	174
1723	171
1724	89
1725	177
1726	204
1727	287
1728	187
1729	156
1730	239
1731	182
1732	145
1733	174
1734	187
1735	164
1736	116
1737	154
1738	181
1739	142
1740	208
1741	162
1742	216
1743	153
1744	157
1745	120
1746	242
1747	180
1748	175
1749	183
1750	217
1751	181
1752	165
1753	154
1754	167
1755	169
1756	142
1757	159
1758	211
1759	251
1760	202
1761	130
1762	178
1763	188
1764	177
1765	198
1766	137
1767	175
1768	161
1769	179
1770	151
1771	149
1772	153
1773	195
1774	196
1775	147
1776	197
1777	128
1778	212
1779	182
1780	133
1781	154
1782	138
1783	163
1784	136
1785	162
1786	114
1787	145
1788	159
1789	205
1790	177
1791	196
1792	169
1793	159
1794	186
1795	175
1796	312
1797	362
1798	245
1799	243
1800	207
1801	251
1802	288
1803	178
1804	139
1805	242
1806	170
1807	233
1808	163
1809	139
1810	110
1811	196
1812	195
1813	133
1814	178
1815	212
1816	154
1817	177
1818	161
1819	216
1820	205
1821	183
1822	155
1823	208
1824	222
1825	111
1826	168
1827	218
1828	197
1829	196
1830	143
1831	183
1832	188
1833	171
1834	187
1835	156
1836	184
1837	221
1838	174
1839	225
1840	165
1841	159
1842	223
1843	176
1844	276
1845	267
1846	171
1847	179
1848	152
1849	188
1850	162
1851	187
1852	147
1853	186
1854	259
1855	196
1856	230
1857	211
1858	236
1859	225
1860	245
1861	209
1862	202
1863	180
1864	176
1865	123
1866	146
1867	152
1868	206
1869	199
1870	207
1871	242
1872	158
1873	164
1874	149
1875	155
1876	139
1877	171
1878	186
1879	202
1880	163
1881	186
1882	189
1883	174
1884	189
1885	255
1886	198
1887	188
1888	266
1889	231
1890	231
1891	172
1892	207
1893	224
1894	289
1895	208
1896	200
1897	154
1898	205
1899	230
1900	174
1901	216
1902	176
1903	200
1904	196
1905	217
1906	202
1907	211
1908	157
1909	191
1910	189
1911	184
1912	104
1913	229
1914	270
1915	255
1916	189
1917	257
1918	204
1919	224
1920	210
1921	212
1922	190
1923	140
1924	206
1925	260
1926	290
1927	277
1928	185
1929	139
1930	216
1931	201
1932	180
1933	246
1934	230
1935	213
1936	318
1937	164
1938	228
1939	235
1940	327
1941	283
1942	132
1943	216
1944	156
1945	175
1946	239
1947	189
1948	245
1949	179
1950	238
1951	245
1952	160
1953	228
1954	193
1955	208
1956	223
1957	147
1958	219
1959	166
1960	195
1961	234
1962	234
1963	187
1964	198
1965	199
1966	267
1967	182
1968	192
1969	228
1970	217
1971	190
1972	196
1973	191
1974	181
1975	194
1976	211
1977	204
1978	131
1979	230
1980	185
1981	191
1982	170
1983	207
1984	154
1985	197
1986	278
1987	276
1988	240
1989	143
1990	213
1991	242
1992	358
1993	243
1994	222
1995	218
1996	187
1997	202
1998	191
1999	192
2000	188
2001	209
2002	187
2003	222
2004	198
2005	209
2006	237
2007	254
2008	215
2009	445
2010	428
2011	217
2012	249
2013	157
2014	246
2015	250
2016	215
2017	181
2018	190
2019	214
2020	275
2021	263
2022	269
2023	178
2024	149
2025	198
2026	190
2027	221
2028	191
2029	269
2030	229
2031	244
2032	163
2033	158
2034	143
2035	168
2036	109
2037	115
2038	180
2039	214
2040	176
2041	42
2042	120
2043	227
2044	414
2045	142
2046	164
2047	169
