Instrument: Andor
X Size: 2048
Y Size: 64
Total Flux: 0.000
Total Counts: 362814
Background: 315.000000
Curvature: 0.0
Clipped to ROI: No
ROI: 1309 526 2539 1627
X	Counts
0	107
1	84
2	118
3	114
4	88
5	95
6	88
7	125
8	88
9	83
10	91
11	120
12	102
13	122
14	94
15	150
16	109
17	131
18	95
19	78
20	101
21	118
22	91
23	95
24	133
25	95
26	99
27	44
28	74
29	83
30	73
31	119
32	95
33	116
34	77
35	119
36	102
37	91
38	135
39	90
40	120
41	97
42	123
43	103
44	128
45	37
46	100
47	96
48	89
49	135
50	105
51	152
52	74
53	119
54	103
55	132
56	110
57	99
58	143
59	121
60	75
61	75
62	76
63	109
64	110
65	108
66	114
67	65
68	112
69	103
70	72
71	113
72	113
73	61
74	111
75	116
76	161
77	148
78	90
79	140
80	78
81	109
82	90
83	122
84	94
85	121
86	106
87	96
88	94
89	81
90	91
91	98
92	93
93	88
94	132
95	81
96	97
97	79
98	84
99	80
100	81
101	79
102	94
103	106
104	116
105	115
106	142
107	111
108	112
109	120
110	129
111	121
112	75
113	126
114	80
115	130
116	128
117	74
118	120
119	127
120	84
121	125
122	90
123	122
124	70
125	148
126	80
127	116
128	72
129	119
130	96
131	58
132	92
133	107
134	80
135	136
136	95
137	121
138	83
139	35
140	94
141	132
142	115
143	127
144	132
145	129
146	108
147	149
148	101
149	121
150	114
151	110
152	117
153	109
154	140
155	132
156	114
157	122
158	89
159	122
160	110
161	99
162	148
163	122
164	99
165	102
166	113
167	111
168	83
169	69
170	141
171	82
172	121
173	106
174	90
175	112
176	77
177	103
178	113
179	83
180	101
181	123
182	100
183	83
184	160
185	154
186	94
187	136
188	84
189	147
190	119
191	84
192	84
193	106
194	105
195	100
196	78
197	96
198	45
199	60
200	86
201	109
202	48
203	106
204	77
205	108
206	104
207	79
208	111
209	121
210	94
211	96
212	100
213	107
214	102
215	88
216	76
217	104
218	96
219	99
220	131
221	127
222	69
223	131
224	92
225	84
226	101
227	116
228	86
229	118
230	114
231	116
232	96
233	121
234	68
235	107
236	94
237	149
238	94
239	112
240	102
241	74
242	81
243	107
244	103
245	108
246	62
247	106
248	120
249	106
250	149
251	98
252	118
253	108
254	131
255	111
256	65
257	124
258	136
259	85
260	67
261	118
262	95
263	85
264	55
265	97
266	112
267	95
268	90
269	80
270	158
271	111
272	92
273	83
274	122
275	81
276	113
277	107
278	141
279	91
280	67
281	95
282	105
283	110
284	95
285	80
286	119
287	124
288	125
289	76
290	131
291	73
292	113
293	106
294	98
295	95
296	87
297	94
298	96
299	75
300	85
301	130
302	103
303	120
304	86
305	111
306	93
307	191
308	127
309	135
310	100
311	117
312	82
313	116
314	90
315	109
316	106
317	58
318	76
319	80
320	77
321	110
322	80
323	101
324	92
325	109
326	106
327	97
328	93
329	79
330	86
331	76
332	69
333	162
334	80
335	141
336	118
337	88
338	77
339	81
340	115
341	88
342	105
343	90
344	101
345	110
346	125
347	157
348	90
349	86
350	92
351	111
352	118
353	99
354	125
355	116
356	96
357	75
358	86
359	104
360	118
361	99
362	111
363	119
364	116
365	76
366	76
367	95
368	128
369	87
370	65
371	106
372	98
373	79
374	112
375	57
376	98
377	102
378	103
379	121
380	132
381	117
382	83
383	74
384	146
385	89
386	84
387	111
388	118
389	116
390	99
391	100
392	94
393	95
394	87
395	111
396	89
397	84
398	171
399	90
400	85
401	87
402	90
403	92
404	90
405	93
406	102
407	113
408	120
409	120
410	121
411	139
412	126
413	111
414	121
415	91
416	114
417	97
418	103
419	139
420	119
421	135
422	87
423	106
424	127
425	192
426	149
427	136
428	181
429	170
430	104
431	81
432	144
433	125
434	117
435	107
436	121
437	121
438	73
439	133
440	84
441	122
442	92
443	131
444	155
445	118
446	76
447	140
448	125
449	138
450	89
451	127
452	160
453	97
454	143
455	135
456	107
457	115
458	162
459	137
460	119
461	100
462	152
463	120
464	101
465	109
466	97
467	139
468	101
469	140
470	95
471	102
472	121
473	88
474	126
475	67
476	89
477	115
478	100
479	69
480	125
481	97
482	155
483	132
484	72
485	118
486	109
487	109
488	118
489	109
490	97
491	126
492	100
493	189
494	147
495	84
496	113
497	108
498	152
499	135
500	104
501	132
502	95
503	118
504	130
505	111
506	141
507	110
508	126
509	132
510	131
511	116
512	119
513	137
514	124
515	137
516	84
517	177
518	158
519	124
520	101
521	107
522	108
523	109
524	112
525	131
526	152
527	130
528	123
529	125
530	91
531	106
532	72
533	124
534	109
535	116
536	136
537	106
538	125
539	130
540	124
541	125
542	147
543	146
544	114
545	126
546	137
547	132
548	107
549	129
550	115
551	105
552	132
553	128
554	122
555	128
556	101
557	105
558	65
559	132
560	117
561	128
562	125
563	116
564	178
565	122
566	132
567	133
568	127
569	246
570	146
571	133
572	154
573	119
574	238
575	283
576	137
577	137
578	104
579	103
580	132
581	112
582	134
583	147
584	111
585	82
586	116
587	110
588	174
589	142
590	210
591	229
592	153
593	147
594	151
595	452
596	250
597	230
598	131
599	155
600	159
601	142
602	156
603	139
604	139
605	79
606	115
607	98
608	134
609	108
610	126
611	147
612	130
613	140
614	127
615	99
616	118
617	140
618	104
619	120
620	136
621	98
622	140
623	132
624	111
625	133
626	119
627	197
628	129
629	201
630	97
631	120
632	139
633	87
634	125
635	84
636	132
637	118
638	103
639	147
640	135
641	182
642	161
643	165
644	112
645	192
646	137
647	148
648	116
649	73
650	141
651	111
652	70
653	103
654	122
655	81
656	66
657	139
658	129
659	113
660	108
661	79
662	122
663	109
664	78
665	80
666	137
667	98
668	112
669	124
670	149
671	118
672	109
673	68
674	93
675	109
676	100
677	98
678	126
679	97
680	124
681	115
682	93
683	88
684	118
685	112
686	134
687	135
688	145
689	82
690	118
691	135
692	87
693	122
694	114
695	98
696	158
697	134
698	158
699	129
700	112
701	127
702	96
703	156
704	103
705	165
706	126
707	105
708	129
709	112
710	105
711	129
712	130
713	102
714	114
715	118
716	153
717	118
718	114
719	151
720	96
721	173
722	149
723	84
724	135
725	134
726	149
727	83
728	125
729	116
730	106
731	76
732	174
733	120
734	136
735	160
736	148
737	105
738	130
739	138
740	124
741	151
742	113
743	91
744	213
745	132
746	184
747	97
748	125
749	127
750	89
751	127
752	114
753	147
754	242
755	142
756	175
757	144
758	136
759	150
760	108
761	146
762	155
763	155
764	127
765	140
766	91
767	116
768	149
769	118
770	130
771	131
772	93
773	132
774	75
775	125
776	151
777	135
778	130
779	92
780	128
781	139
782	112
783	121
784	117
785	123
786	108
787	130
788	101
789	117
790	143
791	112
792	141
793	104
794	137
795	126
796	104
797	109
798	106
799	87
800	123
801	120
802	139
803	105
804	112
805	129
806	96
807	157
808	108
809	126
810	140
811	160
812	104
813	151
814	133
815	168
816	161
817	136
818	102
819	118
820	153
821	106
822	112
823	123
824	173
825	142
826	160
827	152
828	109
829	129
830	127
831	112
832	136
833	176
834	139
835	159
836	103
837	99
838	157
839	162
840	104
841	132
842	183
843	143
844	133
845	132
846	159
847	183
848	137
849	150
850	107
851	162
852	137
853	142
854	139
855	148
856	115
857	166
858	123
859	138
860	119
861	163
862	160
863	174
864	136
865	158
866	123
867	118
868	130
869	132
870	166
871	113
872	166
873	124
874	115
875	161
876	105
877	113
878	169
879	134
880	128
881	125
882	189
883	184
884	188
885	138
886	119
887	114
888	105
889	117
890	120
891	115
892	135
893	105
894	116
895	149
896	160
897	127
898	134
899	132
900	176
901	141
902	120
903	136
904	134
905	146
906	111
907	171
908	162
909	167
910	120
911	119
912	139
913	121
914	144
915	154
916	117
917	129
918	109
919	156
920	160
921	135
922	133
923	149
924	104
925	155
926	139
927	146
928	141
929	139
930	151
931	141
932	136
933	146
934	143
935	165
936	164
937	104
938	112
939	194
940	157
941	129
942	140
943	231
944	164
945	155
946	123
947	171
948	116
949	200
950	119
951	148
952	126
953	157
954	127
955	96
956	128
957	129
958	132
959	166
960	124
961	163
962	119
963	137
964	168
965	136
966	125
967	159
968	144
969	151
970	190
971	103
972	158
973	151
974	152
975	103
976	139
977	131
978	175
979	76
980	130
981	176
982	170
983	209
984	234
985	184
986	214
987	126
988	160
989	147
990	115
991	186
992	111
993	111
994	158
995	93
996	165
997	139
998	119
999	144
1000	179
1001	125
1002	102
1003	150
1004	234
1005	126
1006	136
1007	176
1008	147
1009	122
1010	115
1011	196
1012	166
1013	167
1014	166
1015	166
1016	175
1017	139
1018	198
1019	141
1020	189
1021	141
1022	130
1023	148
1024	118
1025	147
1026	149
1027	158
1028	190
1029	155
1030	141
1031	153
1032	119
1033	182
1034	150
1035	178
1036	221
1037	214
1038	133
1039	216
1040	191
1041	208
1042	96
1043	119
1044	125
1045	144
1046	125
1047	169
1048	154
1049	169
1050	233
1051	139
1052	168
1053	112
1054	135
1055	226
1056	175
1057	174
1058	191
1059	213
1060	115
1061	135
1062	190
1063	205
1064	174
1065	154
1066	134
1067	173
1068	128
1069	126
1070	127
1071	124
1072	189
1073	130
1074	113
1075	138
1076	130
1077	122
1078	127
1079	168
1080	150
1081	142
1082	184
1083	137
1084	160
1085	150
1086	164
1087	132
1088	162
1089	229
1090	167
1091	133
1092	180
1093	158
1094	188
1095	163
1096	245
1097	402
1098	258
1099	163
1100	175
1101	277
1102	155
1103	170
1104	119
1105	184
1106	209
1107	238
1108	238
1109	292
1110	250
1111	226
1112	214
1113	204
1114	284
1115	434
1116	293
1117	277
1118	270
1119	206
1120	376
1121	490
1122	597
1123	725
1124	594
1125	457
1126	799
1127	870
1128	1102
1129	906
1130	1540
1131	2803
1132	1570
1133	2060
1134	2084
1135	2246
1136	2645
1137	1926
1138	1740
1139	1237
1140	487
1141	307
1142	361
1143	258
1144	259
1145	545
1146	373
1147	220
1148	287
1149	270
1150	385
1151	425
1152	370
1153	418
1154	292
1155	281
1156	389
1157	238
1158	313
1159	328
1160	294
1161	468
1162	323
1163	184
1164	371
1165	450
1166	545
1167	392
1168	323
1169	279
1170	304
1171	351
1172	392
1173	499
1174	538
1175	517
1176	570
1177	473
1178	363
1179	358
1180	530
1181	421
1182	437
1183	444
1184	546
1185	716
1186	667
1187	585
1188	573
1189	762
1190	741
1191	340
1192	584
1193	521
1194	653
1195	357
1196	239
1197	223
1198	228
1199	373
1200	488
1201	421
1202	473
1203	264
1204	653
1205	575
1206	526
1207	492
1208	622
1209	583
1210	645
1211	434
1212	505
1213	316
1214	398
1215	354
1216	547
1217	407
1218	397
1219	436
1220	316
1221	247
1222	375
1223	397
1224	183
1225	328
1226	359
1227	386
1228	384
1229	338
1230	352
1231	476
1232	543
1233	258
1234	144
1235	223
1236	249
1237	311
1238	312
1239	287
1240	181
1241	183
1242	183
1243	142
1244	186
1245	218
1246	235
1247	266
1248	263
1249	201
1250	190
1251	190
1252	234
1253	201
1254	276
1255	249
1256	176
1257	224
1258	276
1259	215
1260	169
1261	197
1262	148
1263	146
1264	129
1265	137
1266	141
1267	198
1268	257
1269	234
1270	183
1271	172
1272	210
1273	167
1274	169
1275	288
1276	236
1277	151
1278	153
1279	166
1280	187
1281	160
1282	159
1283	179
1284	138
1285	184
1286	171
1287	249
1288	306
1289	236
1290	129
1291	221
1292	163
1293	252
1294	145
1295	209
1296	187
1297	86
1298	172
1299	152
1300	188
1301	139
1302	225
1303	227
1304	146
1305	235
1306	134
1307	137
1308	160
1309	163
1310	131
1311	173
1312	119
1313	152
1314	155
1315	156
1316	153
1317	153
1318	138
1319	162
1320	168
1321	153
1322	173
1323	141
1324	204
1325	199
1326	142
1327	131
1328	153
1329	187
1330	125
1331	213
1332	203
1333	222
1334	156
1335	196
1336	144
1337	164
1338	190
1339	137
1340	208
1341	207
1342	217
1343	181
1344	119
1345	197
1346	190
1347	206
1348	171
1349	151
1350	181
1351	283
1352	183
1353	175
1354	153
1355	107
1356	195
1357	179
1358	133
1359	150
1360	137
1361	178
1362	132
1363	134
1364	153
1365	198
1366	131
1367	157
1368	176
1369	178
1370	165
1371	173
1372	176
1373	172
1374	176
1375	159
1376	132
1377	182
1378	135
1379	160
1380	156
1381	173
1382	195
1383	188
1384	169
1385	175
1386	131
1387	151
1388	137
1389	133
1390	156
1391	145
1392	144
1393	185
1394	184
1395	185
1396	127
1397	126
1398	180
1399	118
1400	142
1401	163
1402	219
1403	163
1404	156
1405	142
1406	99
1407	140
1408	173
1409	159
1410	180
1411	159
1412	167
1413	151
1414	187
1415	147
1416	210
1417	149
1418	169
1419	179
1420	90
1421	169
1422	174
1423	162
1424	161
1425	181
1426	158
1427	201
1428	144
1429	186
1430	208
1431	200
1432	172
1433	121
1434	209
1435	193
1436	158
1437	211
1438	142
1439	236
1440	193
1441	169
1442	149
1443	231
1444	179
1445	153
1446	150
1447	172
1448	139
1449	148
1450	181
1451	206
1452	158
1453	163
1454	141
1455	238
1456	164
1457	233
1458	143
1459	179
1460	209
1461	180
1462	161
1463	207
1464	200
1465	155
1466	159
1467	141
1468	185
1469	213
1470	156
1471	147
1472	104
1473	141
1474	184
1475	193
1476	209
1477	124
1478	196
1479	121
1480	149
1481	183
1482	182
1483	168
1484	226
1485	145
1486	182
1487	147
1488	151
1489	165
1490	229
1491	192
1492	134
1493	205
1494	149
1495	186
1496	177
1497	224
1498	146
1499	186
1500	174
1501	155
1502	150
1503	188
1504	205
1505	148
1506	135
1507	155
1508	169
1509	157
1510	169
1511	202
1512	146
1513	138
1514	185
1515	151
1516	239
1517	177
1518	193
1519	166
1520	204
1521	147
1522	141
1523	184
1524	145
1525	186
1526	195
1527	172
1528	178
1529	219
1530	189
1531	170
1532	205
1533	135
1534	136
1535	203
1536	143
1537	200
1538	207
1539	137
1540	158
1541	177
1542	142
1543	145
1544	160
1545	162
1546	179
1547	156
1548	176
1549	200
1550	209
1551	130
1552	148
1553	161
1554	186
1555	183
1556	172
1557	157
1558	222
1559	225
1560	194
1561	127
1562	171
1563	102
1564	151
1565	178
1566	175
1567	145
1568	198
1569	193
1570	181
1571	176
1572	141
1573	173
1574	145
1575	178
1576	164
1577	166
1578	195
1579	172
1580	145
1581	161
1582	198
1583	174
1584	171
1585	171
1586	168
1587	180
1588	223
1589	206
1590	142
1591	204
1592	195
1593	204
1594	159
1595	206
1596	178
1597	185
1598	180
1599	130
1600	182
1601	157
1602	186
1603	167
1604	200
1605	170
1606	217
1607	219
1608	175
1609	163
1610	216
1611	220
1612	166
1613	163
1614	160
1615	162
1616	211
1617	195
1618	183
1619	152
1620	171
1621	164
1622	143
1623	178
1624	205
1625	204
1626	192
1627	191
1628	234
1629	135
1630	164
1631	162
1632	180
1633	151
1634	163
1635	195
1636	156
1637	146
1638	189
1639	195
1640	272
1641	171
1642	199
1643	245
1644	147
1645	199
1646	234
1647	210
1648	139
1649	172
1650	156
1651	223
1652	168
1653	175
1654	183
1655	160
1656	226
1657	150
1658	234
1659	200
1660	237
1661	194
1662	224
1663	214
1664	226
1665	172
1666	204
1667	189
1668	209
1669	193
1670	199
1671	151
1672	196
1673	129
1674	177
1675	157
1676	158
1677	160
1678	162
1679	189
1680	193
1681	206
1682	194
1683	152
1684	189
1685	193
1686	129
1687	199
1688	182
1689	109
1690	173
1691	220
1692	162
1693	233
1694	228
1695	189
1696	205
1697	182
1698	198
1699	183
1700	184
1701	127
1702	205
1703	183
1704	166
1705	189
1706	160
1707	196
1708	187
1709	189
1710	170
1711	243
1712	205
1713	190
1714	153
1715	203
1716	233
1717	184
1718	170
1719	179
1720	212
1721	196
1722	153
1723	152
1724	132
1725	204
1726	215
1727	187
1728	181
1729	161
1730	201
1731	182
1732	162
1733	204
1734	232
1735	218
1736	201
1737	163
1738	215
1739	202
1740	230
1741	239
1742	206
1743	252
1744	191
1745	175
1746	220
1747	199
1748	253
1749	251
1750	222
1751	196
1752	233
1753	150
1754	190
1755	230
1756	202
1757	190
1758	216
1759	332
1760	211
1761	203
1762	193
1763	226
1764	197
1765	235
1766	204
1767	204
1768	212
1769	215
1770	146
1771	184
1772	168
1773	174
1774	222
1775	165
1776	212
1777	207
1778	240
1779	230
1780	143
1781	221
1782	208
1783	212
1784	219
1785	191
1786	134
1787	193
1788	207
1789	184
1790	257
1791	255
1792	207
1793	210
1794	196
1795	188
1796	220
1797	182
1798	268
1799	164
1800	197
1801	103
1802	192
1803	188
1804	189
1805	212
1806	185
1807	237
1808	195
1809	137
1810	193
1811	190
1812	155
1813	208
1814	209
1815	210
1816	195
1817	213
1818	225
1819	224
1820	241
1821	239
1822	179
1823	265
1824	203
1825	248
1826	209
1827	192
1828	228
1829	251
1830	228
1831	204
1832	200
1833	239
1834	184
1835	211
1836	195
1837	242
1838	204
1839	256
1840	174
1841	227
1842	197
1843	240
1844	183
1845	196
1846	215
1847	267
1848	218
1849	252
1850	225
1851	193
1852	188
1853	160
1854	201
1855	193
1856	227
1857	193
1858	229
1859	221
1860	248
1861	176
1862	229
1863	150
1864	212
1865	161
1866	181
1867	190
1868	252
1869	241
1870	250
1871	276
1872	201
1873	218
1874	222
1875	204
1876	193
1877	199
1878	247
1879	275
1880	296
1881	176
1882	268
1883	214
1884	239
1885	222
1886	202
1887	198
1888	273
1889	227
1890	221
1891	227
1892	275
1893	181
1894	243
1895	226
1896	275
1897	198
1898	234
1899	259
1900	215
1901	204
1902	182
1903	253
1904	269
1905	200
1906	191
1907	196
1908	231
1909	328
1910	226
1911	218
1912	188
1913	221
1914	240
1915	232
1916	193
1917	223
1918	187
1919	264
1920	205
1921	197
1922	248
1923	170
1924	178
1925	205
1926	232
1927	241
1928	230
1929	253
1930	199
1931	253
1932	218
1933	184
1934	203
1935	274
1936	290
1937	235
1938	262
1939	226
1940	279
1941	233
1942	224
1943	191
1944	208
1945	226
1946	207
1947	193
1948	240
1949	223
1950	264
1951	202
1952	190
1953	251
1954	252
1955	209
1956	293
1957	211
1958	244
1959	218
1960	198
1961	212
1962	184
1963	229
1964	201
1965	196
1966	214
1967	230
1968	191
1969	185
1970	251
1971	216
1972	252
1973	210
1974	202
1975	260
1976	213
1977	239
1978	235
1979	300
1980	290
1981	201
1982	186
1983	191
1984	188
1985	289
1986	271
1987	235
1988	305
1989	189
1990	290
1991	264
1992	235
1993	227
1994	232
1995	216
1996	248
1997	205
1998	215
1999	236
2000	265
2001	240
2002	280
2003	217
2004	222
2005	248
2006	210
2007	216
2008	250
2009	216
2010	256
2011	196
2012	210
2013	222
2014	224
2015	276
2016	217
2017	192
2018	223
2019	189
2020	187
2021	219
2022	246
2023	201
2024	211
2025	238
2026	173
2027	159
2028	153
2029	251
2030	297
2031	240
2032	139
2033	197
2034	202
2035	158
2036	175
2037	241
2038	148
2039	166
2040	139
2041	329
2042	180
2043	157
2044	152
2045	142
2046	159
2047	176
