Instrument: Andor
X Size: 2048
Y Size: 64
Total Flux: 0.000
Total Counts: 341442
Background: 315.000000
Curvature: 0.0
Clipped to ROI: No
ROI: 1309 526 2539 1627
X	Counts
0	78
1	129
2	75
3	81
4	105
5	99
6	89
7	80
8	89
9	87
10	96
11	112
12	91
13	52
14	78
15	107
16	80
17	101
18	75
19	92
20	85
21	62
22	95
23	112
24	61
25	96
26	80
27	114
28	84
29	89
30	97
31	69
32	52
33	64
34	82
35	74
36	94
37	83
38	78
39	95
40	80
41	85
42	62
43	127
44	93
45	94
46	71
47	100
48	101
49	79
50	113
51	113
52	81
53	111
54	88
55	103
56	67
57	129
58	69
59	122
60	91
61	84
62	80
63	91
64	109
65	58
66	118
67	109
68	75
69	90
70	76
71	148
72	66
73	113
74	80
75	97
76	138
77	97
78	117
79	106
80	114
81	82
82	69
83	103
84	103
85	99
86	73
87	52
88	113
89	70
90	67
91	100
92	75
93	96
94	124
95	96
96	91
97	112
98	108
99	126
100	111
101	98
102	91
103	97
104	79
105	120
106	111
107	107
108	78
109	87
110	93
111	144
112	54
113	83
114	87
115	110
116	90
117	98
118	133
119	101
120	115
121	99
122	80
123	94
124	69
125	79
126	94
127	75
128	71
129	84
130	121
131	61
132	87
133	122
134	100
135	94
136	88
137	76
138	93
139	76
140	114
141	90
142	117
143	83
144	88
145	128
146	116
147	72
148	85
149	118
150	67
151	127
152	96
153	101
154	95
155	111
156	84
157	62
158	77
159	106
160	69
161	100
162	109
163	84
164	112
165	85
166	92
167	90
168	76
169	105
170	73
171	84
172	128
173	78
174	101
175	123
176	80
177	93
178	70
179	64
180	84
181	108
182	124
183	131
184	91
185	105
186	115
187	77
188	123
189	77
190	101
191	119
192	99
193	105
194	79
195	55
196	63
197	82
198	95
199	96
200	84
201	74
202	79
203	60
204	66
205	94
206	82
207	89
208	110
209	96
210	85
211	78
212	65
213	88
214	152
215	105
216	85
217	150
218	98
219	109
220	113
221	85
222	101
223	108
224	54
225	76
226	60
227	67
228	91
229	98
230	120
231	97
232	70
233	81
234	66
235	111
236	75
237	126
238	97
239	73
240	97
241	74
242	111
243	93
244	64
245	83
246	77
247	84
248	60
249	86
250	65
251	72
252	84
253	139
254	45
255	85
256	83
257	91
258	79
259	79
260	82
261	125
262	92
263	73
264	93
265	80
266	93
267	87
268	91
269	116
270	122
271	81
272	123
273	85
274	53
275	106
276	67
277	63
278	73
279	166
280	96
281	92
282	106
283	84
284	132
285	95
286	115
287	108
288	88
289	98
290	59
291	55
292	87
293	89
294	99
295	91
296	75
297	84
298	79
299	60
300	97
301	106
302	73
303	90
304	87
305	72
306	91
307	66
308	61
309	96
310	109
311	93
312	80
313	96
314	77
315	113
316	71
317	51
318	87
319	66
320	88
321	99
322	84
323	81
324	75
325	101
326	92
327	67
328	103
329	89
330	104
331	67
332	100
333	89
334	90
335	72
336	85
337	75
338	125
339	80
340	103
341	110
342	99
343	78
344	86
345	106
346	97
347	89
348	91
349	101
350	107
351	151
352	90
353	75
354	126
355	93
356	104
357	83
358	135
359	105
360	127
361	141
362	181
363	69
364	88
365	126
366	89
367	112
368	104
369	139
370	443
371	167
372	97
373	104
374	83
375	82
376	75
377	85
378	73
379	69
380	91
381	115
382	78
383	86
384	85
385	99
386	73
387	79
388	100
389	76
390	106
391	135
392	70
393	107
394	76
395	79
396	88
397	65
398	72
399	94
400	97
401	91
402	96
403	81
404	79
405	93
406	80
407	127
408	115
409	90
410	127
411	127
412	111
413	91
414	137
415	95
416	112
417	130
418	131
419	74
420	119
421	133
422	60
423	80
424	84
425	76
426	114
427	96
428	127
429	114
430	115
431	109
432	98
433	129
434	126
435	110
436	111
437	78
438	75
439	98
440	93
441	77
442	103
443	86
444	108
445	97
446	104
447	101
448	102
449	88
450	157
451	118
452	108
453	80
454	98
455	100
456	125
457	87
458	95
459	124
460	132
461	48
462	92
463	96
464	77
465	82
466	97
467	113
468	70
469	120
470	117
471	98
472	104
473	138
474	131
475	62
476	79
477	85
478	109
479	102
480	80
481	108
482	145
483	98
484	97
485	85
486	101
487	100
488	78
489	99
490	82
491	109
492	79
493	128
494	105
495	87
496	95
497	83
498	93
499	123
500	128
501	99
502	78
503	145
504	98
505	70
506	91
507	115
508	118
509	168
510	145
511	142
512	73
513	130
514	84
515	134
516	62
517	100
518	77
519	106
520	70
521	59
522	87
523	116
524	99
525	117
526	111
527	92
528	103
529	109
530	118
531	113
532	88
533	99
534	136
535	142
536	80
537	97
538	138
539	92
540	93
541	67
542	134
543	108
544	128
545	78
546	117
547	122
548	98
549	106
550	147
551	101
552	86
553	92
554	91
555	124
556	143
557	136
558	122
559	103
560	106
561	116
562	139
563	114
564	125
565	152
566	69
567	97
568	94
569	159
570	151
571	107
572	111
573	107
574	118
575	80
576	69
577	89
578	94
579	103
580	139
581	113
582	82
583	140
584	114
585	123
586	233
587	193
588	141
589	101
590	134
591	141
592	136
593	115
594	105
595	154
596	174
597	156
598	79
599	117
600	205
601	140
602	97
603	79
604	117
605	98
606	134
607	112
608	143
609	138
610	216
611	241
612	74
613	102
614	105
615	74
616	155
617	87
618	176
619	80
620	110
621	98
622	99
623	137
624	127
625	90
626	93
627	112
628	157
629	110
630	70
631	109
632	150
633	130
634	177
635	96
636	144
637	232
638	201
639	167
640	124
641	138
642	111
643	129
644	92
645	119
646	87
647	100
648	105
649	119
650	110
651	92
652	90
653	150
654	143
655	101
656	102
657	133
658	79
659	84
660	82
661	103
662	118
663	85
664	98
665	93
666	151
667	218
668	167
669	80
670	120
671	139
672	103
673	104
674	117
675	120
676	152
677	135
678	101
679	71
680	115
681	153
682	78
683	84
684	104
685	161
686	89
687	89
688	142
689	110
690	86
691	84
692	94
693	110
694	105
695	115
696	96
697	83
698	106
699	87
700	104
701	119
702	73
703	102
704	111
705	133
706	101
707	121
708	124
709	102
710	110
711	60
712	103
713	78
714	101
715	137
716	111
717	125
718	131
719	125
720	103
721	125
722	105
723	75
724	86
725	92
726	105
727	84
728	73
729	114
730	107
731	117
732	108
733	104
734	89
735	103
736	58
737	108
738	102
739	106
740	88
741	145
742	138
743	90
744	134
745	105
746	117
747	170
748	179
749	109
750	106
751	115
752	101
753	77
754	190
755	165
756	116
757	134
758	144
759	95
760	133
761	121
762	105
763	96
764	135
765	118
766	86
767	124
768	126
769	110
770	114
771	127
772	145
773	132
774	128
775	126
776	149
777	114
778	113
779	90
780	100
781	186
782	85
783	106
784	111
785	94
786	169
787	94
788	107
789	111
790	83
791	116
792	95
793	125
794	158
795	101
796	109
797	109
798	121
799	106
800	139
801	89
802	235
803	262
804	745
805	162
806	106
807	93
808	109
809	123
810	141
811	137
812	120
813	139
814	116
815	121
816	127
817	87
818	125
819	110
820	108
821	141
822	142
823	175
824	85
825	113
826	137
827	95
828	126
829	158
830	105
831	149
832	102
833	121
834	98
835	126
836	130
837	145
838	122
839	121
840	96
841	140
842	150
843	139
844	128
845	78
846	84
847	176
848	114
849	140
850	103
851	154
852	149
853	118
854	128
855	125
856	131
857	107
858	169
859	108
860	264
861	191
862	173
863	162
864	88
865	211
866	102
867	164
868	105
869	111
870	140
871	131
872	132
873	122
874	225
875	219
876	100
877	101
878	90
879	94
880	76
881	131
882	155
883	140
884	147
885	110
886	110
887	107
888	141
889	119
890	99
891	103
892	139
893	126
894	96
895	119
896	87
897	126
898	86
899	106
900	129
901	109
902	94
903	140
904	204
905	148
906	96
907	143
908	109
909	81
910	130
911	134
912	112
913	102
914	134
915	129
916	151
917	139
918	119
919	123
920	114
921	112
922	114
923	130
924	131
925	110
926	137
927	157
928	165
929	114
930	163
931	122
932	110
933	102
934	91
935	139
936	164
937	221
938	128
939	161
940	107
941	156
942	108
943	107
944	153
945	119
946	110
947	137
948	104
949	156
950	197
951	151
952	173
953	121
954	142
955	83
956	91
957	98
958	124
959	183
960	99
961	127
962	150
963	138
964	149
965	140
966	165
967	148
968	134
969	147
970	115
971	134
972	144
973	165
974	142
975	98
976	155
977	131
978	198
979	217
980	140
981	133
982	138
983	183
984	126
985	104
986	107
987	85
988	123
989	174
990	105
991	111
992	131
993	144
994	169
995	127
996	121
997	128
998	115
999	140
1000	117
1001	194
1002	122
1003	143
1004	166
1005	146
1006	137
1007	118
1008	149
1009	142
1010	118
1011	114
1012	164
1013	140
1014	153
1015	114
1016	172
1017	95
1018	127
1019	176
1020	121
1021	142
1022	165
1023	137
1024	118
1025	204
1026	216
1027	191
1028	202
1029	103
1030	136
1031	115
1032	138
1033	166
1034	148
1035	171
1036	108
1037	144
1038	117
1039	129
1040	183
1041	119
1042	152
1043	136
1044	157
1045	124
1046	152
1047	131
1048	159
1049	155
1050	140
1051	190
1052	143
1053	110
1054	123
1055	145
1056	212
1057	111
1058	162
1059	175
1060	152
1061	157
1062	164
1063	155
1064	137
1065	154
1066	128
1067	147
1068	179
1069	164
1070	143
1071	114
1072	158
1073	104
1074	156
1075	115
1076	158
1077	146
1078	142
1079	200
1080	88
1081	146
1082	137
1083	198
1084	162
1085	113
1086	146
1087	159
1088	197
1089	265
1090	125
1091	177
1092	154
1093	155
1094	121
1095	128
1096	149
1097	224
1098	140
1099	148
1100	173
1101	240
1102	193
1103	226
1104	127
1105	134
1106	150
1107	258
1108	270
1109	435
1110	270
1111	165
1112	198
1113	227
1114	355
1115	400
1116	514
1117	503
1118	412
1119	267
1120	301
1121	303
1122	435
1123	410
1124	307
1125	632
1126	434
1127	390
1128	654
1129	794
1130	995
1131	1120
1132	964
1133	1186
1134	722
1135	485
1136	551
1137	941
1138	803
1139	865
1140	406
1141	292
1142	240
1143	370
1144	604
1145	648
1146	504
1147	199
1148	174
1149	181
1150	338
1151	821
1152	915
1153	899
1154	631
1155	858
1156	448
1157	758
1158	401
1159	241
1160	312
1161	506
1162	807
1163	964
1164	1351
1165	1246
1166	1447
1167	1769
1168	2256
1169	1863
1170	2195
1171	1742
1172	1269
1173	730
1174	538
1175	407
1176	385
1177	351
1178	272
1179	420
1180	414
1181	773
1182	886
1183	717
1184	475
1185	383
1186	290
1187	410
1188	484
1189	557
1190	607
1191	451
1192	473
1193	455
1194	464
1195	559
1196	542
1197	269
1198	206
1199	304
1200	453
1201	612
1202	493
1203	355
1204	324
1205	208
1206	180
1207	511
1208	488
1209	320
1210	314
1211	336
1212	481
1213	472
1214	341
1215	431
1216	570
1217	568
1218	541
1219	386
1220	432
1221	434
1222	435
1223	214
1224	247
1225	229
1226	269
1227	240
1228	174
1229	128
1230	178
1231	340
1232	304
1233	303
1234	270
1235	299
1236	275
1237	201
1238	179
1239	157
1240	286
1241	176
1242	157
1243	181
1244	236
1245	159
1246	167
1247	177
1248	151
1249	147
1250	194
1251	198
1252	300
1253	297
1254	213
1255	203
1256	272
1257	176
1258	124
1259	147
1260	154
1261	159
1262	108
1263	121
1264	204
1265	207
1266	256
1267	184
1268	182
1269	147
1270	177
1271	180
1272	175
1273	135
1274	210
1275	203
1276	128
1277	148
1278	189
1279	206
1280	171
1281	166
1282	131
1283	155
1284	157
1285	136
1286	135
1287	179
1288	130
1289	119
1290	153
1291	193
1292	136
1293	186
1294	171
1295	134
1296	144
1297	115
1298	164
1299	146
1300	150
1301	140
1302	163
1303	264
1304	166
1305	184
1306	120
1307	167
1308	139
1309	127
1310	162
1311	241
1312	310
1313	196
1314	163
1315	188
1316	219
1317	177
1318	143
1319	175
1320	158
1321	147
1322	148
1323	124
1324	144
1325	175
1326	156
1327	123
1328	194
1329	195
1330	146
1331	180
1332	218
1333	189
1334	141
1335	174
1336	159
1337	161
1338	213
1339	159
1340	153
1341	218
1342	153
1343	155
1344	99
1345	132
1346	164
1347	131
1348	139
1349	175
1350	133
1351	134
1352	169
1353	148
1354	148
1355	138
1356	181
1357	166
1358	136
1359	155
1360	167
1361	174
1362	120
1363	141
1364	223
1365	172
1366	157
1367	124
1368	136
1369	115
1370	174
1371	145
1372	159
1373	165
1374	133
1375	128
1376	170
1377	181
1378	130
1379	139
1380	157
1381	95
1382	137
1383	185
1384	115
1385	153
1386	124
1387	119
1388	138
1389	167
1390	114
1391	152
1392	141
1393	154
1394	133
1395	135
1396	142
1397	156
1398	191
1399	104
1400	178
1401	105
1402	171
1403	134
1404	123
1405	144
1406	127
1407	178
1408	131
1409	209
1410	169
1411	174
1412	111
1413	126
1414	164
1415	204
1416	162
1417	167
1418	129
1419	192
1420	133
1421	141
1422	196
1423	111
1424	199
1425	185
1426	154
1427	191
1428	132
1429	184
1430	155
1431	189
1432	137
1433	148
1434	175
1435	164
1436	138
1437	202
1438	140
1439	140
1440	153
1441	140
1442	178
1443	98
1444	175
1445	101
1446	109
1447	157
1448	125
1449	157
1450	194
1451	190
1452	139
1453	169
1454	239
1455	203
1456	119
1457	166
1458	187
1459	124
1460	172
1461	178
1462	202
1463	136
1464	144
1465	121
1466	205
1467	155
1468	170
1469	160
1470	171
1471	132
1472	134
1473	164
1474	180
1475	191
1476	170
1477	88
1478	157
1479	149
1480	132
1481	136
1482	176
1483	136
1484	162
1485	174
1486	164
1487	117
1488	184
1489	159
1490	191
1491	153
1492	152
1493	186
1494	175
1495	228
1496	191
1497	180
1498	260
1499	236
1500	206
1501	136
1502	121
1503	155
1504	155
1505	135
1506	169
1507	174
1508	178
1509	150
1510	143
1511	139
1512	154
1513	161
1514	167
1515	166
1516	172
1517	164
1518	172
1519	138
1520	165
1521	137
1522	163
1523	159
1524	126
1525	134
1526	137
1527	180
1528	127
1529	158
1530	157
1531	139
1532	141
1533	155
1534	150
1535	180
1536	139
1537	168
1538	179
1539	153
1540	114
1541	185
1542	156
1543	196
1544	192
1545	153
1546	171
1547	164
1548	137
1549	145
1550	199
1551	122
1552	177
1553	134
1554	155
1555	103
1556	163
1557	163
1558	173
1559	214
1560	192
1561	148
1562	115
1563	129
1564	185
1565	163
1566	154
1567	168
1568	153
1569	146
1570	171
1571	133
1572	150
1573	199
1574	152
1575	140
1576	204
1577	108
1578	160
1579	198
1580	132
1581	143
1582	181
1583	145
1584	159
1585	122
1586	132
1587	230
1588	166
1589	182
1590	148
1591	182
1592	174
1593	216
1594	143
1595	171
1596	168
1597	168
1598	167
1599	171
1600	188
1601	125
1602	181
1603	131
1604	153
1605	184
1606	121
1607	138
1608	148
1609	169
1610	165
1611	176
1612	144
1613	180
1614	187
1615	116
1616	154
1617	120
1618	190
1619	138
1620	138
1621	181
1622	154
1623	156
1624	118
1625	179
1626	158
1627	211
1628	185
1629	146
1630	198
1631	178
1632	207
1633	124
1634	147
1635	190
1636	146
1637	145
1638	257
1639	180
1640	230
1641	284
1642	260
1643	226
1644	147
1645	136
1646	170
1647	193
1648	169
1649	190
1650	188
1651	211
1652	209
1653	173
1654	176
1655	164
1656	204
1657	181
1658	230
1659	135
1660	202
1661	148
1662	150
1663	154
1664	142
1665	173
1666	184
1667	196
1668	235
1669	163
1670	197
1671	168
1672	149
1673	151
1674	157
1675	192
1676	169
1677	145
1678	130
1679	174
1680	160
1681	196
1682	139
1683	176
1684	172
1685	152
1686	127
1687	162
1688	140
1689	127
1690	187
1691	232
1692	150
1693	133
1694	198
1695	137
1696	200
1697	157
1698	227
1699	162
1700	139
1701	193
1702	162
1703	186
1704	165
1705	134
1706	297
1707	254
1708	162
1709	153
1710	161
1711	195
1712	139
1713	214
1714	185
1715	142
1716	159
1717	137
1718	178
1719	180
1720	179
1721	172
1722	157
1723	186
1724	127
1725	190
1726	171
1727	174
1728	193
1729	178
1730	182
1731	206
1732	158
1733	199
1734	157
1735	234
1736	139
1737	173
1738	233
1739	203
1740	194
1741	199
1742	187
1743	175
1744	197
1745	163
1746	184
1747	175
1748	179
1749	199
1750	158
1751	170
1752	185
1753	188
1754	214
1755	192
1756	165
1757	128
1758	164
1759	189
1760	226
1761	196
1762	218
1763	165
1764	185
1765	182
1766	201
1767	206
1768	137
1769	240
1770	230
1771	164
1772	131
1773	190
1774	205
1775	181
1776	199
1777	146
1778	190
1779	199
1780	188
1781	172
1782	164
1783	212
1784	311
1785	231
1786	174
1787	149
1788	154
1789	224
1790	157
1791	178
1792	149
1793	196
1794	179
1795	205
1796	180
1797	184
1798	152
1799	153
1800	181
1801	144
1802	182
1803	194
1804	182
1805	180
1806	169
1807	193
1808	196
1809	204
1810	194
1811	206
1812	177
1813	151
1814	215
1815	215
1816	130
1817	250
1818	170
1819	211
1820	261
1821	148
1822	184
1823	205
1824	244
1825	280
1826	233
1827	178
1828	180
1829	150
1830	186
1831	149
1832	204
1833	214
1834	173
1835	199
1836	216
1837	173
1838	165
1839	196
1840	215
1841	175
1842	206
1843	233
1844	228
1845	201
1846	179
1847	164
1848	193
1849	200
1850	198
1851	174
1852	166
1853	208
1854	211
1855	177
1856	222
1857	201
1858	216
1859	220
1860	227
1861	182
1862	203
1863	193
1864	181
1865	134
1866	187
1867	186
1868	220
1869	238
1870	215
1871	272
1872	160
1873	170
1874	174
1875	177
1876	264
1877	289
1878	218
1879	225
1880	278
1881	203
1882	191
1883	166
1884	190
1885	209
1886	172
1887	143
1888	303
1889	254
1890	229
1891	202
1892	263
1893	187
1894	220
1895	179
1896	211
1897	162
1898	255
1899	232
1900	226
1901	263
1902	139
1903	200
1904	135
1905	192
1906	165
1907	176
1908	215
1909	207
1910	233
1911	189
1912	187
1913	170
1914	289
1915	190
1916	244
1917	175
1918	165
1919	198
1920	168
1921	181
1922	215
1923	181
1924	205
1925	282
1926	250
1927	256
1928	200
1929	190
1930	325
1931	220
1932	197
1933	209
1934	208
1935	164
1936	229
1937	159
1938	224
1939	263
1940	250
1941	230
1942	186
1943	217
1944	157
1945	243
1946	296
1947	229
1948	191
1949	209
1950	176
1951	209
1952	212
1953	265
1954	268
1955	211
1956	232
1957	178
1958	162
1959	202
1960	157
1961	284
1962	197
1963	270
1964	222
1965	177
1966	242
1967	206
1968	171
1969	236
1970	212
1971	250
1972	269
1973	285
1974	196
1975	194
1976	231
1977	202
1978	201
1979	221
1980	201
1981	183
1982	207
1983	162
1984	133
1985	299
1986	342
1987	220
1988	213
1989	185
1990	192
1991	258
1992	218
1993	218
1994	182
1995	167
1996	188
1997	173
1998	256
1999	217
2000	211
2001	221
2002	178
2003	215
2004	233
2005	250
2006	190
2007	166
2008	200
2009	237
2010	201
2011	252
2012	353
2013	217
2014	211
2015	206
2016	193
2017	186
2018	181
2019	198
2020	214
2021	174
2022	226
2023	222
2024	316
2025	270
2026	184
2027	197
2028	167
2029	213
2030	176
2031	165
2032	207
2033	195
2034	234
2035	187
2036	175
2037	154
2038	243
2039	165
2040	145
2041	97
2042	169
2043	298
2044	440
2045	263
2046	159
2047	51
