Instrument: Andor
X Size: 2048
Y Size: 64
Total Flux: 0.000
Total Counts: 292938
Background: 315.000000
Curvature: 0.0
Clipped to ROI: No
ROI: 1309 526 2539 1627
X	Counts
0	108
1	81
2	85
3	123
4	83
5	45
6	76
7	52
8	67
9	83
10	41
11	78
12	73
13	72
14	67
15	88
16	78
17	97
18	102
19	62
20	40
21	42
22	92
23	72
24	84
25	106
26	78
27	52
28	69
29	55
30	65
31	68
32	63
33	52
34	64
35	102
36	59
37	71
38	94
39	80
40	75
41	60
42	55
43	112
44	83
45	53
46	45
47	47
48	68
49	41
50	71
51	83
52	50
53	82
54	54
55	87
56	40
57	80
58	67
59	79
60	67
61	75
62	45
63	56
64	68
65	65
66	47
67	105
68	52
69	89
70	54
71	84
72	82
73	53
74	70
75	93
76	119
77	91
78	79
79	75
80	81
81	66
82	92
83	91
84	84
85	56
86	119
87	77
88	57
89	91
90	99
91	78
92	69
93	67
94	124
95	73
96	99
97	67
98	32
99	95
100	120
101	79
102	110
103	91
104	79
105	97
106	66
107	77
108	88
109	62
110	60
111	92
112	34
113	59
114	83
115	76
116	97
117	80
118	65
119	105
120	66
121	92
122	69
123	74
124	99
125	64
126	56
127	96
128	62
129	83
130	62
131	51
132	110
133	79
134	96
135	78
136	90
137	96
138	69
139	63
140	91
141	71
142	69
143	80
144	85
145	85
146	90
147	107
148	112
149	105
150	118
151	86
152	105
153	64
154	79
155	100
156	99
157	90
158	50
159	87
160	68
161	104
162	83
163	71
164	80
165	63
166	108
167	85
168	83
169	71
170	58
171	95
172	40
173	64
174	92
175	86
176	115
177	73
178	96
179	62
180	98
181	86
182	91
183	86
184	73
185	63
186	54
187	91
188	85
189	80
190	68
191	91
192	87
193	96
194	84
195	55
196	89
197	89
198	84
199	115
200	57
201	53
202	69
203	82
204	90
205	53
206	90
207	56
208	46
209	101
210	64
211	87
212	51
213	55
214	63
215	67
216	68
217	59
218	50
219	74
220	94
221	89
222	70
223	80
224	66
225	93
226	69
227	67
228	50
229	84
230	74
231	73
232	73
233	64
234	72
235	94
236	56
237	74
238	61
239	70
240	57
241	93
242	80
243	64
244	49
245	63
246	101
247	71
248	46
249	52
250	73
251	72
252	105
253	82
254	103
255	65
256	67
257	94
258	64
259	88
260	73
261	63
262	83
263	107
264	52
265	80
266	76
267	70
268	73
269	71
270	52
271	96
272	85
273	58
274	78
275	98
276	54
277	40
278	51
279	73
280	76
281	61
282	73
283	67
284	79
285	58
286	95
287	95
288	65
289	177
290	91
291	69
292	58
293	53
294	58
295	77
296	76
297	81
298	58
299	75
300	65
301	82
302	56
303	76
304	64
305	74
306	40
307	94
308	56
309	59
310	40
311	66
312	66
313	44
314	56
315	71
316	63
317	46
318	92
319	68
320	74
321	72
322	82
323	89
324	75
325	114
326	75
327	71
328	53
329	30
330	73
331	40
332	51
333	68
334	85
335	61
336	58
337	51
338	59
339	44
340	56
341	90
342	72
343	85
344	48
345	61
346	96
347	92
348	43
349	55
350	68
351	83
352	53
353	65
354	86
355	53
356	80
357	51
358	69
359	61
360	65
361	56
362	98
363	66
364	84
365	98
366	87
367	90
368	56
369	53
370	43
371	92
372	38
373	91
374	67
375	123
376	73
377	74
378	61
379	92
380	97
381	64
382	78
383	73
384	55
385	94
386	53
387	88
388	69
389	82
390	83
391	73
392	88
393	100
394	64
395	85
396	65
397	36
398	87
399	47
400	96
401	77
402	96
403	47
404	47
405	68
406	86
407	70
408	102
409	57
410	111
411	89
412	88
413	56
414	79
415	100
416	63
417	53
418	81
419	84
420	131
421	108
422	87
423	75
424	81
425	104
426	78
427	107
428	116
429	94
430	79
431	78
432	87
433	73
434	97
435	88
436	81
437	50
438	58
439	113
440	147
441	156
442	53
443	97
444	90
445	69
446	63
447	76
448	78
449	60
450	115
451	77
452	129
453	90
454	52
455	80
456	78
457	83
458	107
459	96
460	69
461	102
462	95
463	80
464	98
465	93
466	66
467	69
468	62
469	104
470	54
471	91
472	87
473	50
474	99
475	77
476	103
477	81
478	83
479	86
480	106
481	127
482	101
483	85
484	82
485	100
486	155
487	84
488	83
489	65
490	68
491	128
492	87
493	64
494	68
495	68
496	86
497	75
498	89
499	80
500	55
501	76
502	96
503	69
504	81
505	71
506	80
507	74
508	63
509	102
510	80
511	91
512	76
513	64
514	75
515	70
516	71
517	87
518	90
519	139
520	79
521	114
522	127
523	56
524	83
525	64
526	105
527	69
528	108
529	84
530	81
531	47
532	81
533	45
534	100
535	94
536	73
537	123
538	148
539	75
540	94
541	83
542	110
543	52
544	85
545	66
546	107
547	93
548	74
549	89
550	84
551	71
552	68
553	94
554	86
555	73
556	125
557	71
558	59
559	62
560	114
561	110
562	132
563	95
564	70
565	86
566	101
567	75
568	85
569	85
570	67
571	83
572	95
573	158
574	208
575	188
576	112
577	126
578	49
579	107
580	84
581	84
582	49
583	91
584	49
585	80
586	67
587	146
588	99
589	165
590	191
591	135
592	77
593	102
594	162
595	105
596	121
597	101
598	83
599	110
600	200
601	150
602	86
603	125
604	228
605	186
606	233
607	304
608	145
609	89
610	125
611	64
612	103
613	82
614	71
615	73
616	79
617	101
618	88
619	81
620	105
621	69
622	150
623	51
624	62
625	67
626	61
627	94
628	85
629	104
630	68
631	167
632	86
633	74
634	84
635	90
636	78
637	85
638	86
639	143
640	139
641	77
642	152
643	105
644	142
645	110
646	82
647	82
648	115
649	94
650	78
651	58
652	71
653	91
654	120
655	77
656	105
657	101
658	90
659	93
660	60
661	71
662	54
663	94
664	69
665	62
666	118
667	65
668	88
669	96
670	67
671	102
672	61
673	82
674	110
675	158
676	95
677	86
678	73
679	85
680	104
681	69
682	87
683	94
684	63
685	78
686	95
687	82
688	78
689	56
690	103
691	70
692	60
693	95
694	83
695	67
696	82
697	110
698	110
699	95
700	88
701	83
702	50
703	103
704	119
705	184
706	183
707	182
708	84
709	103
710	93
711	89
712	85
713	66
714	84
715	96
716	95
717	107
718	96
719	112
720	80
721	89
722	86
723	71
724	54
725	102
726	83
727	46
728	87
729	79
730	103
731	65
732	131
733	83
734	68
735	75
736	100
737	93
738	115
739	70
740	83
741	105
742	64
743	70
744	101
745	83
746	75
747	77
748	82
749	105
750	120
751	69
752	95
753	63
754	76
755	113
756	67
757	142
758	73
759	77
760	91
761	116
762	100
763	114
764	98
765	86
766	77
767	62
768	119
769	116
770	122
771	86
772	90
773	111
774	69
775	67
776	104
777	90
778	93
779	83
780	126
781	105
782	80
783	69
784	90
785	89
786	79
787	99
788	109
789	109
790	108
791	113
792	114
793	74
794	103
795	105
796	69
797	127
798	122
799	101
800	116
801	97
802	94
803	102
804	82
805	85
806	61
807	100
808	113
809	140
810	129
811	101
812	109
813	94
814	104
815	153
816	135
817	88
818	107
819	72
820	95
821	129
822	88
823	143
824	109
825	73
826	109
827	105
828	112
829	125
830	115
831	79
832	88
833	102
834	91
835	124
836	76
837	75
838	107
839	107
840	68
841	108
842	127
843	100
844	129
845	143
846	87
847	71
848	102
849	107
850	99
851	111
852	132
853	83
854	141
855	129
856	95
857	141
858	161
859	74
860	84
861	119
862	74
863	83
864	93
865	132
866	130
867	106
868	90
869	80
870	98
871	100
872	138
873	78
874	133
875	125
876	118
877	147
878	98
879	89
880	130
881	112
882	104
883	106
884	155
885	124
886	111
887	96
888	120
889	122
890	91
891	83
892	109
893	124
894	146
895	134
896	137
897	137
898	76
899	100
900	115
901	96
902	140
903	120
904	147
905	81
906	97
907	120
908	67
909	112
910	109
911	131
912	92
913	88
914	119
915	158
916	137
917	146
918	88
919	120
920	128
921	121
922	99
923	59
924	122
925	91
926	105
927	111
928	78
929	78
930	101
931	111
932	86
933	88
934	114
935	98
936	140
937	480
938	111
939	92
940	110
941	109
942	110
943	78
944	145
945	118
946	98
947	106
948	87
949	92
950	125
951	119
952	94
953	93
954	125
955	104
956	112
957	173
958	165
959	115
960	108
961	123
962	91
963	110
964	99
965	96
966	98
967	112
968	81
969	139
970	127
971	108
972	109
973	131
974	108
975	108
976	90
977	94
978	145
979	67
980	73
981	95
982	165
983	149
984	110
985	133
986	81
987	103
988	99
989	156
990	79
991	109
992	122
993	99
994	99
995	72
996	135
997	79
998	104
999	105
1000	60
1001	103
1002	60
1003	94
1004	92
1005	110
1006	90
1007	125
1008	114
1009	103
1010	113
1011	111
1012	81
1013	79
1014	130
1015	100
1016	82
1017	139
1018	75
1019	100
1020	121
1021	134
1022	130
1023	120
1024	102
1025	127
1026	91
1027	149
1028	121
1029	107
1030	115
1031	173
1032	136
1033	262
1034	116
1035	166
1036	97
1037	109
1038	106
1039	137
1040	140
1041	103
1042	76
1043	108
1044	92
1045	115
1046	102
1047	188
1048	153
1049	145
1050	122
1051	107
1052	167
1053	111
1054	84
1055	142
1056	147
1057	151
1058	130
1059	129
1060	132
1061	122
1062	89
1063	138
1064	132
1065	150
1066	227
1067	181
1068	160
1069	127
1070	105
1071	103
1072	142
1073	127
1074	252
1075	139
1076	84
1077	88
1078	101
1079	128
1080	97
1081	160
1082	161
1083	144
1084	129
1085	106
1086	104
1087	105
1088	142
1089	155
1090	139
1091	114
1092	159
1093	129
1094	99
1095	191
1096	271
1097	178
1098	142
1099	129
1100	163
1101	165
1102	127
1103	300
1104	303
1105	280
1106	185
1107	124
1108	121
1109	230
1110	327
1111	195
1112	177
1113	353
1114	288
1115	170
1116	121
1117	230
1118	141
1119	117
1120	155
1121	204
1122	253
1123	201
1124	141
1125	196
1126	599
1127	883
1128	1130
1129	492
1130	733
1131	1014
1132	934
1133	795
1134	1222
1135	1195
1136	1178
1137	602
1138	1253
1139	971
1140	701
1141	432
1142	554
1143	656
1144	225
1145	298
1146	375
1147	205
1148	311
1149	536
1150	267
1151	211
1152	157
1153	214
1154	298
1155	434
1156	362
1157	236
1158	283
1159	383
1160	421
1161	471
1162	415
1163	333
1164	286
1165	411
1166	1029
1167	782
1168	823
1169	975
1170	1566
1171	1751
1172	2116
1173	1448
1174	1496
1175	1277
1176	928
1177	889
1178	581
1179	910
1180	622
1181	431
1182	340
1183	340
1184	201
1185	168
1186	403
1187	698
1188	700
1189	534
1190	453
1191	403
1192	416
1193	231
1194	245
1195	339
1196	455
1197	269
1198	257
1199	363
1200	319
1201	323
1202	417
1203	314
1204	379
1205	227
1206	486
1207	384
1208	280
1209	245
1210	545
1211	246
1212	184
1213	277
1214	483
1215	725
1216	264
1217	330
1218	297
1219	201
1220	331
1221	255
1222	346
1223	219
1224	472
1225	279
1226	276
1227	133
1228	244
1229	322
1230	205
1231	163
1232	158
1233	235
1234	193
1235	318
1236	201
1237	177
1238	331
1239	382
1240	346
1241	117
1242	153
1243	97
1244	247
1245	197
1246	198
1247	139
1248	190
1249	186
1250	242
1251	336
1252	334
1253	279
1254	241
1255	209
1256	280
1257	270
1258	96
1259	95
1260	139
1261	226
1262	238
1263	150
1264	138
1265	162
1266	142
1267	113
1268	139
1269	216
1270	215
1271	109
1272	138
1273	118
1274	146
1275	301
1276	203
1277	111
1278	136
1279	117
1280	158
1281	110
1282	175
1283	130
1284	196
1285	163
1286	85
1287	109
1288	97
1289	115
1290	116
1291	153
1292	201
1293	255
1294	121
1295	123
1296	120
1297	59
1298	125
1299	150
1300	99
1301	100
1302	123
1303	131
1304	57
1305	131
1306	116
1307	98
1308	108
1309	121
1310	116
1311	132
1312	103
1313	162
1314	170
1315	136
1316	124
1317	182
1318	165
1319	127
1320	150
1321	141
1322	155
1323	132
1324	126
1325	142
1326	178
1327	188
1328	118
1329	120
1330	98
1331	105
1332	118
1333	176
1334	58
1335	156
1336	120
1337	109
1338	173
1339	125
1340	132
1341	149
1342	132
1343	133
1344	153
1345	246
1346	158
1347	131
1348	137
1349	100
1350	124
1351	155
1352	127
1353	122
1354	110
1355	127
1356	82
1357	140
1358	144
1359	105
1360	120
1361	107
1362	86
1363	133
1364	140
1365	145
1366	120
1367	140
1368	160
1369	104
1370	112
1371	104
1372	116
1373	109
1374	123
1375	121
1376	118
1377	137
1378	170
1379	89
1380	113
1381	102
1382	94
1383	140
1384	70
1385	147
1386	117
1387	110
1388	97
1389	147
1390	133
1391	133
1392	138
1393	119
1394	112
1395	120
1396	126
1397	135
1398	101
1399	119
1400	134
1401	109
1402	162
1403	119
1404	97
1405	98
1406	110
1407	144
1408	102
1409	90
1410	147
1411	114
1412	154
1413	103
1414	83
1415	127
1416	98
1417	139
1418	161
1419	139
1420	98
1421	105
1422	111
1423	119
1424	131
1425	97
1426	139
1427	135
1428	109
1429	146
1430	124
1431	158
1432	156
1433	168
1434	160
1435	114
1436	116
1437	156
1438	137
1439	138
1440	153
1441	155
1442	110
1443	125
1444	123
1445	102
1446	133
1447	168
1448	97
1449	119
1450	160
1451	161
1452	111
1453	90
1454	166
1455	137
1456	130
1457	237
1458	126
1459	147
1460	179
1461	131
1462	139
1463	140
1464	129
1465	84
1466	107
1467	149
1468	122
1469	168
1470	97
1471	121
1472	114
1473	143
1474	163
1475	152
1476	137
1477	132
1478	111
1479	120
1480	108
1481	176
1482	158
1483	146
1484	145
1485	87
1486	173
1487	141
1488	152
1489	110
1490	136
1491	143
1492	133
1493	123
1494	141
1495	122
1496	106
1497	168
1498	122
1499	182
1500	175
1501	114
1502	99
1503	118
1504	108
1505	121
1506	95
1507	125
1508	154
1509	179
1510	114
1511	168
1512	158
1513	131
1514	140
1515	153
1516	134
1517	115
1518	167
1519	102
1520	143
1521	90
1522	133
1523	113
1524	133
1525	121
1526	128
1527	177
1528	115
1529	139
1530	128
1531	158
1532	123
1533	142
1534	125
1535	116
1536	117
1537	122
1538	184
1539	137
1540	96
1541	135
1542	138
1543	137
1544	125
1545	126
1546	122
1547	149
1548	122
1549	172
1550	165
1551	130
1552	173
1553	151
1554	107
1555	119
1556	163
1557	140
1558	141
1559	140
1560	143
1561	136
1562	106
1563	123
1564	131
1565	122
1566	129
1567	128
1568	195
1569	170
1570	144
1571	138
1572	135
1573	170
1574	147
1575	166
1576	175
1577	107
1578	143
1579	125
1580	118
1581	96
1582	169
1583	134
1584	116
1585	182
1586	132
1587	214
1588	159
1589	149
1590	89
1591	187
1592	205
1593	167
1594	191
1595	150
1596	128
1597	173
1598	165
1599	138
1600	160
1601	126
1602	141
1603	108
1604	131
1605	183
1606	105
1607	126
1608	137
1609	157
1610	113
1611	144
1612	179
1613	176
1614	224
1615	147
1616	152
1617	112
1618	154
1619	124
1620	160
1621	93
1622	123
1623	165
1624	149
1625	117
1626	111
1627	177
1628	174
1629	71
1630	116
1631	172
1632	169
1633	129
1634	189
1635	122
1636	156
1637	135
1638	161
1639	160
1640	173
1641	151
1642	159
1643	142
1644	110
1645	129
1646	181
1647	192
1648	141
1649	165
1650	115
1651	158
1652	165
1653	142
1654	135
1655	143
1656	176
1657	146
1658	167
1659	118
1660	177
1661	103
1662	132
1663	116
1664	178
1665	146
1666	139
1667	129
1668	133
1669	163
1670	155
1671	108
1672	152
1673	137
1674	112
1675	188
1676	143
1677	165
1678	176
1679	145
1680	174
1681	206
1682	176
1683	164
1684	151
1685	136
1686	112
1687	170
1688	124
1689	153
1690	162
1691	151
1692	170
1693	121
1694	137
1695	230
1696	153
1697	115
1698	145
1699	148
1700	132
1701	123
1702	155
1703	152
1704	145
1705	136
1706	158
1707	174
1708	173
1709	261
1710	236
1711	199
1712	139
1713	145
1714	165
1715	121
1716	158
1717	184
1718	157
1719	145
1720	151
1721	135
1722	136
1723	178
1724	111
1725	181
1726	182
1727	150
1728	159
1729	162
1730	224
1731	175
1732	123
1733	167
1734	138
1735	201
1736	162
1737	130
1738	175
1739	152
1740	207
1741	179
1742	202
1743	126
1744	155
1745	115
1746	165
1747	138
1748	180
1749	179
1750	166
1751	146
1752	148
1753	144
1754	166
1755	168
1756	163
1757	133
1758	187
1759	193
1760	163
1761	117
1762	201
1763	170
1764	158
1765	151
1766	150
1767	136
1768	145
1769	168
1770	138
1771	192
1772	161
1773	177
1774	241
1775	101
1776	179
1777	138
1778	149
1779	205
1780	147
1781	131
1782	169
1783	198
1784	149
1785	111
1786	158
1787	174
1788	181
1789	197
1790	184
1791	200
1792	165
1793	179
1794	157
1795	173
1796	167
1797	153
1798	185
1799	164
1800	159
1801	143
1802	180
1803	186
1804	172
1805	137
1806	159
1807	177
1808	133
1809	161
1810	136
1811	150
1812	146
1813	167
1814	153
1815	165
1816	179
1817	147
1818	173
1819	175
1820	195
1821	218
1822	180
1823	158
1824	164
1825	181
1826	206
1827	170
1828	175
1829	165
1830	145
1831	145
1832	183
1833	221
1834	140
1835	140
1836	202
1837	161
1838	184
1839	195
1840	200
1841	149
1842	143
1843	180
1844	164
1845	245
1846	160
1847	147
1848	145
1849	194
1850	168
1851	166
1852	143
1853	121
1854	213
1855	124
1856	180
1857	169
1858	218
1859	198
1860	244
1861	166
1862	149
1863	191
1864	170
1865	140
1866	147
1867	161
1868	165
1869	226
1870	265
1871	252
1872	142
1873	196
1874	152
1875	143
1876	156
1877	212
1878	129
1879	141
1880	168
1881	200
1882	205
1883	172
1884	211
1885	180
1886	225
1887	164
1888	202
1889	205
1890	146
1891	201
1892	195
1893	137
1894	175
1895	166
1896	221
1897	163
1898	191
1899	259
1900	194
1901	185
1902	195
1903	227
1904	189
1905	200
1906	148
1907	181
1908	185
1909	150
1910	148
1911	153
1912	109
1913	130
1914	237
1915	202
1916	213
1917	197
1918	197
1919	234
1920	181
1921	163
1922	182
1923	147
1924	193
1925	200
1926	221
1927	257
1928	214
1929	177
1930	200
1931	192
1932	202
1933	144
1934	190
1935	205
1936	212
1937	132
1938	164
1939	188
1940	229
1941	196
1942	148
1943	154
1944	172
1945	220
1946	254
1947	214
1948	210
1949	229
1950	251
1951	182
1952	216
1953	160
1954	188
1955	234
1956	193
1957	176
1958	177
1959	184
1960	206
1961	192
1962	208
1963	202
1964	206
1965	247
1966	237
1967	233
1968	248
1969	205
1970	250
1971	142
1972	172
1973	193
1974	157
1975	235
1976	257
1977	210
1978	171
1979	197
1980	198
1981	174
1982	188
1983	186
1984	169
1985	203
1986	219
1987	186
1988	167
1989	194
1990	192
1991	242
1992	223
1993	175
1994	342
1995	287
1996	205
1997	222
1998	167
1999	195
2000	190
2001	210
2002	167
2003	213
2004	217
2005	225
2006	189
2007	177
2008	189
2009	201
2010	172
2011	190
2012	212
2013	202
2014	176
2015	198
2016	176
2017	144
2018	122
2019	222
2020	190
2021	236
2022	263
2023	366
2024	260
2025	181
2026	171
2027	184
2028	175
2029	182
2030	164
2031	127
2032	110
2033	125
2034	144
2035	136
2036	145
2037	124
2038	151
2039	146
2040	171
2041	115
2042	124
2043	120
2044	296
2045	93
2046	145
2047	151
