Instrument: Andor
X Size: 2048
Y Size: 64
Total Flux: 0.000
Total Counts: 349601
Background: 314.000000
Curvature: 0.0
Clipped to ROI: No
ROI: 1309 526 2539 1627
X	Counts
0	90
1	71
2	130
3	65
4	86
5	78
6	97
7	56
8	109
9	135
10	93
11	116
12	100
13	102
14	83
15	94
16	120
17	101
18	115
19	70
20	104
21	96
22	81
23	78
24	112
25	110
26	102
27	95
28	69
29	83
30	79
31	107
32	104
33	85
34	111
35	81
36	87
37	53
38	160
39	100
40	103
41	94
42	116
43	108
44	119
45	99
46	117
47	110
48	118
49	90
50	88
51	111
52	69
53	84
54	83
55	151
56	109
57	91
58	96
59	106
60	136
61	117
62	108
63	140
64	128
65	106
66	96
67	122
68	106
69	118
70	87
71	91
72	121
73	123
74	94
75	97
76	92
77	128
78	111
79	119
80	125
81	114
82	84
83	99
84	105
85	104
86	81
87	70
88	67
89	108
90	103
91	134
92	146
93	123
94	130
95	93
96	93
97	89
98	99
99	94
100	131
101	106
102	146
103	110
104	141
105	208
106	117
107	90
108	100
109	78
110	101
111	117
112	110
113	113
114	97
115	91
116	146
117	88
118	106
119	153
120	94
121	78
122	66
123	103
124	88
125	106
126	94
127	85
128	98
129	119
130	94
131	54
132	102
133	114
134	92
135	77
136	109
137	114
138	98
139	105
140	125
141	102
142	128
143	120
144	109
145	87
146	121
147	101
148	121
149	49
150	105
151	114
152	96
153	83
154	71
155	130
156	110
157	149
158	111
159	137
160	59
161	130
162	108
163	96
164	90
165	84
166	86
167	105
168	96
169	129
170	111
171	101
172	160
173	85
174	99
175	83
176	76
177	109
178	129
179	87
180	136
181	95
182	120
183	106
184	71
185	75
186	109
187	122
188	122
189	120
190	152
191	113
192	114
193	82
194	118
195	93
196	103
197	87
198	83
199	98
200	129
201	107
202	127
203	118
204	89
205	82
206	98
207	97
208	115
209	129
210	110
211	75
212	128
213	106
214	143
215	71
216	102
217	101
218	106
219	118
220	61
221	151
222	99
223	112
224	105
225	122
226	117
227	111
228	94
229	134
230	81
231	100
232	130
233	62
234	79
235	104
236	114
237	84
238	105
239	64
240	121
241	103
242	113
243	101
244	105
245	137
246	168
247	143
248	106
249	83
250	157
251	105
252	105
253	110
254	140
255	100
256	111
257	85
258	114
259	115
260	100
261	130
262	129
263	117
264	95
265	81
266	98
267	116
268	109
269	128
270	128
271	92
272	105
273	115
274	71
275	87
276	88
277	80
278	84
279	98
280	85
281	72
282	95
283	92
284	87
285	143
286	92
287	108
288	70
289	97
290	60
291	107
292	78
293	85
294	117
295	117
296	104
297	87
298	84
299	97
300	99
301	83
302	104
303	110
304	113
305	93
306	108
307	132
308	84
309	117
310	114
311	102
312	105
313	121
314	66
315	100
316	125
317	89
318	97
319	89
320	92
321	84
322	96
323	101
324	89
325	129
326	103
327	78
328	147
329	90
330	144
331	59
332	102
333	154
334	162
335	96
336	135
337	88
338	87
339	72
340	133
341	93
342	105
343	78
344	112
345	104
346	89
347	118
348	81
349	94
350	114
351	92
352	98
353	95
354	107
355	110
356	108
357	102
358	92
359	106
360	144
361	136
362	164
363	119
364	100
365	77
366	84
367	117
368	89
369	122
370	81
371	86
372	91
373	118
374	114
375	80
376	161
377	157
378	98
379	179
380	126
381	91
382	56
383	87
384	102
385	93
386	143
387	119
388	89
389	119
390	83
391	103
392	97
393	102
394	75
395	131
396	104
397	60
398	110
399	150
400	98
401	114
402	123
403	121
404	78
405	105
406	90
407	119
408	106
409	119
410	108
411	108
412	122
413	55
414	96
415	117
416	126
417	125
418	101
419	111
420	130
421	112
422	72
423	124
424	150
425	114
426	116
427	75
428	96
429	103
430	106
431	103
432	125
433	108
434	157
435	126
436	106
437	100
438	98
439	92
440	106
441	109
442	173
443	88
444	109
445	108
446	135
447	138
448	128
449	97
450	97
451	99
452	94
453	87
454	142
455	113
456	104
457	156
458	106
459	138
460	157
461	123
462	121
463	111
464	92
465	122
466	89
467	116
468	69
469	134
470	144
471	116
472	128
473	143
474	130
475	77
476	100
477	107
478	132
479	107
480	142
481	112
482	108
483	109
484	129
485	102
486	109
487	139
488	97
489	134
490	123
491	149
492	148
493	132
494	110
495	123
496	113
497	114
498	110
499	134
500	91
501	86
502	132
503	171
504	114
505	108
506	97
507	239
508	281
509	163
510	113
511	131
512	83
513	103
514	103
515	126
516	90
517	124
518	147
519	150
520	141
521	112
522	97
523	89
524	106
525	166
526	159
527	130
528	101
529	130
530	111
531	102
532	139
533	88
534	156
535	127
536	127
537	99
538	113
539	169
540	121
541	106
542	120
543	134
544	129
545	74
546	143
547	98
548	119
549	148
550	122
551	108
552	110
553	72
554	138
555	127
556	119
557	143
558	109
559	131
560	128
561	106
562	125
563	123
564	133
565	116
566	131
567	149
568	128
569	124
570	159
571	120
572	127
573	92
574	114
575	134
576	108
577	137
578	113
579	102
580	136
581	138
582	72
583	146
584	103
585	138
586	96
587	86
588	114
589	109
590	93
591	83
592	91
593	116
594	109
595	139
596	102
597	146
598	124
599	168
600	171
601	178
602	66
603	110
604	130
605	90
606	108
607	108
608	148
609	140
610	126
611	115
612	83
613	104
614	139
615	93
616	149
617	83
618	108
619	95
620	168
621	170
622	127
623	135
624	110
625	124
626	112
627	108
628	134
629	189
630	156
631	146
632	162
633	95
634	102
635	111
636	126
637	124
638	103
639	131
640	140
641	113
642	105
643	92
644	135
645	173
646	155
647	107
648	111
649	119
650	94
651	109
652	101
653	115
654	116
655	120
656	98
657	140
658	104
659	138
660	121
661	97
662	155
663	106
664	122
665	86
666	109
667	96
668	125
669	113
670	195
671	227
672	131
673	130
674	138
675	135
676	117
677	158
678	178
679	155
680	133
681	107
682	153
683	97
684	95
685	157
686	108
687	103
688	134
689	118
690	136
691	104
692	98
693	97
694	129
695	105
696	116
697	118
698	140
699	112
700	122
701	107
702	106
703	104
704	118
705	162
706	99
707	156
708	104
709	113
710	131
711	141
712	152
713	111
714	95
715	123
716	111
717	140
718	144
719	78
720	133
721	125
722	108
723	124
724	138
725	118
726	130
727	133
728	128
729	133
730	117
731	109
732	169
733	111
734	144
735	208
736	146
737	103
738	76
739	78
740	136
741	143
742	122
743	100
744	133
745	120
746	131
747	162
748	128
749	130
750	141
751	108
752	121
753	125
754	127
755	147
756	156
757	141
758	105
759	124
760	94
761	108
762	129
763	113
764	97
765	128
766	102
767	92
768	136
769	128
770	181
771	117
772	127
773	128
774	141
775	137
776	127
777	122
778	101
779	125
780	124
781	133
782	100
783	168
784	119
785	99
786	192
787	166
788	148
789	108
790	156
791	198
792	186
793	155
794	173
795	131
796	108
797	113
798	129
799	137
800	157
801	142
802	105
803	108
804	153
805	134
806	119
807	174
808	153
809	402
810	165
811	90
812	119
813	131
814	139
815	139
816	118
817	129
818	135
819	139
820	73
821	142
822	109
823	148
824	129
825	126
826	127
827	109
828	114
829	142
830	116
831	148
832	115
833	125
834	118
835	160
836	128
837	178
838	139
839	153
840	90
841	122
842	152
843	131
844	139
845	100
846	128
847	205
848	145
849	132
850	117
851	126
852	152
853	145
854	116
855	119
856	157
857	184
858	151
859	144
860	103
861	145
862	137
863	109
864	133
865	137
866	144
867	147
868	137
869	123
870	129
871	141
872	82
873	126
874	118
875	113
876	125
877	114
878	99
879	132
880	139
881	129
882	177
883	115
884	152
885	125
886	118
887	156
888	122
889	106
890	154
891	148
892	148
893	108
894	149
895	149
896	81
897	138
898	116
899	139
900	148
901	146
902	145
903	159
904	172
905	148
906	141
907	140
908	86
909	111
910	109
911	135
912	109
913	139
914	110
915	129
916	141
917	102
918	124
919	104
920	130
921	140
922	128
923	132
924	145
925	157
926	104
927	158
928	148
929	169
930	92
931	133
932	141
933	143
934	173
935	120
936	159
937	169
938	155
939	163
940	138
941	178
942	176
943	126
944	217
945	160
946	139
947	187
948	128
949	132
950	96
951	134
952	139
953	140
954	151
955	173
956	148
957	142
958	144
959	159
960	147
961	196
962	138
963	173
964	162
965	175
966	184
967	132
968	168
969	180
970	265
971	151
972	136
973	130
974	104
975	105
976	154
977	124
978	131
979	126
980	107
981	170
982	184
983	127
984	131
985	104
986	130
987	116
988	175
989	189
990	178
991	179
992	128
993	154
994	97
995	105
996	145
997	120
998	100
999	169
1000	157
1001	119
1002	108
1003	159
1004	182
1005	168
1006	119
1007	138
1008	136
1009	123
1010	169
1011	129
1012	153
1013	150
1014	142
1015	136
1016	138
1017	137
1018	137
1019	178
1020	216
1021	160
1022	168
1023	129
1024	154
1025	192
1026	185
1027	172
1028	193
1029	106
1030	151
1031	155
1032	114
1033	174
1034	177
1035	164
1036	130
1037	136
1038	152
1039	139
1040	173
1041	149
1042	173
1043	105
1044	104
1045	165
1046	228
1047	328
1048	247
1049	248
1050	156
1051	185
1052	146
1053	89
1054	160
1055	235
1056	202
1057	149
1058	134
1059	208
1060	167
1061	99
1062	159
1063	112
1064	139
1065	205
1066	180
1067	154
1068	150
1069	143
1070	135
1071	133
1072	203
1073	118
1074	164
1075	117
1076	123
1077	224
1078	129
1079	183
1080	151
1081	160
1082	246
1083	142
1084	199
1085	179
1086	169
1087	215
1088	160
1089	181
1090	123
1091	125
1092	111
1093	241
1094	152
1095	188
1096	161
1097	185
1098	272
1099	114
1100	122
1101	194
1102	161
1103	160
1104	162
1105	157
1106	175
1107	197
1108	207
1109	193
1110	258
1111	276
1112	257
1113	164
1114	240
1115	325
1116	341
1117	461
1118	674
1119	1101
1120	1066
1121	947
1122	1366
1123	1773
1124	1158
1125	945
1126	776
1127	784
1128	639
1129	429
1130	314
1131	382
1132	228
1133	296
1134	544
1135	282
1136	314
1137	270
1138	194
1139	192
1140	357
1141	377
1142	405
1143	342
1144	354
1145	264
1146	314
1147	266
1148	229
1149	384
1150	347
1151	449
1152	448
1153	235
1154	266
1155	359
1156	276
1157	444
1158	489
1159	311
1160	273
1161	295
1162	396
1163	373
1164	354
1165	567
1166	431
1167	240
1168	291
1169	416
1170	476
1171	278
1172	425
1173	211
1174	397
1175	604
1176	433
1177	413
1178	645
1179	393
1180	592
1181	523
1182	368
1183	509
1184	651
1185	566
1186	519
1187	627
1188	415
1189	503
1190	742
1191	621
1192	509
1193	793
1194	740
1195	458
1196	574
1197	493
1198	630
1199	463
1200	534
1201	475
1202	245
1203	468
1204	336
1205	477
1206	477
1207	490
1208	469
1209	449
1210	275
1211	297
1212	355
1213	396
1214	460
1215	461
1216	397
1217	305
1218	229
1219	333
1220	270
1221	263
1222	347
1223	183
1224	145
1225	180
1226	181
1227	109
1228	227
1229	231
1230	450
1231	186
1232	240
1233	284
1234	211
1235	181
1236	229
1237	341
1238	270
1239	226
1240	269
1241	262
1242	210
1243	169
1244	226
1245	253
1246	280
1247	138
1248	223
1249	187
1250	218
1251	235
1252	250
1253	182
1254	209
1255	214
1256	271
1257	244
1258	187
1259	167
1260	166
1261	157
1262	154
1263	203
1264	335
1265	207
1266	187
1267	190
1268	193
1269	130
1270	200
1271	172
1272	203
1273	255
1274	187
1275	177
1276	173
1277	189
1278	141
1279	165
1280	198
1281	252
1282	369
1283	222
1284	173
1285	157
1286	144
1287	208
1288	165
1289	200
1290	232
1291	145
1292	174
1293	178
1294	148
1295	168
1296	219
1297	236
1298	128
1299	164
1300	212
1301	168
1302	157
1303	227
1304	166
1305	158
1306	134
1307	181
1308	198
1309	168
1310	186
1311	202
1312	106
1313	237
1314	131
1315	143
1316	216
1317	179
1318	192
1319	170
1320	190
1321	164
1322	184
1323	164
1324	160
1325	160
1326	193
1327	180
1328	189
1329	172
1330	131
1331	134
1332	192
1333	202
1334	145
1335	178
1336	132
1337	142
1338	191
1339	158
1340	176
1341	186
1342	154
1343	143
1344	160
1345	154
1346	191
1347	163
1348	156
1349	123
1350	158
1351	211
1352	141
1353	202
1354	143
1355	103
1356	173
1357	177
1358	147
1359	217
1360	183
1361	187
1362	196
1363	160
1364	246
1365	176
1366	169
1367	150
1368	162
1369	143
1370	178
1371	149
1372	139
1373	147
1374	174
1375	189
1376	195
1377	171
1378	154
1379	146
1380	170
1381	137
1382	184
1383	163
1384	147
1385	196
1386	213
1387	166
1388	139
1389	146
1390	164
1391	155
1392	164
1393	163
1394	187
1395	159
1396	165
1397	161
1398	181
1399	145
1400	126
1401	127
1402	196
1403	152
1404	153
1405	134
1406	166
1407	171
1408	151
1409	169
1410	158
1411	173
1412	139
1413	162
1414	138
1415	133
1416	198
1417	138
1418	165
1419	205
1420	128
1421	169
1422	144
1423	151
1424	226
1425	145
1426	181
1427	201
1428	178
1429	191
1430	182
1431	167
1432	189
1433	184
1434	179
1435	199
1436	178
1437	234
1438	139
1439	190
1440	152
1441	159
1442	167
1443	181
1444	177
1445	162
1446	164
1447	188
1448	165
1449	164
1450	190
1451	194
1452	131
1453	154
1454	148
1455	176
1456	170
1457	153
1458	210
1459	164
1460	188
1461	121
1462	133
1463	137
1464	195
1465	150
1466	165
1467	214
1468	149
1469	167
1470	156
1471	147
1472	188
1473	230
1474	167
1475	157
1476	155
1477	176
1478	204
1479	134
1480	161
1481	183
1482	192
1483	181
1484	148
1485	152
1486	212
1487	124
1488	165
1489	185
1490	198
1491	172
1492	182
1493	165
1494	183
1495	161
1496	149
1497	167
1498	169
1499	161
1500	243
1501	178
1502	156
1503	168
1504	168
1505	166
1506	82
1507	124
1508	218
1509	182
1510	202
1511	173
1512	181
1513	160
1514	174
1515	160
1516	183
1517	186
1518	195
1519	186
1520	197
1521	156
1522	144
1523	190
1524	168
1525	160
1526	196
1527	192
1528	155
1529	192
1530	175
1531	162
1532	180
1533	175
1534	124
1535	188
1536	146
1537	175
1538	157
1539	184
1540	196
1541	183
1542	162
1543	192
1544	180
1545	207
1546	214
1547	146
1548	152
1549	177
1550	199
1551	169
1552	208
1553	148
1554	181
1555	167
1556	153
1557	178
1558	196
1559	194
1560	193
1561	184
1562	164
1563	157
1564	172
1565	170
1566	182
1567	173
1568	169
1569	206
1570	185
1571	183
1572	131
1573	208
1574	195
1575	172
1576	134
1577	202
1578	162
1579	162
1580	157
1581	179
1582	232
1583	151
1584	132
1585	210
1586	205
1587	198
1588	173
1589	147
1590	165
1591	185
1592	170
1593	209
1594	247
1595	230
1596	221
1597	207
1598	189
1599	147
1600	185
1601	138
1602	146
1603	146
1604	149
1605	273
1606	136
1607	229
1608	167
1609	179
1610	180
1611	168
1612	183
1613	197
1614	181
1615	150
1616	203
1617	177
1618	209
1619	197
1620	161
1621	195
1622	198
1623	160
1624	209
1625	215
1626	163
1627	254
1628	181
1629	136
1630	187
1631	146
1632	191
1633	214
1634	200
1635	158
1636	131
1637	151
1638	249
1639	182
1640	218
1641	174
1642	201
1643	228
1644	168
1645	160
1646	177
1647	192
1648	170
1649	214
1650	156
1651	187
1652	196
1653	175
1654	212
1655	184
1656	232
1657	228
1658	206
1659	206
1660	284
1661	119
1662	171
1663	236
1664	203
1665	210
1666	194
1667	188
1668	179
1669	188
1670	214
1671	213
1672	209
1673	176
1674	168
1675	191
1676	195
1677	182
1678	152
1679	233
1680	238
1681	211
1682	169
1683	183
1684	160
1685	190
1686	189
1687	198
1688	168
1689	134
1690	159
1691	263
1692	168
1693	163
1694	185
1695	193
1696	169
1697	129
1698	170
1699	154
1700	192
1701	179
1702	163
1703	217
1704	181
1705	252
1706	183
1707	182
1708	211
1709	192
1710	165
1711	211
1712	191
1713	204
1714	175
1715	213
1716	222
1717	150
1718	159
1719	207
1720	178
1721	246
1722	210
1723	247
1724	126
1725	219
1726	197
1727	160
1728	190
1729	138
1730	226
1731	181
1732	132
1733	185
1734	184
1735	203
1736	203
1737	171
1738	196
1739	199
1740	202
1741	190
1742	219
1743	209
1744	193
1745	191
1746	210
1747	262
1748	192
1749	245
1750	210
1751	185
1752	189
1753	156
1754	186
1755	206
1756	173
1757	160
1758	191
1759	253
1760	230
1761	234
1762	204
1763	249
1764	304
1765	207
1766	205
1767	187
1768	191
1769	195
1770	147
1771	193
1772	172
1773	237
1774	246
1775	199
1776	202
1777	187
1778	258
1779	253
1780	143
1781	200
1782	169
1783	230
1784	201
1785	238
1786	196
1787	197
1788	210
1789	205
1790	195
1791	211
1792	231
1793	213
1794	213
1795	231
1796	225
1797	201
1798	221
1799	207
1800	242
1801	166
1802	170
1803	201
1804	218
1805	197
1806	246
1807	186
1808	154
1809	181
1810	165
1811	256
1812	211
1813	258
1814	193
1815	233
1816	211
1817	208
1818	201
1819	269
1820	314
1821	233
1822	232
1823	265
1824	183
1825	220
1826	174
1827	237
1828	218
1829	222
1830	215
1831	222
1832	185
1833	207
1834	219
1835	195
1836	207
1837	214
1838	205
1839	256
1840	222
1841	235
1842	302
1843	165
1844	253
1845	277
1846	206
1847	230
1848	169
1849	182
1850	222
1851	205
1852	188
1853	240
1854	219
1855	202
1856	203
1857	190
1858	223
1859	269
1860	215
1861	196
1862	219
1863	182
1864	217
1865	178
1866	212
1867	213
1868	185
1869	221
1870	241
1871	263
1872	183
1873	187
1874	165
1875	199
1876	202
1877	162
1878	208
1879	171
1880	224
1881	206
1882	235
1883	260
1884	207
1885	210
1886	234
1887	243
1888	282
1889	202
1890	241
1891	211
1892	237
1893	189
1894	239
1895	279
1896	261
1897	255
1898	267
1899	220
1900	239
1901	238
1902	196
1903	261
1904	298
1905	265
1906	227
1907	166
1908	224
1909	221
1910	185
1911	195
1912	232
1913	219
1914	232
1915	262
1916	217
1917	216
1918	242
1919	260
1920	281
1921	263
1922	210
1923	249
1924	195
1925	209
1926	221
1927	212
1928	347
1929	264
1930	226
1931	235
1932	250
1933	237
1934	183
1935	245
1936	298
1937	261
1938	259
1939	300
1940	242
1941	232
1942	187
1943	358
1944	263
1945	212
1946	235
1947	190
1948	221
1949	230
1950	251
1951	205
1952	263
1953	238
1954	256
1955	254
1956	202
1957	254
1958	241
1959	206
1960	203
1961	211
1962	248
1963	277
1964	240
1965	239
1966	204
1967	204
1968	170
1969	252
1970	293
1971	310
1972	218
1973	243
1974	221
1975	297
1976	252
1977	195
1978	210
1979	226
1980	247
1981	163
1982	246
1983	154
1984	188
1985	215
1986	214
1987	226
1988	236
1989	213
1990	254
1991	282
1992	231
1993	205
1994	269
1995	305
1996	214
1997	203
1998	267
1999	216
2000	233
2001	283
2002	252
2003	296
2004	255
2005	254
2006	266
2007	211
2008	223
2009	225
2010	251
2011	225
2012	297
2013	216
2014	263
2015	227
2016	211
2017	242
2018	176
2019	219
2020	196
2021	207
2022	230
2023	207
2024	295
2025	193
2026	145
2027	191
2028	169
2029	214
2030	271
2031	177
2032	179
2033	170
2034	216
2035	163
2036	174
2037	166
2038	114
2039	178
2040	196
2041	170
2042	167
2043	142
2044	184
2045	149
2046	143
2047	105
