Instrument: Andor
X Size: 2048
Y Size: 64
Total Flux: 0.000
Total Counts: 432931
Background: 314.000000
Curvature: 0.0
Clipped to ROI: No
ROI: 1309 526 2539 1627
X	Counts
0	104
1	127
2	96
3	74
4	113
5	72
6	106
7	104
8	132
9	131
10	106
11	94
12	133
13	140
14	77
15	84
16	85
17	126
18	117
19	74
20	86
21	73
22	124
23	104
24	132
25	112
26	108
27	107
28	124
29	86
30	110
31	77
32	110
33	82
34	117
35	117
36	84
37	95
38	192
39	104
40	136
41	77
42	106
43	62
44	107
45	126
46	82
47	103
48	124
49	123
50	116
51	99
52	101
53	91
54	102
55	109
56	101
57	112
58	84
59	98
60	143
61	127
62	100
63	113
64	91
65	60
66	112
67	104
68	72
69	102
70	110
71	102
72	107
73	83
74	96
75	122
76	133
77	108
78	108
79	131
80	119
81	117
82	91
83	107
84	87
85	131
86	109
87	108
88	111
89	79
90	142
91	105
92	118
93	78
94	112
95	93
96	173
97	136
98	125
99	107
100	109
101	110
102	130
103	81
104	76
105	130
106	133
107	119
108	89
109	115
110	86
111	120
112	110
113	89
114	128
115	167
116	107
117	92
118	118
119	141
120	78
121	163
122	125
123	85
124	135
125	94
126	93
127	81
128	78
129	94
130	163
131	101
132	91
133	95
134	140
135	161
136	156
137	73
138	85
139	116
140	114
141	144
142	137
143	93
144	97
145	119
146	133
147	89
148	119
149	87
150	153
151	148
152	191
153	116
154	123
155	104
156	119
157	149
158	106
159	204
160	104
161	122
162	119
163	99
164	126
165	88
166	109
167	111
168	94
169	128
170	117
171	70
172	173
173	66
174	84
175	115
176	94
177	94
178	141
179	138
180	114
181	127
182	130
183	103
184	131
185	130
186	84
187	94
188	102
189	120
190	104
191	113
192	133
193	130
194	60
195	78
196	109
197	85
198	82
199	71
200	105
201	83
202	105
203	95
204	88
205	95
206	123
207	134
208	131
209	92
210	99
211	92
212	90
213	88
214	82
215	124
216	109
217	92
218	130
219	109
220	123
221	128
222	132
223	93
224	106
225	123
226	83
227	103
228	101
229	127
230	275
231	192
232	79
233	103
234	103
235	102
236	118
237	105
238	104
239	88
240	88
241	73
242	121
243	103
244	94
245	87
246	120
247	104
248	110
249	78
250	111
251	89
252	68
253	125
254	114
255	142
256	178
257	74
258	107
259	87
260	106
261	118
262	85
263	116
264	103
265	55
266	83
267	96
268	61
269	51
270	101
271	93
272	76
273	105
274	95
275	87
276	76
277	95
278	84
279	180
280	162
281	93
282	95
283	101
284	91
285	94
286	93
287	131
288	90
289	83
290	75
291	126
292	87
293	102
294	119
295	125
296	95
297	115
298	125
299	96
300	104
301	119
302	94
303	151
304	112
305	84
306	85
307	113
308	54
309	93
310	76
311	80
312	108
313	117
314	114
315	96
316	137
317	70
318	105
319	136
320	110
321	175
322	172
323	100
324	140
325	224
326	94
327	121
328	120
329	183
330	131
331	91
332	107
333	93
334	90
335	93
336	57
337	221
338	299
339	160
340	107
341	92
342	73
343	71
344	123
345	84
346	118
347	88
348	105
349	58
350	103
351	73
352	108
353	108
354	94
355	153
356	130
357	90
358	70
359	85
360	122
361	150
362	222
363	94
364	116
365	120
366	71
367	120
368	74
369	63
370	114
371	90
372	83
373	79
374	99
375	107
376	159
377	126
378	125
379	131
380	83
381	99
382	136
383	127
384	171
385	125
386	136
387	96
388	104
389	108
390	109
391	116
392	83
393	56
394	91
395	119
396	132
397	114
398	113
399	88
400	118
401	138
402	110
403	94
404	132
405	172
406	141
407	104
408	107
409	97
410	128
411	156
412	133
413	116
414	98
415	136
416	161
417	161
418	159
419	235
420	193
421	247
422	251
423	122
424	154
425	94
426	111
427	121
428	128
429	95
430	118
431	108
432	85
433	104
434	82
435	158
436	100
437	127
438	145
439	137
440	73
441	141
442	183
443	154
444	137
445	78
446	139
447	92
448	170
449	302
450	220
451	163
452	184
453	99
454	151
455	120
456	123
457	103
458	146
459	117
460	101
461	95
462	99
463	99
464	156
465	314
466	94
467	141
468	119
469	106
470	140
471	135
472	138
473	155
474	133
475	83
476	77
477	98
478	147
479	81
480	89
481	128
482	134
483	118
484	109
485	97
486	95
487	103
488	119
489	93
490	91
491	132
492	121
493	121
494	118
495	156
496	161
497	118
498	105
499	132
500	115
501	109
502	149
503	103
504	115
505	95
506	126
507	109
508	127
509	121
510	139
511	172
512	91
513	98
514	111
515	141
516	55
517	100
518	163
519	126
520	112
521	163
522	138
523	281
524	153
525	154
526	132
527	112
528	101
529	119
530	128
531	98
532	106
533	121
534	140
535	244
536	111
537	120
538	116
539	173
540	143
541	124
542	92
543	131
544	132
545	90
546	122
547	145
548	143
549	130
550	165
551	174
552	79
553	104
554	81
555	120
556	122
557	128
558	150
559	133
560	139
561	217
562	137
563	87
564	104
565	125
566	124
567	181
568	110
569	183
570	182
571	98
572	125
573	120
574	109
575	144
576	78
577	133
578	83
579	129
580	154
581	127
582	157
583	195
584	124
585	195
586	196
587	111
588	120
589	124
590	220
591	123
592	246
593	129
594	131
595	161
596	158
597	224
598	259
599	229
600	274
601	194
602	195
603	526
604	630
605	269
606	119
607	157
608	193
609	157
610	200
611	202
612	278
613	577
614	388
615	291
616	183
617	170
618	200
619	464
620	182
621	108
622	115
623	128
624	88
625	100
626	92
627	110
628	127
629	251
630	132
631	128
632	160
633	155
634	103
635	140
636	92
637	119
638	155
639	127
640	90
641	147
642	110
643	90
644	88
645	130
646	205
647	123
648	109
649	87
650	116
651	235
652	240
653	232
654	217
655	151
656	137
657	130
658	128
659	82
660	76
661	78
662	115
663	107
664	82
665	152
666	94
667	76
668	93
669	214
670	234
671	149
672	118
673	95
674	97
675	144
676	121
677	163
678	149
679	91
680	104
681	123
682	88
683	98
684	93
685	162
686	99
687	107
688	124
689	91
690	133
691	138
692	192
693	142
694	155
695	91
696	192
697	158
698	112
699	120
700	83
701	164
702	98
703	97
704	136
705	155
706	142
707	148
708	131
709	99
710	109
711	129
712	109
713	109
714	190
715	148
716	165
717	125
718	178
719	147
720	130
721	125
722	122
723	90
724	144
725	156
726	137
727	162
728	98
729	144
730	93
731	104
732	104
733	101
734	211
735	253
736	149
737	124
738	160
739	139
740	129
741	120
742	95
743	121
744	136
745	156
746	188
747	102
748	103
749	225
750	132
751	139
752	104
753	80
754	128
755	131
756	98
757	173
758	99
759	146
760	101
761	109
762	146
763	132
764	146
765	158
766	116
767	119
768	124
769	240
770	111
771	144
772	160
773	275
774	149
775	120
776	146
777	151
778	151
779	123
780	182
781	133
782	122
783	164
784	111
785	109
786	169
787	155
788	151
789	106
790	121
791	149
792	153
793	114
794	108
795	145
796	61
797	141
798	148
799	155
800	127
801	131
802	142
803	162
804	154
805	134
806	107
807	143
808	115
809	115
810	123
811	113
812	119
813	115
814	152
815	123
816	216
817	90
818	144
819	132
820	112
821	139
822	133
823	166
824	96
825	142
826	156
827	96
828	145
829	170
830	142
831	153
832	164
833	141
834	174
835	261
836	143
837	152
838	177
839	149
840	129
841	170
842	141
843	100
844	147
845	146
846	122
847	121
848	133
849	148
850	115
851	184
852	137
853	180
854	146
855	154
856	127
857	130
858	145
859	101
860	148
861	135
862	153
863	160
864	130
865	115
866	151
867	137
868	122
869	137
870	135
871	124
872	151
873	103
874	188
875	124
876	135
877	135
878	127
879	119
880	126
881	146
882	95
883	151
884	137
885	113
886	116
887	168
888	158
889	169
890	138
891	136
892	117
893	176
894	140
895	178
896	100
897	120
898	101
899	130
900	146
901	113
902	147
903	184
904	126
905	121
906	180
907	153
908	166
909	154
910	176
911	116
912	116
913	175
914	138
915	150
916	232
917	190
918	161
919	133
920	167
921	158
922	117
923	154
924	117
925	147
926	195
927	126
928	164
929	173
930	126
931	113
932	124
933	132
934	178
935	149
936	124
937	151
938	131
939	136
940	163
941	168
942	132
943	118
944	156
945	209
946	197
947	120
948	140
949	97
950	130
951	174
952	129
953	139
954	120
955	125
956	159
957	165
958	159
959	192
960	135
961	165
962	163
963	197
964	148
965	99
966	175
967	120
968	152
969	168
970	279
971	165
972	134
973	181
974	107
975	109
976	135
977	145
978	136
979	111
980	158
981	173
982	181
983	150
984	129
985	167
986	193
987	163
988	199
989	209
990	236
991	251
992	487
993	185
994	147
995	126
996	171
997	195
998	155
999	183
1000	201
1001	148
1002	105
1003	129
1004	164
1005	177
1006	138
1007	227
1008	326
1009	135
1010	142
1011	165
1012	154
1013	165
1014	189
1015	180
1016	204
1017	128
1018	211
1019	132
1020	191
1021	149
1022	166
1023	130
1024	112
1025	168
1026	217
1027	186
1028	161
1029	126
1030	132
1031	211
1032	184
1033	171
1034	103
1035	210
1036	171
1037	122
1038	171
1039	202
1040	333
1041	265
1042	186
1043	322
1044	257
1045	121
1046	139
1047	186
1048	207
1049	188
1050	157
1051	136
1052	174
1053	244
1054	377
1055	346
1056	239
1057	112
1058	142
1059	182
1060	168
1061	189
1062	115
1063	209
1064	171
1065	195
1066	230
1067	175
1068	150
1069	144
1070	150
1071	201
1072	225
1073	251
1074	246
1075	341
1076	158
1077	130
1078	181
1079	220
1080	305
1081	285
1082	582
1083	345
1084	197
1085	263
1086	330
1087	409
1088	388
1089	296
1090	221
1091	173
1092	228
1093	195
1094	104
1095	145
1096	127
1097	173
1098	272
1099	160
1100	170
1101	217
1102	288
1103	315
1104	459
1105	339
1106	313
1107	372
1108	423
1109	649
1110	555
1111	277
1112	303
1113	414
1114	768
1115	398
1116	579
1117	405
1118	592
1119	741
1120	375
1121	312
1122	587
1123	692
1124	1428
1125	946
1126	647
1127	890
1128	1395
1129	1620
1130	1571
1131	2824
1132	2499
1133	2380
1134	2269
1135	2371
1136	2680
1137	2865
1138	2291
1139	2308
1140	2011
1141	1906
1142	2015
1143	2277
1144	1674
1145	2290
1146	2313
1147	2275
1148	2672
1149	2979
1150	2825
1151	2565
1152	2737
1153	2421
1154	2226
1155	1492
1156	1238
1157	1034
1158	818
1159	698
1160	478
1161	847
1162	426
1163	398
1164	831
1165	793
1166	508
1167	379
1168	549
1169	587
1170	471
1171	659
1172	595
1173	463
1174	306
1175	574
1176	890
1177	637
1178	510
1179	498
1180	652
1181	507
1182	410
1183	298
1184	380
1185	263
1186	560
1187	1017
1188	954
1189	966
1190	557
1191	355
1192	296
1193	467
1194	472
1195	631
1196	720
1197	452
1198	505
1199	820
1200	809
1201	993
1202	362
1203	310
1204	366
1205	285
1206	254
1207	156
1208	328
1209	454
1210	290
1211	160
1212	392
1213	520
1214	415
1215	698
1216	723
1217	420
1218	404
1219	286
1220	295
1221	309
1222	540
1223	741
1224	426
1225	589
1226	301
1227	285
1228	177
1229	205
1230	268
1231	285
1232	195
1233	195
1234	238
1235	330
1236	257
1237	234
1238	193
1239	333
1240	436
1241	436
1242	346
1243	164
1244	180
1245	270
1246	189
1247	153
1248	273
1249	422
1250	253
1251	152
1252	187
1253	149
1254	309
1255	197
1256	190
1257	216
1258	212
1259	203
1260	191
1261	153
1262	205
1263	357
1264	228
1265	201
1266	191
1267	151
1268	147
1269	227
1270	197
1271	238
1272	196
1273	137
1274	173
1275	167
1276	136
1277	123
1278	158
1279	118
1280	195
1281	162
1282	169
1283	151
1284	179
1285	137
1286	166
1287	159
1288	189
1289	175
1290	168
1291	213
1292	197
1293	247
1294	159
1295	180
1296	173
1297	160
1298	134
1299	121
1300	168
1301	135
1302	134
1303	148
1304	119
1305	164
1306	140
1307	153
1308	189
1309	158
1310	144
1311	143
1312	200
1313	162
1314	164
1315	153
1316	193
1317	145
1318	149
1319	182
1320	190
1321	167
1322	184
1323	171
1324	195
1325	274
1326	289
1327	254
1328	209
1329	144
1330	199
1331	151
1332	202
1333	228
1334	141
1335	205
1336	133
1337	171
1338	191
1339	172
1340	186
1341	227
1342	312
1343	237
1344	179
1345	137
1346	181
1347	144
1348	310
1349	159
1350	172
1351	176
1352	184
1353	210
1354	156
1355	155
1356	166
1357	174
1358	181
1359	173
1360	172
1361	178
1362	160
1363	198
1364	191
1365	180
1366	214
1367	144
1368	188
1369	152
1370	161
1371	115
1372	155
1373	162
1374	148
1375	128
1376	177
1377	150
1378	218
1379	190
1380	170
1381	143
1382	204
1383	138
1384	117
1385	261
1386	167
1387	144
1388	131
1389	164
1390	198
1391	209
1392	217
1393	209
1394	236
1395	178
1396	166
1397	208
1398	172
1399	131
1400	207
1401	142
1402	147
1403	164
1404	92
1405	183
1406	177
1407	163
1408	162
1409	171
1410	175
1411	166
1412	142
1413	204
1414	146
1415	202
1416	154
1417	252
1418	246
1419	210
1420	153
1421	150
1422	206
1423	182
1424	226
1425	193
1426	184
1427	186
1428	164
1429	246
1430	251
1431	333
1432	172
1433	104
1434	147
1435	171
1436	174
1437	179
1438	190
1439	201
1440	191
1441	206
1442	175
1443	182
1444	166
1445	158
1446	161
1447	183
1448	162
1449	117
1450	194
1451	186
1452	151
1453	171
1454	190
1455	351
1456	186
1457	209
1458	149
1459	166
1460	187
1461	184
1462	155
1463	188
1464	195
1465	155
1466	165
1467	201
1468	205
1469	198
1470	143
1471	168
1472	154
1473	187
1474	133
1475	177
1476	197
1477	136
1478	174
1479	167
1480	138
1481	211
1482	183
1483	135
1484	172
1485	157
1486	226
1487	185
1488	179
1489	167
1490	250
1491	155
1492	148
1493	175
1494	157
1495	183
1496	172
1497	237
1498	163
1499	182
1500	193
1501	174
1502	157
1503	179
1504	213
1505	211
1506	255
1507	289
1508	249
1509	250
1510	215
1511	192
1512	191
1513	148
1514	150
1515	162
1516	201
1517	195
1518	190
1519	175
1520	222
1521	156
1522	197
1523	113
1524	187
1525	154
1526	195
1527	150
1528	181
1529	211
1530	195
1531	186
1532	145
1533	166
1534	171
1535	163
1536	178
1537	200
1538	167
1539	142
1540	163
1541	199
1542	170
1543	202
1544	161
1545	139
1546	178
1547	151
1548	159
1549	130
1550	175
1551	144
1552	171
1553	179
1554	181
1555	223
1556	261
1557	261
1558	207
1559	204
1560	157
1561	147
1562	179
1563	208
1564	198
1565	180
1566	208
1567	167
1568	188
1569	140
1570	186
1571	202
1572	196
1573	184
1574	225
1575	137
1576	210
1577	205
1578	204
1579	194
1580	181
1581	157
1582	218
1583	130
1584	228
1585	206
1586	181
1587	206
1588	168
1589	171
1590	173
1591	218
1592	196
1593	236
1594	164
1595	156
1596	175
1597	190
1598	188
1599	188
1600	187
1601	162
1602	187
1603	201
1604	202
1605	219
1606	193
1607	173
1608	152
1609	191
1610	210
1611	189
1612	161
1613	213
1614	174
1615	191
1616	229
1617	168
1618	183
1619	134
1620	220
1621	197
1622	179
1623	188
1624	188
1625	219
1626	156
1627	169
1628	169
1629	95
1630	180
1631	168
1632	192
1633	154
1634	170
1635	184
1636	182
1637	203
1638	216
1639	232
1640	214
1641	214
1642	188
1643	196
1644	130
1645	196
1646	216
1647	188
1648	140
1649	206
1650	201
1651	239
1652	176
1653	172
1654	183
1655	205
1656	182
1657	186
1658	229
1659	186
1660	248
1661	167
1662	176
1663	153
1664	176
1665	168
1666	220
1667	157
1668	227
1669	181
1670	258
1671	175
1672	181
1673	140
1674	167
1675	200
1676	178
1677	180
1678	188
1679	182
1680	240
1681	248
1682	191
1683	200
1684	184
1685	191
1686	182
1687	166
1688	206
1689	178
1690	212
1691	301
1692	236
1693	158
1694	210
1695	180
1696	181
1697	204
1698	188
1699	199
1700	186
1701	197
1702	168
1703	208
1704	180
1705	168
1706	160
1707	217
1708	205
1709	196
1710	165
1711	197
1712	171
1713	161
1714	215
1715	193
1716	200
1717	185
1718	198
1719	190
1720	159
1721	166
1722	176
1723	196
1724	130
1725	185
1726	197
1727	216
1728	195
1729	179
1730	301
1731	235
1732	228
1733	201
1734	211
1735	364
1736	185
1737	233
1738	279
1739	196
1740	217
1741	202
1742	207
1743	150
1744	192
1745	150
1746	249
1747	246
1748	244
1749	195
1750	192
1751	204
1752	172
1753	123
1754	189
1755	173
1756	185
1757	161
1758	206
1759	218
1760	188
1761	219
1762	196
1763	194
1764	166
1765	194
1766	206
1767	182
1768	235
1769	236
1770	194
1771	185
1772	219
1773	206
1774	233
1775	180
1776	251
1777	187
1778	275
1779	252
1780	226
1781	238
1782	193
1783	207
1784	214
1785	202
1786	188
1787	135
1788	189
1789	188
1790	210
1791	218
1792	196
1793	183
1794	242
1795	315
1796	244
1797	206
1798	248
1799	241
1800	170
1801	166
1802	162
1803	200
1804	160
1805	186
1806	218
1807	195
1808	244
1809	158
1810	137
1811	195
1812	216
1813	177
1814	270
1815	246
1816	211
1817	218
1818	213
1819	295
1820	249
1821	204
1822	204
1823	240
1824	264
1825	289
1826	221
1827	202
1828	271
1829	376
1830	222
1831	169
1832	215
1833	260
1834	263
1835	245
1836	202
1837	181
1838	231
1839	265
1840	176
1841	180
1842	213
1843	199
1844	191
1845	230
1846	223
1847	211
1848	188
1849	214
1850	200
1851	225
1852	169
1853	268
1854	333
1855	265
1856	220
1857	226
1858	254
1859	251
1860	253
1861	228
1862	202
1863	259
1864	208
1865	165
1866	176
1867	228
1868	314
1869	307
1870	333
1871	310
1872	241
1873	243
1874	193
1875	226
1876	204
1877	215
1878	204
1879	292
1880	259
1881	195
1882	206
1883	204
1884	186
1885	242
1886	206
1887	269
1888	484
1889	312
1890	268
1891	210
1892	224
1893	237
1894	268
1895	272
1896	251
1897	178
1898	274
1899	274
1900	217
1901	244
1902	179
1903	255
1904	281
1905	197
1906	206
1907	171
1908	202
1909	136
1910	243
1911	261
1912	205
1913	202
1914	277
1915	213
1916	195
1917	233
1918	307
1919	279
1920	234
1921	190
1922	242
1923	182
1924	235
1925	226
1926	243
1927	268
1928	211
1929	262
1930	189
1931	230
1932	228
1933	209
1934	167
1935	275
1936	250
1937	199
1938	248
1939	293
1940	193
1941	249
1942	185
1943	256
1944	197
1945	201
1946	338
1947	321
1948	357
1949	295
1950	234
1951	224
1952	191
1953	266
1954	286
1955	223
1956	243
1957	257
1958	200
1959	204
1960	250
1961	262
1962	258
1963	279
1964	253
1965	244
1966	253
1967	247
1968	242
1969	249
1970	212
1971	206
1972	261
1973	235
1974	243
1975	247
1976	254
1977	227
1978	204
1979	251
1980	226
1981	156
1982	203
1983	175
1984	181
1985	230
1986	273
1987	200
1988	246
1989	206
1990	258
1991	261
1992	307
1993	232
1994	243
1995	208
1996	221
1997	213
1998	245
1999	236
2000	195
2001	235
2002	232
2003	334
2004	244
2005	329
2006	293
2007	258
2008	196
2009	225
2010	268
2011	264
2012	269
2013	177
2014	228
2015	237
2016	213
2017	204
2018	208
2019	259
2020	192
2021	184
2022	318
2023	187
2024	203
2025	271
2026	190
2027	160
2028	200
2029	223
2030	192
2031	240
2032	364
2033	327
2034	240
2035	212
2036	189
2037	228
2038	204
2039	205
2040	121
2041	117
2042	181
2043	276
2044	252
2045	172
2046	305
2047	162
