Instrument: Andor
X Size: 2048
Y Size: 64
Total Flux: 0.000
Total Counts: 289200
Background: 315.000000
Curvature: 0.0
Clipped to ROI: No
ROI: 1309 526 2539 1627
X	Counts
0	60
1	84
2	88
3	92
4	91
5	121
6	57
7	71
8	97
9	81
10	71
11	74
12	101
13	79
14	40
15	98
16	83
17	121
18	86
19	84
20	96
21	81
22	71
23	67
24	77
25	88
26	77
27	57
28	111
29	96
30	82
31	68
32	118
33	59
34	87
35	75
36	74
37	81
38	75
39	83
40	85
41	73
42	74
43	89
44	87
45	82
46	77
47	74
48	95
49	73
50	101
51	111
52	60
53	83
54	91
55	95
56	57
57	82
58	101
59	60
60	68
61	57
62	83
63	79
64	111
65	69
66	86
67	87
68	64
69	53
70	109
71	84
72	102
73	102
74	71
75	74
76	63
77	70
78	80
79	123
80	79
81	61
82	71
83	100
84	70
85	111
86	77
87	56
88	71
89	75
90	95
91	127
92	87
93	100
94	105
95	73
96	54
97	74
98	109
99	88
100	83
101	92
102	76
103	93
104	92
105	97
106	113
107	67
108	55
109	118
110	103
111	88
112	101
113	85
114	88
115	130
116	92
117	56
118	68
119	90
120	73
121	101
122	59
123	79
124	68
125	94
126	86
127	69
128	67
129	88
130	98
131	63
132	84
133	107
134	96
135	84
136	95
137	95
138	80
139	94
140	85
141	107
142	58
143	66
144	69
145	87
146	67
147	95
148	88
149	74
150	93
151	105
152	99
153	91
154	71
155	75
156	102
157	56
158	74
159	79
160	79
161	103
162	112
163	108
164	110
165	87
166	106
167	77
168	87
169	80
170	64
171	65
172	132
173	81
174	57
175	112
176	57
177	84
178	107
179	86
180	71
181	91
182	81
183	87
184	96
185	174
186	118
187	61
188	69
189	61
190	73
191	58
192	103
193	59
194	116
195	66
196	60
197	71
198	87
199	98
200	76
201	55
202	102
203	97
204	72
205	84
206	84
207	61
208	89
209	81
210	90
211	79
212	82
213	74
214	57
215	63
216	71
217	69
218	63
219	69
220	70
221	63
222	91
223	92
224	29
225	82
226	84
227	75
228	68
229	62
230	106
231	117
232	90
233	75
234	52
235	58
236	79
237	72
238	77
239	73
240	84
241	55
242	72
243	58
244	70
245	93
246	79
247	80
248	91
249	96
250	111
251	63
252	185
253	104
254	92
255	82
256	65
257	68
258	70
259	64
260	50
261	70
262	73
263	53
264	89
265	70
266	78
267	129
268	77
269	114
270	190
271	87
272	65
273	95
274	64
275	103
276	87
277	55
278	92
279	50
280	39
281	65
282	62
283	102
284	67
285	80
286	127
287	97
288	36
289	101
290	74
291	51
292	70
293	75
294	74
295	71
296	81
297	71
298	64
299	70
300	76
301	77
302	57
303	93
304	83
305	79
306	95
307	55
308	43
309	89
310	82
311	42
312	70
313	52
314	83
315	56
316	79
317	91
318	132
319	74
320	79
321	72
322	48
323	68
324	39
325	93
326	58
327	54
328	69
329	71
330	99
331	75
332	79
333	100
334	81
335	88
336	86
337	77
338	101
339	74
340	88
341	73
342	52
343	81
344	65
345	104
346	87
347	55
348	64
349	71
350	68
351	92
352	95
353	88
354	82
355	93
356	76
357	67
358	75
359	70
360	71
361	76
362	76
363	59
364	62
365	79
366	79
367	65
368	57
369	84
370	64
371	83
372	64
373	86
374	91
375	86
376	60
377	100
378	70
379	100
380	87
381	61
382	79
383	81
384	102
385	76
386	98
387	88
388	54
389	42
390	82
391	62
392	97
393	84
394	57
395	61
396	84
397	64
398	90
399	60
400	54
401	85
402	90
403	94
404	99
405	101
406	75
407	108
408	96
409	62
410	87
411	88
412	117
413	73
414	62
415	87
416	90
417	73
418	78
419	84
420	61
421	105
422	101
423	73
424	84
425	129
426	93
427	73
428	85
429	84
430	99
431	100
432	97
433	105
434	104
435	89
436	69
437	55
438	75
439	84
440	60
441	79
442	68
443	65
444	108
445	75
446	111
447	74
448	87
449	166
450	75
451	81
452	134
453	70
454	62
455	97
456	109
457	51
458	102
459	86
460	83
461	81
462	121
463	132
464	100
465	92
466	69
467	68
468	88
469	122
470	93
471	90
472	97
473	93
474	88
475	70
476	66
477	110
478	91
479	59
480	94
481	128
482	86
483	56
484	69
485	92
486	138
487	58
488	108
489	117
490	119
491	97
492	110
493	111
494	51
495	122
496	103
497	68
498	81
499	98
500	75
501	105
502	99
503	79
504	110
505	90
506	60
507	73
508	100
509	80
510	79
511	94
512	109
513	99
514	88
515	97
516	69
517	127
518	133
519	66
520	58
521	95
522	95
523	62
524	98
525	102
526	107
527	85
528	88
529	75
530	107
531	82
532	60
533	104
534	96
535	112
536	85
537	121
538	99
539	92
540	63
541	85
542	123
543	221
544	146
545	104
546	109
547	128
548	98
549	106
550	122
551	75
552	95
553	67
554	144
555	124
556	84
557	86
558	83
559	98
560	97
561	97
562	129
563	116
564	115
565	149
566	84
567	174
568	150
569	124
570	95
571	92
572	78
573	98
574	111
575	71
576	82
577	126
578	87
579	84
580	130
581	126
582	160
583	104
584	107
585	116
586	73
587	86
588	84
589	104
590	78
591	94
592	87
593	91
594	87
595	61
596	112
597	258
598	103
599	91
600	80
601	98
602	88
603	72
604	52
605	89
606	82
607	94
608	105
609	110
610	92
611	146
612	75
613	89
614	114
615	94
616	122
617	93
618	132
619	78
620	123
621	117
622	247
623	196
624	78
625	129
626	97
627	81
628	99
629	98
630	77
631	83
632	114
633	93
634	67
635	109
636	88
637	74
638	98
639	104
640	94
641	79
642	101
643	79
644	92
645	112
646	74
647	104
648	106
649	129
650	119
651	73
652	53
653	85
654	115
655	89
656	93
657	96
658	81
659	69
660	68
661	101
662	97
663	74
664	78
665	64
666	122
667	49
668	86
669	98
670	97
671	99
672	117
673	79
674	77
675	58
676	100
677	86
678	82
679	60
680	110
681	94
682	72
683	60
684	110
685	162
686	139
687	112
688	113
689	59
690	113
691	117
692	78
693	53
694	79
695	97
696	88
697	94
698	121
699	100
700	91
701	112
702	61
703	85
704	114
705	100
706	99
707	84
708	118
709	99
710	128
711	90
712	104
713	85
714	72
715	97
716	97
717	102
718	107
719	150
720	109
721	109
722	79
723	55
724	123
725	102
726	107
727	72
728	68
729	95
730	81
731	117
732	101
733	103
734	116
735	73
736	100
737	82
738	65
739	99
740	84
741	106
742	80
743	112
744	80
745	94
746	106
747	92
748	94
749	107
750	97
751	49
752	93
753	115
754	129
755	58
756	72
757	123
758	73
759	67
760	108
761	84
762	96
763	127
764	63
765	109
766	81
767	90
768	111
769	88
770	139
771	107
772	164
773	98
774	89
775	67
776	112
777	111
778	162
779	128
780	119
781	86
782	126
783	112
784	114
785	93
786	83
787	103
788	69
789	63
790	94
791	115
792	128
793	141
794	157
795	153
796	71
797	82
798	73
799	67
800	114
801	70
802	113
803	97
804	104
805	93
806	123
807	112
808	115
809	94
810	122
811	140
812	125
813	93
814	102
815	85
816	91
817	65
818	140
819	76
820	93
821	132
822	94
823	109
824	122
825	101
826	134
827	100
828	98
829	131
830	123
831	117
832	67
833	99
834	103
835	102
836	104
837	103
838	89
839	98
840	87
841	103
842	120
843	87
844	101
845	103
846	205
847	167
848	132
849	107
850	111
851	119
852	97
853	147
854	108
855	80
856	104
857	125
858	99
859	92
860	102
861	133
862	118
863	154
864	130
865	120
866	106
867	151
868	71
869	111
870	114
871	105
872	95
873	122
874	101
875	97
876	102
877	111
878	67
879	101
880	121
881	102
882	100
883	141
884	90
885	104
886	108
887	84
888	116
889	111
890	105
891	127
892	92
893	91
894	111
895	133
896	102
897	102
898	101
899	99
900	98
901	132
902	164
903	129
904	99
905	146
906	112
907	112
908	148
909	74
910	118
911	77
912	74
913	83
914	118
915	114
916	90
917	135
918	100
919	103
920	85
921	123
922	117
923	107
924	106
925	97
926	91
927	124
928	115
929	93
930	99
931	128
932	129
933	130
934	125
935	122
936	112
937	136
938	100
939	175
940	105
941	110
942	90
943	124
944	87
945	126
946	138
947	133
948	137
949	86
950	127
951	137
952	132
953	171
954	131
955	100
956	88
957	136
958	103
959	140
960	110
961	105
962	134
963	106
964	122
965	143
966	95
967	101
968	130
969	101
970	119
971	114
972	135
973	142
974	95
975	77
976	91
977	113
978	154
979	118
980	119
981	113
982	107
983	118
984	112
985	117
986	135
987	109
988	133
989	118
990	117
991	153
992	98
993	127
994	216
995	127
996	156
997	179
998	123
999	136
1000	113
1001	123
1002	78
1003	116
1004	135
1005	117
1006	104
1007	138
1008	136
1009	83
1010	95
1011	150
1012	124
1013	101
1014	109
1015	98
1016	127
1017	144
1018	127
1019	115
1020	137
1021	133
1022	130
1023	106
1024	122
1025	104
1026	116
1027	166
1028	155
1029	140
1030	121
1031	108
1032	140
1033	201
1034	208
1035	120
1036	132
1037	131
1038	128
1039	151
1040	94
1041	142
1042	125
1043	151
1044	130
1045	124
1046	145
1047	123
1048	134
1049	153
1050	100
1051	167
1052	118
1053	99
1054	85
1055	135
1056	115
1057	133
1058	164
1059	132
1060	117
1061	107
1062	156
1063	150
1064	99
1065	145
1066	98
1067	151
1068	219
1069	313
1070	295
1071	118
1072	113
1073	134
1074	113
1075	90
1076	138
1077	100
1078	112
1079	137
1080	99
1081	109
1082	122
1083	125
1084	118
1085	134
1086	145
1087	136
1088	149
1089	132
1090	108
1091	106
1092	105
1093	174
1094	347
1095	175
1096	111
1097	118
1098	187
1099	112
1100	293
1101	430
1102	320
1103	240
1104	205
1105	218
1106	275
1107	151
1108	175
1109	189
1110	236
1111	547
1112	736
1113	594
1114	604
1115	553
1116	827
1117	1122
1118	1158
1119	650
1120	507
1121	330
1122	320
1123	198
1124	218
1125	300
1126	197
1127	191
1128	312
1129	184
1130	189
1131	377
1132	325
1133	205
1134	350
1135	262
1136	236
1137	205
1138	258
1139	358
1140	276
1141	183
1142	314
1143	228
1144	189
1145	225
1146	329
1147	222
1148	320
1149	226
1150	393
1151	351
1152	313
1153	149
1154	97
1155	181
1156	226
1157	229
1158	313
1159	279
1160	244
1161	293
1162	316
1163	218
1164	129
1165	176
1166	291
1167	385
1168	475
1169	402
1170	450
1171	357
1172	433
1173	461
1174	436
1175	441
1176	474
1177	643
1178	568
1179	676
1180	708
1181	456
1182	440
1183	166
1184	402
1185	587
1186	532
1187	598
1188	586
1189	571
1190	580
1191	582
1192	762
1193	704
1194	455
1195	549
1196	575
1197	640
1198	460
1199	310
1200	343
1201	378
1202	481
1203	554
1204	292
1205	318
1206	401
1207	388
1208	268
1209	196
1210	288
1211	395
1212	444
1213	372
1214	411
1215	374
1216	390
1217	351
1218	204
1219	172
1220	290
1221	285
1222	236
1223	160
1224	218
1225	332
1226	309
1227	259
1228	148
1229	138
1230	243
1231	310
1232	122
1233	128
1234	193
1235	284
1236	303
1237	219
1238	189
1239	234
1240	277
1241	187
1242	235
1243	160
1244	151
1245	268
1246	179
1247	134
1248	170
1249	157
1250	131
1251	165
1252	230
1253	137
1254	151
1255	160
1256	151
1257	121
1258	134
1259	144
1260	154
1261	174
1262	148
1263	124
1264	134
1265	143
1266	132
1267	116
1268	122
1269	150
1270	210
1271	221
1272	254
1273	176
1274	169
1275	149
1276	110
1277	243
1278	152
1279	121
1280	165
1281	161
1282	152
1283	165
1284	182
1285	155
1286	144
1287	130
1288	144
1289	151
1290	190
1291	156
1292	169
1293	145
1294	132
1295	160
1296	142
1297	118
1298	146
1299	89
1300	110
1301	104
1302	103
1303	150
1304	123
1305	96
1306	165
1307	105
1308	194
1309	162
1310	155
1311	109
1312	117
1313	181
1314	148
1315	116
1316	187
1317	121
1318	107
1319	137
1320	134
1321	130
1322	140
1323	149
1324	151
1325	179
1326	137
1327	89
1328	137
1329	115
1330	119
1331	166
1332	174
1333	137
1334	120
1335	130
1336	125
1337	119
1338	107
1339	106
1340	144
1341	189
1342	161
1343	161
1344	160
1345	223
1346	114
1347	116
1348	124
1349	120
1350	167
1351	188
1352	121
1353	161
1354	135
1355	141
1356	155
1357	152
1358	115
1359	180
1360	142
1361	124
1362	116
1363	179
1364	192
1365	241
1366	149
1367	133
1368	147
1369	131
1370	154
1371	149
1372	91
1373	218
1374	172
1375	105
1376	144
1377	138
1378	86
1379	90
1380	169
1381	121
1382	118
1383	152
1384	121
1385	115
1386	114
1387	130
1388	121
1389	98
1390	126
1391	158
1392	130
1393	99
1394	137
1395	147
1396	129
1397	207
1398	179
1399	144
1400	187
1401	153
1402	185
1403	163
1404	125
1405	142
1406	130
1407	177
1408	127
1409	106
1410	164
1411	105
1412	133
1413	142
1414	153
1415	161
1416	141
1417	129
1418	130
1419	175
1420	121
1421	129
1422	116
1423	144
1424	204
1425	141
1426	187
1427	157
1428	113
1429	200
1430	100
1431	146
1432	185
1433	94
1434	141
1435	130
1436	139
1437	167
1438	137
1439	118
1440	120
1441	142
1442	124
1443	131
1444	179
1445	186
1446	150
1447	200
1448	134
1449	176
1450	170
1451	158
1452	105
1453	115
1454	162
1455	153
1456	136
1457	178
1458	104
1459	131
1460	169
1461	125
1462	133
1463	148
1464	160
1465	104
1466	160
1467	151
1468	170
1469	164
1470	120
1471	105
1472	113
1473	119
1474	131
1475	146
1476	149
1477	116
1478	201
1479	130
1480	158
1481	161
1482	174
1483	187
1484	107
1485	113
1486	199
1487	121
1488	180
1489	95
1490	156
1491	165
1492	129
1493	174
1494	133
1495	138
1496	151
1497	186
1498	127
1499	125
1500	125
1501	152
1502	173
1503	148
1504	139
1505	112
1506	132
1507	123
1508	164
1509	160
1510	164
1511	195
1512	154
1513	129
1514	147
1515	154
1516	180
1517	152
1518	167
1519	136
1520	143
1521	88
1522	144
1523	114
1524	118
1525	144
1526	157
1527	124
1528	129
1529	122
1530	127
1531	143
1532	160
1533	121
1534	105
1535	137
1536	121
1537	158
1538	160
1539	184
1540	120
1541	188
1542	150
1543	105
1544	162
1545	143
1546	156
1547	112
1548	131
1549	121
1550	154
1551	125
1552	134
1553	131
1554	112
1555	159
1556	152
1557	143
1558	175
1559	165
1560	130
1561	138
1562	136
1563	107
1564	159
1565	155
1566	144
1567	175
1568	184
1569	205
1570	178
1571	160
1572	144
1573	137
1574	108
1575	111
1576	128
1577	127
1578	148
1579	125
1580	140
1581	167
1582	192
1583	127
1584	120
1585	140
1586	136
1587	178
1588	131
1589	166
1590	94
1591	170
1592	157
1593	167
1594	174
1595	173
1596	142
1597	146
1598	192
1599	172
1600	142
1601	114
1602	137
1603	166
1604	133
1605	171
1606	133
1607	161
1608	138
1609	143
1610	129
1611	124
1612	158
1613	208
1614	183
1615	125
1616	179
1617	146
1618	176
1619	139
1620	131
1621	122
1622	167
1623	128
1624	165
1625	153
1626	148
1627	148
1628	159
1629	120
1630	144
1631	146
1632	177
1633	144
1634	184
1635	189
1636	117
1637	102
1638	192
1639	146
1640	191
1641	184
1642	162
1643	162
1644	134
1645	150
1646	153
1647	120
1648	137
1649	163
1650	127
1651	177
1652	139
1653	155
1654	141
1655	141
1656	182
1657	124
1658	180
1659	128
1660	206
1661	141
1662	160
1663	179
1664	139
1665	127
1666	169
1667	149
1668	175
1669	160
1670	190
1671	160
1672	159
1673	144
1674	164
1675	161
1676	114
1677	148
1678	148
1679	152
1680	167
1681	194
1682	171
1683	138
1684	141
1685	192
1686	102
1687	147
1688	141
1689	130
1690	137
1691	154
1692	149
1693	159
1694	201
1695	176
1696	174
1697	159
1698	166
1699	133
1700	174
1701	147
1702	144
1703	175
1704	124
1705	169
1706	164
1707	143
1708	169
1709	152
1710	182
1711	163
1712	138
1713	152
1714	151
1715	186
1716	184
1717	142
1718	193
1719	156
1720	166
1721	197
1722	168
1723	226
1724	133
1725	209
1726	154
1727	182
1728	172
1729	146
1730	187
1731	160
1732	140
1733	157
1734	142
1735	188
1736	128
1737	147
1738	134
1739	139
1740	179
1741	161
1742	175
1743	134
1744	171
1745	153
1746	187
1747	159
1748	224
1749	182
1750	102
1751	173
1752	153
1753	148
1754	128
1755	185
1756	157
1757	178
1758	200
1759	169
1760	177
1761	145
1762	189
1763	168
1764	123
1765	167
1766	200
1767	218
1768	161
1769	165
1770	159
1771	176
1772	144
1773	167
1774	177
1775	160
1776	213
1777	164
1778	228
1779	185
1780	165
1781	161
1782	176
1783	194
1784	208
1785	138
1786	131
1787	166
1788	152
1789	168
1790	161
1791	208
1792	143
1793	157
1794	180
1795	173
1796	219
1797	186
1798	181
1799	192
1800	180
1801	146
1802	194
1803	186
1804	216
1805	207
1806	151
1807	172
1808	165
1809	151
1810	163
1811	144
1812	153
1813	180
1814	181
1815	194
1816	133
1817	177
1818	187
1819	184
1820	182
1821	202
1822	197
1823	215
1824	197
1825	185
1826	196
1827	191
1828	172
1829	134
1830	164
1831	150
1832	141
1833	213
1834	144
1835	186
1836	203
1837	234
1838	152
1839	190
1840	186
1841	144
1842	174
1843	182
1844	214
1845	222
1846	139
1847	163
1848	153
1849	182
1850	206
1851	177
1852	135
1853	119
1854	224
1855	214
1856	222
1857	148
1858	223
1859	230
1860	230
1861	272
1862	203
1863	169
1864	154
1865	174
1866	171
1867	172
1868	159
1869	261
1870	218
1871	174
1872	174
1873	184
1874	194
1875	177
1876	256
1877	215
1878	213
1879	188
1880	209
1881	206
1882	188
1883	190
1884	201
1885	213
1886	135
1887	189
1888	205
1889	171
1890	196
1891	174
1892	254
1893	191
1894	165
1895	186
1896	220
1897	171
1898	218
1899	204
1900	206
1901	210
1902	138
1903	235
1904	164
1905	204
1906	173
1907	210
1908	182
1909	212
1910	143
1911	167
1912	164
1913	149
1914	205
1915	174
1916	188
1917	189
1918	161
1919	225
1920	218
1921	165
1922	167
1923	259
1924	185
1925	163
1926	196
1927	207
1928	190
1929	211
1930	196
1931	278
1932	208
1933	204
1934	173
1935	260
1936	235
1937	170
1938	191
1939	252
1940	209
1941	186
1942	183
1943	184
1944	212
1945	173
1946	205
1947	182
1948	304
1949	244
1950	232
1951	170
1952	227
1953	205
1954	155
1955	241
1956	260
1957	165
1958	182
1959	186
1960	163
1961	249
1962	173
1963	215
1964	186
1965	174
1966	243
1967	399
1968	239
1969	201
1970	226
1971	178
1972	211
1973	261
1974	199
1975	193
1976	228
1977	213
1978	179
1979	209
1980	205
1981	194
1982	223
1983	168
1984	172
1985	255
1986	198
1987	195
1988	202
1989	166
1990	188
1991	192
1992	240
1993	192
1994	174
1995	184
1996	144
1997	233
1998	219
1999	188
2000	205
2001	247
2002	159
2003	197
2004	209
2005	193
2006	164
2007	143
2008	181
2009	179
2010	190
2011	229
2012	272
2013	196
2014	211
2015	199
2016	200
2017	180
2018	168
2019	183
2020	172
2021	187
2022	260
2023	161
2024	201
2025	195
2026	155
2027	130
2028	122
2029	170
2030	126
2031	143
2032	270
2033	338
2034	172
2035	154
2036	113
2037	123
2038	123
2039	119
2040	126
2041	97
2042	144
2043	218
2044	230
2045	74
2046	96
2047	127
