Instrument: Andor
X Size: 2048
Y Size: 64
Total Flux: 0.000
Total Counts: 395187
Background: 314.000000
Curvature: 0.0
Clipped to ROI: No
ROI: 1309 526 2539 1627
X	Counts
0	85
1	88
2	96
3	71
4	66
5	59
6	71
7	86
8	90
9	52
10	89
11	80
12	97
13	93
14	55
15	91
16	79
17	103
18	95
19	79
20	61
21	68
22	76
23	89
24	102
25	83
26	135
27	75
28	81
29	92
30	80
31	74
32	61
33	96
34	126
35	60
36	66
37	56
38	99
39	85
40	87
41	77
42	76
43	65
44	69
45	66
46	78
47	85
48	97
49	43
50	105
51	60
52	78
53	92
54	80
55	73
56	103
57	84
58	68
59	80
60	129
61	92
62	65
63	119
64	77
65	103
66	71
67	83
68	54
69	109
70	158
71	106
72	48
73	81
74	54
75	86
76	82
77	103
78	93
79	65
80	73
81	50
82	86
83	94
84	97
85	125
86	53
87	70
88	113
89	77
90	93
91	88
92	85
93	83
94	78
95	61
96	72
97	56
98	115
99	71
100	71
101	88
102	65
103	89
104	46
105	77
106	64
107	33
108	68
109	85
110	82
111	59
112	94
113	76
114	90
115	61
116	121
117	68
118	51
119	76
120	55
121	64
122	99
123	107
124	106
125	113
126	86
127	65
128	77
129	59
130	98
131	47
132	46
133	82
134	64
135	92
136	105
137	92
138	283
139	182
140	113
141	112
142	73
143	92
144	74
145	147
146	126
147	78
148	83
149	80
150	89
151	76
152	88
153	60
154	104
155	89
156	94
157	57
158	120
159	98
160	80
161	81
162	99
163	57
164	83
165	63
166	99
167	158
168	117
169	102
170	104
171	75
172	92
173	120
174	122
175	126
176	88
177	111
178	87
179	119
180	228
181	91
182	89
183	51
184	89
185	122
186	38
187	71
188	87
189	77
190	97
191	70
192	85
193	57
194	104
195	74
196	66
197	48
198	83
199	44
200	102
201	167
202	207
203	136
204	78
205	81
206	102
207	72
208	82
209	82
210	103
211	74
212	54
213	45
214	51
215	69
216	79
217	83
218	54
219	113
220	95
221	110
222	69
223	116
224	61
225	94
226	102
227	87
228	93
229	46
230	94
231	79
232	97
233	87
234	75
235	114
236	89
237	129
238	78
239	67
240	52
241	45
242	96
243	60
244	96
245	64
246	69
247	78
248	109
249	128
250	126
251	94
252	77
253	124
254	98
255	108
256	56
257	113
258	77
259	108
260	63
261	153
262	118
263	117
264	93
265	75
266	100
267	82
268	64
269	61
270	120
271	93
272	110
273	139
274	61
275	45
276	99
277	97
278	115
279	105
280	97
281	75
282	96
283	131
284	79
285	64
286	73
287	72
288	65
289	80
290	99
291	71
292	48
293	82
294	65
295	120
296	90
297	108
298	77
299	38
300	76
301	80
302	91
303	126
304	87
305	59
306	61
307	81
308	97
309	89
310	82
311	72
312	119
313	95
314	171
315	301
316	228
317	171
318	127
319	67
320	93
321	46
322	76
323	77
324	79
325	101
326	72
327	146
328	156
329	85
330	83
331	42
332	106
333	93
334	94
335	73
336	127
337	139
338	120
339	81
340	92
341	72
342	94
343	67
344	60
345	108
346	44
347	62
348	48
349	93
350	64
351	69
352	75
353	80
354	112
355	99
356	64
357	43
358	73
359	86
360	75
361	75
362	266
363	118
364	103
365	87
366	105
367	119
368	117
369	72
370	119
371	84
372	51
373	73
374	73
375	97
376	71
377	86
378	88
379	126
380	51
381	103
382	77
383	51
384	94
385	62
386	85
387	52
388	71
389	103
390	76
391	92
392	61
393	56
394	67
395	144
396	285
397	82
398	99
399	76
400	135
401	118
402	74
403	75
404	87
405	68
406	67
407	82
408	76
409	72
410	100
411	119
412	94
413	105
414	82
415	58
416	99
417	100
418	78
419	84
420	72
421	73
422	110
423	78
424	93
425	63
426	57
427	68
428	135
429	100
430	92
431	73
432	106
433	182
434	162
435	140
436	119
437	208
438	309
439	288
440	128
441	115
442	165
443	100
444	92
445	97
446	95
447	89
448	108
449	163
450	48
451	79
452	115
453	82
454	108
455	164
456	224
457	98
458	75
459	105
460	79
461	63
462	91
463	85
464	55
465	73
466	94
467	75
468	67
469	149
470	152
471	112
472	104
473	95
474	94
475	76
476	123
477	67
478	80
479	107
480	69
481	105
482	89
483	109
484	78
485	106
486	167
487	245
488	85
489	104
490	77
491	64
492	87
493	163
494	181
495	254
496	352
497	139
498	119
499	115
500	161
501	64
502	205
503	106
504	112
505	99
506	99
507	159
508	222
509	106
510	91
511	120
512	74
513	137
514	116
515	142
516	109
517	89
518	77
519	64
520	95
521	86
522	205
523	257
524	119
525	125
526	83
527	80
528	172
529	133
530	63
531	97
532	161
533	217
534	133
535	165
536	281
537	262
538	81
539	108
540	101
541	82
542	79
543	81
544	107
545	109
546	104
547	113
548	114
549	143
550	85
551	97
552	101
553	97
554	127
555	133
556	115
557	117
558	76
559	94
560	195
561	107
562	77
563	71
564	118
565	126
566	151
567	176
568	98
569	129
570	146
571	185
572	208
573	120
574	158
575	190
576	121
577	103
578	162
579	403
580	166
581	134
582	133
583	214
584	222
585	137
586	77
587	36
588	137
589	174
590	321
591	535
592	444
593	309
594	186
595	473
596	527
597	179
598	451
599	889
600	812
601	719
602	658
603	362
604	592
605	662
606	455
607	239
608	529
609	302
610	248
611	445
612	119
613	88
614	125
615	76
616	111
617	209
618	181
619	197
620	133
621	93
622	156
623	366
624	355
625	114
626	139
627	189
628	161
629	168
630	111
631	155
632	172
633	140
634	113
635	187
636	194
637	84
638	133
639	79
640	95
641	73
642	140
643	128
644	112
645	70
646	132
647	91
648	88
649	103
650	215
651	203
652	108
653	116
654	126
655	37
656	62
657	119
658	64
659	67
660	106
661	53
662	105
663	48
664	76
665	77
666	143
667	126
668	123
669	85
670	101
671	131
672	162
673	103
674	84
675	76
676	68
677	129
678	83
679	75
680	139
681	99
682	75
683	150
684	83
685	62
686	68
687	81
688	107
689	165
690	122
691	137
692	87
693	116
694	69
695	129
696	162
697	260
698	125
699	186
700	155
701	127
702	65
703	127
704	94
705	97
706	58
707	139
708	72
709	62
710	77
711	116
712	100
713	75
714	66
715	124
716	63
717	80
718	68
719	71
720	71
721	89
722	81
723	71
724	95
725	116
726	148
727	91
728	59
729	102
730	87
731	108
732	106
733	100
734	97
735	81
736	81
737	60
738	109
739	113
740	115
741	96
742	138
743	62
744	78
745	106
746	83
747	100
748	50
749	95
750	77
751	104
752	81
753	94
754	115
755	117
756	91
757	133
758	82
759	161
760	103
761	94
762	104
763	144
764	107
765	119
766	105
767	96
768	115
769	108
770	95
771	110
772	100
773	138
774	136
775	97
776	125
777	85
778	75
779	110
780	108
781	159
782	118
783	156
784	120
785	81
786	92
787	94
788	114
789	87
790	92
791	78
792	108
793	167
794	199
795	108
796	113
797	83
798	129
799	67
800	91
801	124
802	119
803	105
804	93
805	127
806	150
807	192
808	118
809	114
810	112
811	123
812	94
813	163
814	118
815	128
816	110
817	118
818	77
819	124
820	80
821	102
822	94
823	132
824	101
825	108
826	146
827	90
828	112
829	116
830	125
831	119
832	110
833	247
834	311
835	181
836	96
837	110
838	98
839	119
840	91
841	105
842	147
843	117
844	101
845	139
846	104
847	195
848	370
849	141
850	96
851	167
852	95
853	130
854	168
855	182
856	191
857	126
858	137
859	93
860	116
861	107
862	111
863	145
864	95
865	122
866	114
867	136
868	94
869	89
870	103
871	122
872	112
873	92
874	140
875	94
876	134
877	154
878	173
879	118
880	134
881	103
882	121
883	104
884	110
885	96
886	131
887	110
888	109
889	152
890	200
891	147
892	123
893	106
894	189
895	137
896	132
897	122
898	112
899	90
900	106
901	99
902	102
903	101
904	133
905	127
906	86
907	117
908	106
909	153
910	164
911	221
912	157
913	143
914	107
915	121
916	75
917	90
918	127
919	139
920	139
921	155
922	110
923	101
924	157
925	94
926	128
927	134
928	117
929	142
930	339
931	291
932	168
933	175
934	231
935	122
936	108
937	156
938	96
939	138
940	127
941	132
942	162
943	329
944	227
945	135
946	149
947	201
948	115
949	75
950	137
951	99
952	143
953	310
954	114
955	94
956	166
957	112
958	116
959	87
960	102
961	145
962	153
963	172
964	179
965	128
966	158
967	112
968	142
969	137
970	170
971	92
972	147
973	95
974	194
975	127
976	174
977	188
978	113
979	118
980	95
981	82
982	144
983	157
984	213
985	160
986	159
987	170
988	170
989	128
990	171
991	266
992	143
993	101
994	144
995	215
996	167
997	130
998	142
999	156
1000	183
1001	90
1002	86
1003	92
1004	100
1005	109
1006	95
1007	150
1008	106
1009	180
1010	145
1011	151
1012	118
1013	117
1014	112
1015	140
1016	132
1017	113
1018	104
1019	126
1020	143
1021	94
1022	114
1023	124
1024	111
1025	119
1026	117
1027	121
1028	173
1029	74
1030	143
1031	122
1032	192
1033	108
1034	105
1035	130
1036	116
1037	117
1038	134
1039	132
1040	123
1041	118
1042	155
1043	163
1044	117
1045	121
1046	125
1047	149
1048	236
1049	251
1050	227
1051	94
1052	158
1053	121
1054	133
1055	112
1056	124
1057	132
1058	182
1059	219
1060	142
1061	133
1062	191
1063	241
1064	130
1065	166
1066	142
1067	101
1068	123
1069	130
1070	135
1071	121
1072	134
1073	96
1074	192
1075	145
1076	89
1077	96
1078	123
1079	262
1080	213
1081	161
1082	242
1083	178
1084	233
1085	154
1086	134
1087	88
1088	117
1089	223
1090	201
1091	162
1092	230
1093	265
1094	129
1095	181
1096	204
1097	249
1098	441
1099	576
1100	345
1101	617
1102	980
1103	899
1104	788
1105	823
1106	900
1107	487
1108	513
1109	749
1110	911
1111	795
1112	1032
1113	926
1114	413
1115	543
1116	778
1117	806
1118	759
1119	638
1120	676
1121	756
1122	826
1123	695
1124	796
1125	927
1126	1207
1127	827
1128	1427
1129	1630
1130	1595
1131	1575
1132	1810
1133	2463
1134	3081
1135	3930
1136	4153
1137	5765
1138	6719
1139	5294
1140	4177
1141	3643
1142	2946
1143	2823
1144	2445
1145	2004
1146	1650
1147	1056
1148	1107
1149	682
1150	568
1151	553
1152	353
1153	404
1154	554
1155	473
1156	326
1157	512
1158	395
1159	288
1160	680
1161	650
1162	399
1163	901
1164	399
1165	416
1166	546
1167	757
1168	411
1169	366
1170	535
1171	897
1172	508
1173	576
1174	392
1175	249
1176	196
1177	222
1178	423
1179	816
1180	593
1181	418
1182	455
1183	458
1184	632
1185	921
1186	449
1187	853
1188	933
1189	440
1190	455
1191	394
1192	419
1193	488
1194	660
1195	470
1196	407
1197	634
1198	394
1199	280
1200	236
1201	485
1202	689
1203	451
1204	511
1205	412
1206	457
1207	648
1208	658
1209	363
1210	369
1211	539
1212	659
1213	405
1214	639
1215	297
1216	303
1217	381
1218	510
1219	390
1220	423
1221	216
1222	480
1223	693
1224	315
1225	260
1226	307
1227	313
1228	273
1229	315
1230	322
1231	143
1232	219
1233	231
1234	144
1235	146
1236	168
1237	209
1238	214
1239	189
1240	320
1241	350
1242	248
1243	250
1244	212
1245	150
1246	212
1247	100
1248	111
1249	132
1250	155
1251	322
1252	337
1253	232
1254	168
1255	232
1256	262
1257	171
1258	124
1259	125
1260	124
1261	126
1262	105
1263	191
1264	282
1265	116
1266	135
1267	147
1268	183
1269	174
1270	175
1271	100
1272	292
1273	366
1274	298
1275	294
1276	378
1277	298
1278	244
1279	245
1280	155
1281	116
1282	202
1283	118
1284	115
1285	100
1286	81
1287	122
1288	125
1289	118
1290	126
1291	142
1292	124
1293	133
1294	211
1295	366
1296	318
1297	177
1298	160
1299	108
1300	130
1301	121
1302	115
1303	131
1304	131
1305	97
1306	129
1307	117
1308	127
1309	151
1310	87
1311	153
1312	108
1313	122
1314	135
1315	118
1316	149
1317	98
1318	129
1319	165
1320	162
1321	154
1322	147
1323	110
1324	175
1325	144
1326	131
1327	176
1328	159
1329	153
1330	105
1331	134
1332	166
1333	128
1334	101
1335	169
1336	113
1337	123
1338	138
1339	126
1340	145
1341	119
1342	205
1343	126
1344	115
1345	104
1346	113
1347	127
1348	132
1349	153
1350	252
1351	185
1352	202
1353	188
1354	189
1355	135
1356	108
1357	133
1358	120
1359	103
1360	183
1361	145
1362	135
1363	150
1364	92
1365	149
1366	139
1367	140
1368	131
1369	154
1370	119
1371	121
1372	113
1373	175
1374	104
1375	150
1376	148
1377	132
1378	124
1379	108
1380	118
1381	139
1382	157
1383	109
1384	104
1385	119
1386	105
1387	114
1388	133
1389	151
1390	158
1391	103
1392	136
1393	110
1394	139
1395	157
1396	204
1397	138
1398	151
1399	127
1400	118
1401	93
1402	156
1403	129
1404	116
1405	128
1406	145
1407	100
1408	98
1409	122
1410	175
1411	139
1412	144
1413	106
1414	162
1415	137
1416	140
1417	133
1418	96
1419	178
1420	111
1421	122
1422	119
1423	137
1424	187
1425	141
1426	113
1427	172
1428	135
1429	227
1430	163
1431	218
1432	162
1433	119
1434	176
1435	154
1436	114
1437	137
1438	158
1439	262
1440	148
1441	204
1442	133
1443	171
1444	119
1445	170
1446	135
1447	174
1448	134
1449	137
1450	165
1451	153
1452	116
1453	113
1454	104
1455	207
1456	140
1457	168
1458	133
1459	167
1460	145
1461	178
1462	111
1463	153
1464	207
1465	184
1466	224
1467	132
1468	101
1469	174
1470	123
1471	134
1472	161
1473	222
1474	166
1475	151
1476	152
1477	96
1478	156
1479	184
1480	116
1481	268
1482	119
1483	158
1484	119
1485	131
1486	175
1487	115
1488	135
1489	95
1490	156
1491	153
1492	237
1493	224
1494	113
1495	156
1496	105
1497	133
1498	126
1499	142
1500	118
1501	170
1502	200
1503	166
1504	170
1505	173
1506	124
1507	148
1508	160
1509	169
1510	175
1511	193
1512	163
1513	121
1514	135
1515	177
1516	176
1517	133
1518	163
1519	148
1520	175
1521	140
1522	121
1523	154
1524	151
1525	140
1526	122
1527	194
1528	186
1529	115
1530	196
1531	131
1532	144
1533	149
1534	174
1535	158
1536	150
1537	175
1538	153
1539	176
1540	158
1541	166
1542	124
1543	127
1544	137
1545	132
1546	201
1547	166
1548	131
1549	125
1550	168
1551	133
1552	118
1553	136
1554	138
1555	132
1556	119
1557	158
1558	154
1559	166
1560	121
1561	128
1562	110
1563	148
1564	143
1565	167
1566	180
1567	161
1568	204
1569	180
1570	163
1571	144
1572	182
1573	156
1574	166
1575	125
1576	151
1577	163
1578	136
1579	163
1580	113
1581	124
1582	201
1583	142
1584	138
1585	179
1586	152
1587	163
1588	130
1589	98
1590	146
1591	216
1592	117
1593	169
1594	169
1595	176
1596	139
1597	180
1598	156
1599	134
1600	163
1601	164
1602	137
1603	159
1604	201
1605	169
1606	194
1607	178
1608	153
1609	177
1610	137
1611	162
1612	163
1613	172
1614	142
1615	183
1616	230
1617	186
1618	188
1619	164
1620	130
1621	115
1622	120
1623	129
1624	176
1625	184
1626	185
1627	136
1628	164
1629	158
1630	131
1631	175
1632	161
1633	154
1634	184
1635	152
1636	145
1637	162
1638	202
1639	181
1640	143
1641	106
1642	166
1643	250
1644	141
1645	178
1646	184
1647	127
1648	135
1649	152
1650	211
1651	121
1652	202
1653	211
1654	239
1655	152
1656	169
1657	149
1658	157
1659	166
1660	152
1661	155
1662	167
1663	108
1664	183
1665	135
1666	130
1667	192
1668	127
1669	165
1670	172
1671	174
1672	141
1673	97
1674	155
1675	175
1676	183
1677	146
1678	134
1679	133
1680	168
1681	200
1682	126
1683	154
1684	167
1685	209
1686	117
1687	102
1688	162
1689	94
1690	134
1691	191
1692	145
1693	146
1694	247
1695	188
1696	170
1697	162
1698	208
1699	204
1700	207
1701	186
1702	169
1703	159
1704	157
1705	155
1706	141
1707	171
1708	172
1709	165
1710	147
1711	126
1712	136
1713	131
1714	193
1715	159
1716	201
1717	197
1718	142
1719	157
1720	165
1721	223
1722	176
1723	258
1724	158
1725	181
1726	159
1727	161
1728	213
1729	187
1730	201
1731	178
1732	157
1733	145
1734	153
1735	167
1736	161
1737	161
1738	155
1739	166
1740	178
1741	181
1742	193
1743	134
1744	166
1745	153
1746	164
1747	203
1748	188
1749	165
1750	227
1751	209
1752	165
1753	222
1754	225
1755	210
1756	276
1757	157
1758	186
1759	158
1760	166
1761	199
1762	147
1763	162
1764	197
1765	149
1766	212
1767	146
1768	167
1769	176
1770	174
1771	159
1772	164
1773	181
1774	244
1775	115
1776	173
1777	145
1778	182
1779	204
1780	158
1781	161
1782	143
1783	209
1784	174
1785	173
1786	142
1787	164
1788	151
1789	181
1790	164
1791	193
1792	166
1793	152
1794	171
1795	192
1796	172
1797	127
1798	243
1799	171
1800	158
1801	186
1802	147
1803	285
1804	281
1805	215
1806	163
1807	155
1808	213
1809	121
1810	152
1811	162
1812	171
1813	183
1814	205
1815	176
1816	159
1817	159
1818	220
1819	253
1820	227
1821	236
1822	171
1823	217
1824	136
1825	219
1826	191
1827	195
1828	212
1829	183
1830	158
1831	178
1832	172
1833	243
1834	149
1835	170
1836	136
1837	216
1838	198
1839	201
1840	178
1841	213
1842	114
1843	168
1844	157
1845	225
1846	168
1847	231
1848	187
1849	183
1850	182
1851	153
1852	158
1853	159
1854	155
1855	173
1856	174
1857	157
1858	200
1859	190
1860	206
1861	201
1862	256
1863	158
1864	168
1865	166
1866	264
1867	266
1868	202
1869	199
1870	185
1871	195
1872	162
1873	192
1874	159
1875	133
1876	174
1877	148
1878	181
1879	157
1880	146
1881	167
1882	212
1883	164
1884	188
1885	175
1886	158
1887	168
1888	187
1889	222
1890	227
1891	215
1892	296
1893	219
1894	352
1895	182
1896	198
1897	162
1898	257
1899	198
1900	266
1901	246
1902	201
1903	220
1904	176
1905	221
1906	195
1907	152
1908	155
1909	201
1910	194
1911	149
1912	172
1913	157
1914	184
1915	160
1916	232
1917	165
1918	213
1919	189
1920	168
1921	173
1922	172
1923	188
1924	196
1925	249
1926	229
1927	302
1928	188
1929	149
1930	191
1931	156
1932	198
1933	196
1934	220
1935	300
1936	347
1937	198
1938	219
1939	215
1940	207
1941	209
1942	153
1943	153
1944	198
1945	184
1946	224
1947	165
1948	180
1949	194
1950	267
1951	205
1952	263
1953	207
1954	214
1955	252
1956	280
1957	170
1958	174
1959	167
1960	142
1961	144
1962	183
1963	293
1964	218
1965	199
1966	229
1967	178
1968	217
1969	226
1970	218
1971	188
1972	201
1973	173
1974	189
1975	228
1976	312
1977	187
1978	233
1979	196
1980	255
1981	170
1982	241
1983	183
1984	218
1985	262
1986	258
1987	300
1988	333
1989	209
1990	185
1991	218
1992	207
1993	228
1994	179
1995	273
1996	291
1997	298
1998	308
1999	233
2000	189
2001	208
2002	280
2003	207
2004	267
2005	217
2006	173
2007	151
2008	174
2009	224
2010	225
2011	152
2012	286
2013	164
2014	217
2015	212
2016	232
2017	121
2018	167
2019	175
2020	221
2021	220
2022	313
2023	168
2024	144
2025	225
2026	226
2027	150
2028	184
2029	200
2030	225
2031	143
2032	227
2033	255
2034	182
2035	148
2036	140
2037	134
2038	190
2039	271
2040	176
2041	268
2042	321
2043	175
2044	237
2045	152
2046	131
2047	148
