Instrument: Andor
X Size: 2048
Y Size: 64
Total Flux: 0.000
Total Counts: 498897
Background: 315.000000
Curvature: 0.0
Clipped to ROI: No
ROI: 1309 526 2539 1627
X	Counts
0	98
1	96
2	97
3	133
4	112
5	99
6	154
7	86
8	142
9	85
10	86
11	87
12	145
13	108
14	97
15	125
16	100
17	113
18	116
19	89
20	96
21	84
22	116
23	128
24	98
25	99
26	112
27	127
28	113
29	114
30	106
31	104
32	76
33	115
34	132
35	116
36	121
37	149
38	120
39	126
40	90
41	150
42	120
43	98
44	121
45	92
46	102
47	106
48	135
49	122
50	85
51	117
52	115
53	135
54	99
55	96
56	97
57	99
58	111
59	122
60	188
61	107
62	107
63	110
64	135
65	175
66	105
67	165
68	112
69	98
70	101
71	122
72	82
73	119
74	92
75	117
76	143
77	208
78	129
79	115
80	133
81	112
82	127
83	123
84	123
85	158
86	132
87	175
88	159
89	102
90	107
91	122
92	136
93	120
94	210
95	91
96	92
97	110
98	130
99	89
100	92
101	147
102	113
103	161
104	98
105	159
106	134
107	78
108	96
109	109
110	78
111	107
112	84
113	88
114	111
115	95
116	130
117	138
118	148
119	148
120	100
121	106
122	87
123	156
124	91
125	78
126	96
127	93
128	111
129	152
130	106
131	76
132	106
133	114
134	116
135	132
136	134
137	148
138	209
139	128
140	149
141	168
142	174
143	198
144	206
145	135
146	119
147	118
148	100
149	71
150	134
151	94
152	171
153	122
154	116
155	107
156	134
157	93
158	114
159	89
160	105
161	122
162	120
163	96
164	130
165	109
166	136
167	136
168	122
169	127
170	131
171	168
172	175
173	116
174	113
175	136
176	95
177	147
178	114
179	83
180	130
181	171
182	143
183	96
184	189
185	80
186	104
187	147
188	117
189	153
190	124
191	110
192	132
193	110
194	104
195	132
196	102
197	95
198	91
199	98
200	125
201	113
202	123
203	94
204	96
205	128
206	134
207	117
208	127
209	100
210	85
211	96
212	112
213	100
214	94
215	82
216	80
217	112
218	159
219	504
220	232
221	147
222	151
223	135
224	106
225	103
226	146
227	124
228	111
229	133
230	142
231	120
232	123
233	114
234	76
235	110
236	168
237	151
238	118
239	104
240	82
241	81
242	156
243	106
244	137
245	153
246	134
247	111
248	166
249	199
250	126
251	165
252	236
253	128
254	152
255	99
256	117
257	109
258	112
259	99
260	104
261	99
262	112
263	130
264	96
265	91
266	148
267	114
268	115
269	102
270	114
271	151
272	139
273	73
274	129
275	114
276	136
277	212
278	228
279	145
280	131
281	66
282	126
283	126
284	117
285	95
286	81
287	121
288	112
289	117
290	81
291	118
292	84
293	86
294	104
295	130
296	115
297	135
298	142
299	119
300	90
301	139
302	85
303	101
304	109
305	200
306	145
307	91
308	112
309	127
310	62
311	112
312	101
313	129
314	109
315	103
316	131
317	71
318	106
319	104
320	78
321	85
322	147
323	171
324	133
325	146
326	121
327	91
328	231
329	112
330	128
331	65
332	114
333	101
334	129
335	118
336	146
337	213
338	346
339	194
340	155
341	89
342	97
343	111
344	114
345	143
346	145
347	142
348	100
349	101
350	101
351	110
352	144
353	87
354	128
355	143
356	104
357	88
358	126
359	126
360	117
361	140
362	151
363	110
364	111
365	128
366	175
367	284
368	149
369	103
370	104
371	158
372	116
373	129
374	199
375	377
376	464
377	135
378	111
379	133
380	126
381	107
382	107
383	114
384	121
385	110
386	107
387	112
388	116
389	145
390	85
391	141
392	106
393	159
394	81
395	106
396	134
397	130
398	154
399	161
400	110
401	140
402	118
403	81
404	130
405	118
406	98
407	100
408	102
409	152
410	152
411	182
412	93
413	108
414	132
415	87
416	124
417	140
418	106
419	108
420	147
421	107
422	147
423	189
424	139
425	162
426	279
427	169
428	144
429	148
430	99
431	86
432	94
433	137
434	125
435	149
436	255
437	196
438	129
439	117
440	100
441	106
442	94
443	140
444	100
445	126
446	142
447	141
448	120
449	133
450	113
451	105
452	143
453	93
454	114
455	172
456	133
457	126
458	119
459	114
460	150
461	152
462	148
463	144
464	96
465	120
466	128
467	81
468	112
469	192
470	122
471	101
472	80
473	160
474	160
475	379
476	268
477	190
478	117
479	111
480	152
481	108
482	133
483	189
484	181
485	176
486	216
487	173
488	180
489	118
490	103
491	153
492	164
493	176
494	169
495	160
496	158
497	145
498	271
499	184
500	132
501	111
502	213
503	195
504	199
505	237
506	196
507	169
508	154
509	110
510	121
511	130
512	118
513	113
514	96
515	161
516	180
517	142
518	161
519	174
520	202
521	213
522	147
523	146
524	113
525	186
526	159
527	127
528	160
529	135
530	122
531	77
532	116
533	108
534	148
535	130
536	207
537	248
538	126
539	160
540	147
541	141
542	138
543	129
544	161
545	148
546	139
547	135
548	97
549	139
550	115
551	138
552	233
553	142
554	150
555	145
556	152
557	208
558	209
559	119
560	162
561	226
562	218
563	100
564	98
565	155
566	124
567	141
568	122
569	128
570	156
571	118
572	93
573	139
574	144
575	126
576	106
577	163
578	223
579	610
580	419
581	295
582	146
583	135
584	166
585	568
586	678
587	345
588	228
589	205
590	133
591	160
592	309
593	335
594	413
595	652
596	685
597	827
598	688
599	665
600	452
601	509
602	479
603	432
604	670
605	781
606	331
607	268
608	103
609	241
610	395
611	629
612	529
613	333
614	344
615	581
616	394
617	337
618	267
619	146
620	128
621	132
622	121
623	132
624	242
625	174
626	151
627	115
628	84
629	160
630	134
631	184
632	108
633	98
634	189
635	174
636	195
637	176
638	135
639	135
640	104
641	122
642	124
643	137
644	118
645	134
646	126
647	107
648	125
649	115
650	108
651	127
652	104
653	170
654	449
655	134
656	112
657	184
658	218
659	186
660	207
661	177
662	256
663	154
664	170
665	103
666	191
667	176
668	85
669	118
670	122
671	91
672	123
673	108
674	98
675	136
676	136
677	125
678	149
679	130
680	171
681	244
682	201
683	96
684	122
685	116
686	165
687	141
688	160
689	103
690	119
691	105
692	91
693	90
694	115
695	108
696	143
697	145
698	99
699	147
700	134
701	192
702	123
703	164
704	139
705	163
706	126
707	199
708	115
709	127
710	130
711	96
712	123
713	119
714	107
715	145
716	179
717	186
718	139
719	184
720	125
721	139
722	156
723	83
724	146
725	120
726	124
727	111
728	146
729	115
730	116
731	105
732	185
733	162
734	155
735	180
736	254
737	141
738	168
739	110
740	128
741	156
742	284
743	199
744	219
745	178
746	138
747	136
748	102
749	113
750	118
751	96
752	113
753	167
754	160
755	193
756	109
757	127
758	158
759	118
760	124
761	139
762	169
763	149
764	198
765	199
766	154
767	163
768	147
769	123
770	131
771	141
772	158
773	105
774	107
775	123
776	214
777	385
778	235
779	170
780	243
781	180
782	144
783	144
784	113
785	157
786	263
787	180
788	128
789	138
790	147
791	142
792	102
793	121
794	181
795	138
796	98
797	114
798	151
799	129
800	149
801	152
802	249
803	160
804	137
805	138
806	115
807	123
808	92
809	142
810	196
811	266
812	174
813	145
814	158
815	89
816	138
817	151
818	149
819	199
820	162
821	114
822	171
823	155
824	146
825	123
826	232
827	153
828	173
829	113
830	184
831	221
832	116
833	148
834	154
835	146
836	150
837	136
838	165
839	126
840	101
841	146
842	170
843	159
844	169
845	141
846	140
847	226
848	162
849	138
850	136
851	156
852	150
853	157
854	212
855	151
856	150
857	232
858	194
859	156
860	166
861	147
862	222
863	152
864	114
865	166
866	158
867	151
868	81
869	117
870	182
871	250
872	263
873	261
874	193
875	171
876	156
877	292
878	215
879	190
880	205
881	153
882	176
883	183
884	207
885	180
886	105
887	171
888	169
889	140
890	136
891	179
892	173
893	151
894	183
895	131
896	250
897	153
898	105
899	140
900	163
901	97
902	178
903	134
904	211
905	142
906	127
907	146
908	165
909	124
910	114
911	233
912	241
913	124
914	152
915	177
916	141
917	152
918	137
919	129
920	154
921	141
922	127
923	156
924	115
925	125
926	113
927	190
928	172
929	202
930	159
931	164
932	213
933	190
934	154
935	177
936	182
937	292
938	121
939	160
940	186
941	211
942	174
943	158
944	178
945	190
946	118
947	160
948	181
949	201
950	189
951	191
952	173
953	176
954	156
955	134
956	133
957	164
958	245
959	180
960	126
961	202
962	191
963	198
964	157
965	138
966	148
967	249
968	167
969	171
970	172
971	148
972	100
973	183
974	163
975	158
976	151
977	173
978	166
979	158
980	134
981	164
982	182
983	138
984	230
985	290
986	188
987	207
988	214
989	203
990	157
991	150
992	163
993	130
994	159
995	127
996	163
997	161
998	204
999	175
1000	233
1001	165
1002	138
1003	141
1004	188
1005	239
1006	165
1007	140
1008	176
1009	184
1010	161
1011	231
1012	474
1013	248
1014	188
1015	129
1016	240
1017	162
1018	137
1019	169
1020	258
1021	144
1022	189
1023	120
1024	133
1025	253
1026	273
1027	211
1028	175
1029	167
1030	140
1031	152
1032	150
1033	141
1034	138
1035	142
1036	158
1037	165
1038	177
1039	181
1040	166
1041	244
1042	193
1043	176
1044	288
1045	221
1046	296
1047	188
1048	182
1049	207
1050	210
1051	199
1052	224
1053	169
1054	167
1055	189
1056	183
1057	225
1058	155
1059	163
1060	169
1061	143
1062	215
1063	193
1064	130
1065	195
1066	191
1067	212
1068	222
1069	172
1070	189
1071	201
1072	216
1073	250
1074	185
1075	264
1076	200
1077	158
1078	195
1079	200
1080	147
1081	203
1082	199
1083	151
1084	195
1085	183
1086	242
1087	436
1088	216
1089	197
1090	210
1091	150
1092	198
1093	339
1094	376
1095	230
1096	342
1097	320
1098	557
1099	597
1100	332
1101	319
1102	619
1103	623
1104	590
1105	511
1106	945
1107	958
1108	498
1109	929
1110	1014
1111	838
1112	883
1113	974
1114	694
1115	807
1116	933
1117	717
1118	745
1119	405
1120	355
1121	835
1122	1094
1123	1495
1124	1549
1125	1554
1126	1424
1127	1662
1128	1669
1129	1793
1130	2193
1131	2061
1132	2665
1133	2477
1134	2625
1135	3349
1136	3732
1137	3732
1138	4365
1139	3951
1140	3841
1141	3438
1142	2897
1143	3875
1144	3586
1145	3267
1146	3155
1147	3763
1148	4449
1149	4154
1150	3061
1151	2378
1152	1856
1153	1586
1154	577
1155	483
1156	371
1157	558
1158	570
1159	668
1160	516
1161	377
1162	455
1163	209
1164	234
1165	350
1166	653
1167	686
1168	481
1169	452
1170	541
1171	702
1172	770
1173	590
1174	801
1175	1134
1176	592
1177	724
1178	677
1179	598
1180	553
1181	474
1182	771
1183	1048
1184	874
1185	435
1186	498
1187	725
1188	539
1189	629
1190	941
1191	798
1192	766
1193	884
1194	881
1195	509
1196	633
1197	320
1198	454
1199	437
1200	459
1201	303
1202	469
1203	581
1204	467
1205	383
1206	291
1207	363
1208	750
1209	640
1210	661
1211	858
1212	561
1213	856
1214	654
1215	879
1216	1057
1217	814
1218	377
1219	494
1220	344
1221	237
1222	255
1223	226
1224	399
1225	330
1226	291
1227	171
1228	231
1229	316
1230	609
1231	253
1232	382
1233	240
1234	398
1235	648
1236	537
1237	307
1238	332
1239	301
1240	276
1241	381
1242	405
1243	395
1244	605
1245	242
1246	183
1247	117
1248	305
1249	229
1250	161
1251	426
1252	213
1253	163
1254	211
1255	158
1256	171
1257	176
1258	168
1259	101
1260	192
1261	143
1262	166
1263	157
1264	200
1265	309
1266	589
1267	340
1268	191
1269	271
1270	235
1271	288
1272	271
1273	146
1274	172
1275	252
1276	514
1277	349
1278	270
1279	288
1280	205
1281	165
1282	168
1283	153
1284	207
1285	239
1286	144
1287	183
1288	207
1289	139
1290	163
1291	218
1292	164
1293	215
1294	183
1295	191
1296	171
1297	126
1298	143
1299	232
1300	111
1301	204
1302	378
1303	214
1304	126
1305	188
1306	166
1307	160
1308	201
1309	228
1310	155
1311	166
1312	145
1313	194
1314	200
1315	186
1316	184
1317	196
1318	186
1319	171
1320	220
1321	182
1322	193
1323	152
1324	164
1325	227
1326	229
1327	198
1328	289
1329	271
1330	252
1331	216
1332	189
1333	180
1334	185
1335	173
1336	194
1337	203
1338	199
1339	140
1340	183
1341	161
1342	178
1343	158
1344	186
1345	192
1346	195
1347	181
1348	203
1349	179
1350	201
1351	139
1352	201
1353	261
1354	205
1355	358
1356	172
1357	166
1358	146
1359	141
1360	159
1361	186
1362	178
1363	178
1364	187
1365	226
1366	193
1367	183
1368	196
1369	210
1370	240
1371	179
1372	132
1373	209
1374	133
1375	143
1376	195
1377	161
1378	188
1379	216
1380	224
1381	202
1382	222
1383	208
1384	131
1385	209
1386	196
1387	210
1388	184
1389	153
1390	198
1391	184
1392	149
1393	211
1394	199
1395	187
1396	260
1397	265
1398	159
1399	188
1400	236
1401	348
1402	272
1403	176
1404	225
1405	228
1406	249
1407	172
1408	132
1409	184
1410	178
1411	178
1412	259
1413	171
1414	178
1415	165
1416	152
1417	144
1418	188
1419	176
1420	186
1421	184
1422	148
1423	148
1424	256
1425	167
1426	178
1427	203
1428	184
1429	203
1430	187
1431	179
1432	203
1433	125
1434	198
1435	169
1436	180
1437	179
1438	177
1439	191
1440	207
1441	131
1442	224
1443	192
1444	221
1445	128
1446	149
1447	197
1448	153
1449	159
1450	217
1451	205
1452	161
1453	165
1454	132
1455	205
1456	175
1457	190
1458	212
1459	197
1460	219
1461	205
1462	205
1463	208
1464	246
1465	149
1466	166
1467	243
1468	245
1469	206
1470	182
1471	178
1472	126
1473	170
1474	184
1475	214
1476	250
1477	161
1478	286
1479	203
1480	154
1481	200
1482	197
1483	144
1484	192
1485	137
1486	255
1487	159
1488	144
1489	161
1490	202
1491	190
1492	200
1493	212
1494	172
1495	229
1496	242
1497	210
1498	167
1499	186
1500	227
1501	148
1502	181
1503	209
1504	266
1505	210
1506	145
1507	216
1508	194
1509	217
1510	180
1511	176
1512	160
1513	225
1514	208
1515	185
1516	223
1517	230
1518	183
1519	267
1520	168
1521	219
1522	246
1523	203
1524	227
1525	162
1526	216
1527	209
1528	210
1529	114
1530	199
1531	203
1532	282
1533	236
1534	178
1535	214
1536	196
1537	219
1538	235
1539	237
1540	111
1541	178
1542	170
1543	186
1544	199
1545	266
1546	268
1547	172
1548	140
1549	163
1550	184
1551	197
1552	234
1553	220
1554	199
1555	191
1556	237
1557	204
1558	210
1559	183
1560	218
1561	187
1562	155
1563	156
1564	150
1565	196
1566	207
1567	223
1568	224
1569	173
1570	164
1571	200
1572	187
1573	181
1574	141
1575	189
1576	194
1577	195
1578	198
1579	202
1580	213
1581	192
1582	241
1583	150
1584	216
1585	284
1586	197
1587	226
1588	133
1589	207
1590	98
1591	241
1592	212
1593	189
1594	193
1595	182
1596	165
1597	222
1598	180
1599	180
1600	204
1601	210
1602	217
1603	223
1604	209
1605	172
1606	206
1607	176
1608	208
1609	149
1610	203
1611	202
1612	165
1613	154
1614	218
1615	208
1616	160
1617	156
1618	255
1619	133
1620	202
1621	184
1622	193
1623	237
1624	215
1625	215
1626	184
1627	194
1628	195
1629	171
1630	185
1631	201
1632	213
1633	206
1634	206
1635	153
1636	147
1637	156
1638	213
1639	158
1640	261
1641	190
1642	179
1643	277
1644	155
1645	200
1646	227
1647	178
1648	162
1649	225
1650	167
1651	202
1652	205
1653	177
1654	235
1655	191
1656	203
1657	202
1658	192
1659	181
1660	255
1661	227
1662	171
1663	170
1664	170
1665	228
1666	266
1667	167
1668	183
1669	247
1670	290
1671	217
1672	224
1673	232
1674	293
1675	381
1676	241
1677	248
1678	206
1679	221
1680	258
1681	174
1682	237
1683	360
1684	303
1685	208
1686	169
1687	206
1688	261
1689	185
1690	303
1691	286
1692	174
1693	212
1694	224
1695	220
1696	182
1697	169
1698	216
1699	179
1700	171
1701	191
1702	213
1703	258
1704	183
1705	214
1706	200
1707	221
1708	219
1709	206
1710	219
1711	227
1712	165
1713	186
1714	179
1715	234
1716	285
1717	236
1718	281
1719	328
1720	209
1721	183
1722	210
1723	216
1724	157
1725	234
1726	223
1727	225
1728	226
1729	172
1730	265
1731	171
1732	165
1733	220
1734	157
1735	297
1736	149
1737	298
1738	155
1739	256
1740	231
1741	210
1742	243
1743	181
1744	182
1745	203
1746	235
1747	244
1748	217
1749	242
1750	204
1751	200
1752	192
1753	218
1754	308
1755	280
1756	200
1757	189
1758	231
1759	226
1760	186
1761	195
1762	221
1763	224
1764	187
1765	216
1766	228
1767	170
1768	176
1769	255
1770	176
1771	204
1772	181
1773	239
1774	282
1775	214
1776	247
1777	147
1778	209
1779	232
1780	259
1781	167
1782	190
1783	234
1784	215
1785	250
1786	204
1787	184
1788	197
1789	203
1790	283
1791	276
1792	221
1793	232
1794	301
1795	218
1796	189
1797	219
1798	262
1799	169
1800	255
1801	192
1802	257
1803	185
1804	213
1805	164
1806	260
1807	236
1808	183
1809	220
1810	258
1811	211
1812	278
1813	291
1814	258
1815	243
1816	170
1817	209
1818	220
1819	230
1820	225
1821	258
1822	192
1823	227
1824	271
1825	240
1826	224
1827	295
1828	233
1829	158
1830	200
1831	221
1832	194
1833	362
1834	226
1835	358
1836	248
1837	281
1838	234
1839	254
1840	188
1841	166
1842	215
1843	222
1844	231
1845	219
1846	224
1847	197
1848	257
1849	234
1850	237
1851	236
1852	183
1853	166
1854	232
1855	229
1856	203
1857	180
1858	270
1859	262
1860	304
1861	250
1862	227
1863	240
1864	203
1865	194
1866	261
1867	393
1868	308
1869	307
1870	231
1871	310
1872	193
1873	211
1874	212
1875	180
1876	187
1877	239
1878	195
1879	243
1880	287
1881	260
1882	267
1883	216
1884	262
1885	247
1886	167
1887	186
1888	313
1889	253
1890	244
1891	185
1892	279
1893	298
1894	345
1895	260
1896	324
1897	278
1898	346
1899	346
1900	271
1901	272
1902	208
1903	243
1904	189
1905	202
1906	266
1907	259
1908	251
1909	295
1910	236
1911	194
1912	222
1913	254
1914	286
1915	253
1916	302
1917	475
1918	222
1919	264
1920	183
1921	253
1922	220
1923	198
1924	198
1925	242
1926	219
1927	276
1928	174
1929	245
1930	312
1931	260
1932	250
1933	272
1934	220
1935	247
1936	257
1937	166
1938	193
1939	266
1940	268
1941	237
1942	249
1943	308
1944	229
1945	264
1946	228
1947	246
1948	283
1949	238
1950	257
1951	288
1952	274
1953	244
1954	301
1955	371
1956	248
1957	210
1958	235
1959	213
1960	240
1961	243
1962	231
1963	217
1964	245
1965	269
1966	340
1967	238
1968	223
1969	282
1970	355
1971	240
1972	299
1973	286
1974	206
1975	228
1976	249
1977	261
1978	228
1979	211
1980	288
1981	256
1982	288
1983	206
1984	207
1985	329
1986	252
1987	220
1988	254
1989	226
1990	279
1991	220
1992	214
1993	227
1994	425
1995	226
1996	233
1997	204
1998	224
1999	214
2000	215
2001	212
2002	211
2003	270
2004	292
2005	237
2006	203
2007	217
2008	219
2009	231
2010	261
2011	225
2012	311
2013	250
2014	222
2015	250
2016	210
2017	206
2018	219
2019	228
2020	487
2021	637
2022	385
2023	181
2024	222
2025	233
2026	157
2027	225
2028	171
2029	308
2030	201
2031	219
2032	267
2033	237
2034	207
2035	229
2036	240
2037	220
2038	165
2039	156
2040	140
2041	143
2042	161
2043	135
2044	178
2045	97
2046	152
2047	123
