Instrument: Andor
X Size: 2048
Y Size: 64
Total Flux: 0.000
Total Counts: 334009
Background: 315.000000
Curvature: 0.0
Clipped to ROI: No
ROI: 1309 526 2539 1627
X	Counts
0	93
1	119
2	148
3	160
4	108
5	95
6	68
7	109
8	106
9	94
10	107
11	125
12	118
13	58
14	100
15	134
16	83
17	133
18	128
19	85
20	79
21	94
22	120
23	81
24	85
25	112
26	83
27	62
28	128
29	126
30	56
31	106
32	90
33	119
34	85
35	104
36	62
37	81
38	61
39	74
40	79
41	80
42	92
43	110
44	90
45	96
46	120
47	68
48	87
49	105
50	124
51	57
52	121
53	91
54	84
55	79
56	88
57	88
58	70
59	56
60	67
61	86
62	85
63	58
64	132
65	90
66	65
67	109
68	70
69	105
70	53
71	120
72	87
73	85
74	99
75	93
76	102
77	139
78	113
79	111
80	132
81	106
82	124
83	116
84	77
85	105
86	82
87	80
88	72
89	110
90	106
91	95
92	121
93	105
94	101
95	61
96	108
97	105
98	86
99	103
100	117
101	72
102	76
103	127
104	90
105	97
106	108
107	72
108	108
109	185
110	83
111	110
112	79
113	77
114	105
115	118
116	123
117	100
118	103
119	132
120	80
121	99
122	111
123	106
124	70
125	78
126	64
127	98
128	102
129	126
130	122
131	70
132	75
133	99
134	91
135	76
136	111
137	104
138	95
139	145
140	78
141	72
142	125
143	103
144	108
145	127
146	127
147	67
148	134
149	61
150	82
151	126
152	139
153	85
154	108
155	114
156	87
157	104
158	82
159	150
160	141
161	115
162	100
163	88
164	114
165	84
166	107
167	99
168	76
169	115
170	45
171	75
172	124
173	79
174	63
175	82
176	104
177	74
178	131
179	76
180	96
181	97
182	113
183	94
184	86
185	133
186	68
187	141
188	92
189	130
190	131
191	85
192	109
193	49
194	89
195	74
196	89
197	75
198	100
199	64
200	71
201	56
202	60
203	95
204	91
205	100
206	92
207	84
208	72
209	75
210	83
211	77
212	109
213	94
214	101
215	67
216	87
217	111
218	119
219	74
220	129
221	115
222	98
223	106
224	95
225	108
226	60
227	92
228	71
229	93
230	123
231	136
232	79
233	98
234	109
235	122
236	88
237	107
238	91
239	87
240	98
241	37
242	143
243	96
244	104
245	96
246	61
247	91
248	85
249	101
250	71
251	57
252	99
253	101
254	89
255	84
256	97
257	75
258	72
259	98
260	97
261	91
262	108
263	89
264	94
265	73
266	93
267	92
268	74
269	93
270	124
271	79
272	88
273	79
274	71
275	92
276	133
277	118
278	94
279	131
280	105
281	71
282	121
283	77
284	76
285	84
286	154
287	109
288	67
289	105
290	76
291	96
292	78
293	105
294	83
295	125
296	63
297	124
298	96
299	80
300	74
301	92
302	93
303	114
304	83
305	64
306	108
307	112
308	103
309	175
310	113
311	86
312	73
313	64
314	91
315	76
316	84
317	91
318	92
319	91
320	99
321	63
322	86
323	91
324	107
325	124
326	74
327	89
328	115
329	113
330	126
331	58
332	152
333	86
334	108
335	93
336	132
337	90
338	98
339	97
340	110
341	93
342	84
343	139
344	174
345	207
346	154
347	102
348	79
349	82
350	69
351	82
352	70
353	99
354	103
355	76
356	67
357	93
358	91
359	130
360	65
361	101
362	135
363	86
364	56
365	95
366	99
367	100
368	86
369	79
370	94
371	102
372	100
373	142
374	125
375	179
376	116
377	121
378	114
379	77
380	87
381	125
382	93
383	64
384	112
385	66
386	93
387	130
388	105
389	100
390	86
391	85
392	126
393	67
394	79
395	97
396	94
397	86
398	125
399	122
400	69
401	137
402	145
403	123
404	72
405	129
406	88
407	75
408	107
409	89
410	104
411	100
412	93
413	83
414	79
415	89
416	120
417	76
418	112
419	109
420	77
421	142
422	103
423	98
424	146
425	105
426	117
427	118
428	93
429	96
430	93
431	102
432	116
433	104
434	89
435	95
436	81
437	142
438	77
439	114
440	118
441	111
442	124
443	88
444	87
445	111
446	93
447	93
448	118
449	95
450	115
451	110
452	145
453	110
454	92
455	98
456	93
457	141
458	139
459	114
460	86
461	107
462	135
463	141
464	108
465	126
466	108
467	103
468	77
469	106
470	76
471	106
472	76
473	129
474	106
475	115
476	148
477	104
478	136
479	108
480	155
481	139
482	132
483	102
484	92
485	95
486	82
487	90
488	105
489	182
490	116
491	101
492	127
493	91
494	77
495	104
496	94
497	126
498	99
499	142
500	138
501	77
502	117
503	100
504	93
505	153
506	64
507	96
508	103
509	123
510	130
511	179
512	91
513	114
514	86
515	124
516	118
517	127
518	161
519	133
520	120
521	99
522	142
523	93
524	108
525	151
526	167
527	106
528	109
529	140
530	105
531	109
532	116
533	92
534	115
535	128
536	102
537	81
538	101
539	76
540	73
541	72
542	96
543	115
544	161
545	123
546	100
547	135
548	136
549	83
550	121
551	91
552	88
553	112
554	115
555	132
556	162
557	117
558	108
559	111
560	133
561	142
562	115
563	96
564	99
565	90
566	119
567	92
568	79
569	115
570	120
571	164
572	121
573	121
574	125
575	91
576	81
577	149
578	66
579	123
580	171
581	167
582	113
583	130
584	103
585	84
586	80
587	109
588	120
589	121
590	91
591	50
592	124
593	88
594	130
595	140
596	119
597	136
598	65
599	171
600	128
601	117
602	97
603	84
604	53
605	97
606	101
607	128
608	136
609	120
610	114
611	168
612	83
613	77
614	150
615	76
616	72
617	117
618	98
619	147
620	112
621	111
622	108
623	111
624	108
625	90
626	108
627	105
628	82
629	96
630	94
631	140
632	108
633	98
634	117
635	87
636	88
637	90
638	119
639	137
640	135
641	122
642	134
643	119
644	202
645	152
646	121
647	120
648	106
649	79
650	102
651	107
652	133
653	89
654	130
655	123
656	107
657	89
658	77
659	74
660	96
661	89
662	97
663	118
664	76
665	127
666	183
667	107
668	96
669	84
670	99
671	156
672	93
673	93
674	112
675	116
676	132
677	170
678	104
679	111
680	104
681	112
682	100
683	107
684	64
685	106
686	138
687	148
688	123
689	92
690	132
691	87
692	150
693	107
694	153
695	121
696	162
697	158
698	125
699	118
700	125
701	103
702	132
703	82
704	124
705	116
706	119
707	143
708	126
709	118
710	104
711	141
712	133
713	120
714	200
715	188
716	155
717	134
718	112
719	127
720	58
721	122
722	59
723	114
724	222
725	99
726	131
727	107
728	98
729	114
730	88
731	56
732	124
733	57
734	108
735	111
736	90
737	84
738	102
739	100
740	134
741	95
742	108
743	118
744	202
745	110
746	119
747	134
748	93
749	111
750	106
751	130
752	80
753	105
754	113
755	161
756	83
757	158
758	126
759	117
760	126
761	132
762	143
763	146
764	125
765	121
766	113
767	93
768	113
769	119
770	89
771	100
772	113
773	168
774	109
775	116
776	119
777	104
778	115
779	139
780	119
781	111
782	133
783	119
784	113
785	96
786	101
787	167
788	135
789	95
790	127
791	150
792	113
793	129
794	119
795	110
796	104
797	84
798	142
799	108
800	136
801	135
802	190
803	108
804	92
805	139
806	118
807	116
808	125
809	83
810	124
811	127
812	88
813	119
814	130
815	109
816	90
817	61
818	132
819	126
820	94
821	135
822	121
823	129
824	118
825	121
826	140
827	151
828	108
829	123
830	119
831	134
832	91
833	187
834	136
835	160
836	167
837	149
838	139
839	118
840	99
841	147
842	153
843	95
844	153
845	133
846	146
847	130
848	127
849	97
850	126
851	150
852	107
853	102
854	156
855	154
856	125
857	124
858	153
859	60
860	107
861	132
862	138
863	151
864	140
865	142
866	125
867	137
868	151
869	141
870	159
871	150
872	194
873	102
874	151
875	120
876	177
877	275
878	182
879	116
880	138
881	102
882	139
883	145
884	136
885	95
886	97
887	108
888	167
889	147
890	100
891	131
892	133
893	129
894	128
895	138
896	116
897	115
898	120
899	141
900	112
901	124
902	146
903	132
904	181
905	128
906	144
907	143
908	90
909	120
910	101
911	116
912	122
913	129
914	95
915	177
916	137
917	109
918	95
919	132
920	110
921	165
922	197
923	180
924	248
925	193
926	296
927	229
928	259
929	147
930	134
931	146
932	141
933	104
934	118
935	146
936	112
937	245
938	129
939	116
940	172
941	130
942	109
943	130
944	201
945	163
946	123
947	155
948	108
949	140
950	147
951	136
952	114
953	122
954	149
955	119
956	145
957	123
958	135
959	142
960	130
961	128
962	131
963	118
964	149
965	141
966	112
967	137
968	107
969	180
970	75
971	136
972	120
973	129
974	80
975	134
976	111
977	164
978	129
979	133
980	146
981	133
982	129
983	131
984	111
985	112
986	198
987	95
988	139
989	181
990	160
991	190
992	182
993	157
994	161
995	182
996	236
997	156
998	145
999	125
1000	144
1001	120
1002	146
1003	144
1004	192
1005	152
1006	179
1007	97
1008	129
1009	154
1010	126
1011	147
1012	126
1013	149
1014	115
1015	136
1016	106
1017	96
1018	157
1019	127
1020	196
1021	146
1022	147
1023	144
1024	116
1025	158
1026	171
1027	179
1028	179
1029	189
1030	141
1031	144
1032	180
1033	150
1034	148
1035	164
1036	126
1037	142
1038	140
1039	185
1040	123
1041	129
1042	134
1043	166
1044	124
1045	151
1046	123
1047	156
1048	152
1049	154
1050	96
1051	122
1052	178
1053	111
1054	147
1055	148
1056	194
1057	144
1058	130
1059	175
1060	99
1061	107
1062	141
1063	183
1064	143
1065	143
1066	171
1067	125
1068	172
1069	174
1070	185
1071	146
1072	158
1073	165
1074	135
1075	164
1076	149
1077	146
1078	147
1079	189
1080	244
1081	252
1082	166
1083	117
1084	155
1085	124
1086	175
1087	182
1088	81
1089	186
1090	128
1091	142
1092	135
1093	196
1094	216
1095	282
1096	196
1097	140
1098	146
1099	125
1100	115
1101	123
1102	154
1103	173
1104	135
1105	159
1106	176
1107	202
1108	116
1109	197
1110	179
1111	114
1112	174
1113	154
1114	197
1115	154
1116	142
1117	221
1118	396
1119	460
1120	257
1121	544
1122	820
1123	817
1124	741
1125	994
1126	918
1127	1061
1128	1767
1129	1358
1130	1154
1131	851
1132	535
1133	475
1134	362
1135	212
1136	172
1137	165
1138	205
1139	278
1140	277
1141	438
1142	272
1143	275
1144	279
1145	248
1146	311
1147	376
1148	213
1149	213
1150	416
1151	271
1152	329
1153	184
1154	175
1155	328
1156	394
1157	359
1158	409
1159	239
1160	219
1161	245
1162	425
1163	346
1164	411
1165	386
1166	529
1167	541
1168	537
1169	648
1170	417
1171	309
1172	427
1173	521
1174	440
1175	273
1176	390
1177	345
1178	518
1179	468
1180	529
1181	541
1182	766
1183	614
1184	579
1185	558
1186	369
1187	509
1188	756
1189	741
1190	723
1191	622
1192	733
1193	624
1194	541
1195	448
1196	543
1197	330
1198	354
1199	519
1200	564
1201	327
1202	269
1203	527
1204	313
1205	209
1206	422
1207	536
1208	459
1209	471
1210	543
1211	457
1212	477
1213	592
1214	422
1215	293
1216	441
1217	580
1218	462
1219	359
1220	206
1221	320
1222	446
1223	236
1224	140
1225	292
1226	277
1227	235
1228	240
1229	207
1230	420
1231	308
1232	228
1233	183
1234	289
1235	350
1236	283
1237	171
1238	213
1239	216
1240	312
1241	200
1242	306
1243	296
1244	307
1245	226
1246	247
1247	136
1248	164
1249	253
1250	286
1251	226
1252	200
1253	141
1254	165
1255	126
1256	166
1257	164
1258	181
1259	138
1260	121
1261	117
1262	140
1263	106
1264	158
1265	146
1266	111
1267	141
1268	145
1269	165
1270	190
1271	174
1272	219
1273	203
1274	207
1275	181
1276	179
1277	274
1278	311
1279	225
1280	167
1281	169
1282	201
1283	135
1284	185
1285	186
1286	121
1287	154
1288	170
1289	122
1290	137
1291	173
1292	156
1293	225
1294	162
1295	217
1296	131
1297	155
1298	138
1299	151
1300	146
1301	133
1302	128
1303	165
1304	146
1305	175
1306	168
1307	185
1308	284
1309	254
1310	148
1311	149
1312	174
1313	286
1314	178
1315	153
1316	153
1317	139
1318	165
1319	112
1320	157
1321	119
1322	159
1323	112
1324	175
1325	177
1326	178
1327	150
1328	160
1329	180
1330	145
1331	149
1332	213
1333	160
1334	162
1335	138
1336	151
1337	125
1338	167
1339	201
1340	161
1341	217
1342	116
1343	165
1344	149
1345	215
1346	153
1347	158
1348	172
1349	149
1350	196
1351	126
1352	162
1353	113
1354	124
1355	158
1356	184
1357	149
1358	110
1359	161
1360	138
1361	134
1362	160
1363	193
1364	199
1365	209
1366	157
1367	130
1368	156
1369	170
1370	136
1371	116
1372	156
1373	202
1374	132
1375	141
1376	125
1377	170
1378	173
1379	120
1380	183
1381	138
1382	156
1383	230
1384	117
1385	128
1386	105
1387	149
1388	206
1389	164
1390	166
1391	150
1392	128
1393	149
1394	122
1395	137
1396	167
1397	136
1398	163
1399	159
1400	165
1401	142
1402	172
1403	136
1404	151
1405	160
1406	141
1407	144
1408	95
1409	165
1410	167
1411	151
1412	166
1413	166
1414	177
1415	130
1416	150
1417	129
1418	130
1419	188
1420	161
1421	177
1422	129
1423	135
1424	138
1425	201
1426	164
1427	159
1428	116
1429	193
1430	164
1431	160
1432	158
1433	141
1434	162
1435	147
1436	124
1437	177
1438	251
1439	197
1440	134
1441	199
1442	188
1443	189
1444	168
1445	180
1446	145
1447	152
1448	159
1449	126
1450	138
1451	187
1452	171
1453	121
1454	137
1455	184
1456	148
1457	178
1458	134
1459	168
1460	202
1461	201
1462	135
1463	155
1464	207
1465	142
1466	150
1467	172
1468	182
1469	165
1470	157
1471	127
1472	162
1473	172
1474	193
1475	177
1476	213
1477	107
1478	151
1479	165
1480	173
1481	241
1482	166
1483	202
1484	191
1485	148
1486	196
1487	150
1488	220
1489	140
1490	156
1491	172
1492	167
1493	174
1494	110
1495	119
1496	175
1497	184
1498	190
1499	164
1500	154
1501	128
1502	178
1503	188
1504	187
1505	164
1506	164
1507	166
1508	204
1509	199
1510	163
1511	184
1512	129
1513	147
1514	135
1515	174
1516	183
1517	171
1518	181
1519	128
1520	201
1521	154
1522	155
1523	138
1524	135
1525	134
1526	163
1527	165
1528	139
1529	157
1530	149
1531	152
1532	150
1533	164
1534	129
1535	192
1536	169
1537	182
1538	148
1539	171
1540	179
1541	141
1542	167
1543	166
1544	176
1545	140
1546	170
1547	187
1548	165
1549	144
1550	207
1551	193
1552	191
1553	224
1554	161
1555	172
1556	204
1557	168
1558	165
1559	164
1560	198
1561	136
1562	127
1563	135
1564	160
1565	117
1566	154
1567	185
1568	223
1569	185
1570	158
1571	232
1572	147
1573	203
1574	163
1575	147
1576	125
1577	154
1578	195
1579	161
1580	132
1581	170
1582	175
1583	156
1584	155
1585	193
1586	185
1587	165
1588	163
1589	151
1590	143
1591	234
1592	182
1593	171
1594	183
1595	169
1596	181
1597	176
1598	196
1599	156
1600	154
1601	124
1602	177
1603	194
1604	164
1605	209
1606	138
1607	174
1608	186
1609	192
1610	200
1611	161
1612	186
1613	193
1614	148
1615	130
1616	213
1617	111
1618	203
1619	128
1620	193
1621	164
1622	190
1623	172
1624	194
1625	199
1626	180
1627	216
1628	179
1629	151
1630	172
1631	189
1632	175
1633	241
1634	349
1635	270
1636	139
1637	144
1638	211
1639	186
1640	200
1641	145
1642	150
1643	194
1644	136
1645	197
1646	243
1647	189
1648	166
1649	235
1650	162
1651	145
1652	200
1653	192
1654	178
1655	168
1656	178
1657	155
1658	205
1659	141
1660	223
1661	150
1662	164
1663	144
1664	156
1665	134
1666	215
1667	197
1668	196
1669	188
1670	171
1671	169
1672	177
1673	161
1674	132
1675	201
1676	166
1677	210
1678	144
1679	209
1680	190
1681	212
1682	163
1683	185
1684	171
1685	230
1686	172
1687	168
1688	157
1689	135
1690	190
1691	211
1692	190
1693	228
1694	221
1695	147
1696	177
1697	157
1698	170
1699	196
1700	209
1701	216
1702	191
1703	146
1704	154
1705	159
1706	159
1707	177
1708	186
1709	233
1710	149
1711	188
1712	234
1713	172
1714	207
1715	190
1716	213
1717	183
1718	210
1719	177
1720	202
1721	201
1722	179
1723	204
1724	159
1725	200
1726	210
1727	154
1728	174
1729	235
1730	189
1731	272
1732	177
1733	198
1734	194
1735	234
1736	183
1737	186
1738	166
1739	231
1740	175
1741	214
1742	211
1743	177
1744	192
1745	158
1746	218
1747	193
1748	173
1749	232
1750	190
1751	193
1752	143
1753	183
1754	232
1755	218
1756	188
1757	142
1758	241
1759	190
1760	194
1761	162
1762	183
1763	203
1764	198
1765	204
1766	206
1767	139
1768	183
1769	228
1770	165
1771	181
1772	201
1773	232
1774	207
1775	162
1776	159
1777	135
1778	181
1779	197
1780	166
1781	156
1782	155
1783	197
1784	203
1785	197
1786	178
1787	178
1788	197
1789	220
1790	172
1791	193
1792	167
1793	203
1794	239
1795	216
1796	197
1797	171
1798	198
1799	243
1800	183
1801	169
1802	192
1803	224
1804	195
1805	192
1806	226
1807	178
1808	198
1809	168
1810	194
1811	220
1812	238
1813	208
1814	264
1815	221
1816	173
1817	174
1818	223
1819	236
1820	211
1821	209
1822	202
1823	239
1824	190
1825	185
1826	273
1827	235
1828	223
1829	186
1830	193
1831	168
1832	193
1833	212
1834	170
1835	183
1836	181
1837	155
1838	183
1839	212
1840	171
1841	193
1842	182
1843	204
1844	184
1845	196
1846	158
1847	170
1848	219
1849	184
1850	218
1851	194
1852	167
1853	174
1854	217
1855	165
1856	217
1857	196
1858	201
1859	219
1860	239
1861	182
1862	168
1863	191
1864	194
1865	166
1866	185
1867	183
1868	238
1869	287
1870	286
1871	234
1872	251
1873	218
1874	222
1875	187
1876	215
1877	230
1878	204
1879	202
1880	209
1881	234
1882	215
1883	191
1884	215
1885	222
1886	160
1887	198
1888	281
1889	219
1890	207
1891	187
1892	249
1893	193
1894	245
1895	219
1896	226
1897	197
1898	238
1899	292
1900	225
1901	200
1902	158
1903	232
1904	257
1905	277
1906	309
1907	172
1908	168
1909	203
1910	226
1911	154
1912	203
1913	227
1914	235
1915	198
1916	231
1917	246
1918	145
1919	210
1920	195
1921	193
1922	220
1923	204
1924	217
1925	275
1926	220
1927	252
1928	229
1929	231
1930	216
1931	205
1932	189
1933	189
1934	207
1935	222
1936	239
1937	150
1938	229
1939	244
1940	234
1941	220
1942	162
1943	200
1944	208
1945	195
1946	239
1947	153
1948	234
1949	213
1950	274
1951	232
1952	221
1953	220
1954	223
1955	265
1956	283
1957	194
1958	186
1959	198
1960	194
1961	261
1962	236
1963	232
1964	239
1965	263
1966	214
1967	209
1968	204
1969	267
1970	280
1971	238
1972	247
1973	228
1974	206
1975	206
1976	233
1977	262
1978	178
1979	246
1980	209
1981	238
1982	280
1983	179
1984	178
1985	200
1986	286
1987	211
1988	248
1989	176
1990	252
1991	236
1992	328
1993	328
1994	250
1995	298
1996	306
1997	335
1998	254
1999	193
2000	191
2001	257
2002	235
2003	248
2004	252
2005	287
2006	308
2007	246
2008	304
2009	236
2010	233
2011	163
2012	263
2013	227
2014	205
2015	297
2016	221
2017	166
2018	168
2019	207
2020	219
2021	216
2022	273
2023	167
2024	158
2025	223
2026	135
2027	158
2028	197
2029	209
2030	245
2031	149
2032	184
2033	154
2034	183
2035	157
2036	204
2037	121
2038	163
2039	178
2040	109
2041	136
2042	152
2043	107
2044	163
2045	173
2046	409
2047	322
