Instrument: Andor
X Size: 2048
Y Size: 64
Total Flux: 0.000
Total Counts: 341612
Background: 315.000000
Curvature: 0.0
Clipped to ROI: No
ROI: 1309 526 2539 1627
X	Counts
0	114
1	89
2	84
3	88
4	69
5	91
6	80
7	84
8	84
9	98
10	67
11	82
12	102
13	78
14	71
15	95
16	57
17	120
18	104
19	99
20	89
21	111
22	104
23	69
24	100
25	69
26	37
27	88
28	91
29	55
30	68
31	50
32	64
33	101
34	99
35	71
36	55
37	87
38	73
39	47
40	85
41	68
42	64
43	102
44	79
45	65
46	98
47	52
48	67
49	80
50	84
51	56
52	98
53	105
54	63
55	95
56	88
57	85
58	72
59	77
60	121
61	104
62	62
63	97
64	91
65	86
66	105
67	49
68	63
69	84
70	82
71	119
72	75
73	75
74	58
75	69
76	99
77	86
78	81
79	114
80	73
81	102
82	114
83	73
84	76
85	85
86	71
87	48
88	116
89	96
90	96
91	85
92	73
93	90
94	112
95	86
96	117
97	81
98	66
99	44
100	103
101	88
102	106
103	89
104	96
105	96
106	92
107	86
108	80
109	85
110	68
111	99
112	90
113	102
114	96
115	62
116	115
117	53
118	69
119	80
120	66
121	88
122	100
123	70
124	89
125	86
126	102
127	79
128	91
129	87
130	77
131	47
132	78
133	93
134	72
135	91
136	104
137	54
138	87
139	97
140	82
141	86
142	110
143	49
144	88
145	68
146	116
147	80
148	71
149	75
150	59
151	97
152	84
153	83
154	123
155	103
156	117
157	70
158	62
159	110
160	136
161	81
162	81
163	49
164	98
165	63
166	133
167	124
168	130
169	119
170	70
171	84
172	103
173	67
174	100
175	96
176	71
177	63
178	106
179	130
180	97
181	105
182	134
183	59
184	105
185	79
186	76
187	74
188	91
189	129
190	109
191	115
192	156
193	84
194	89
195	81
196	72
197	97
198	75
199	100
200	85
201	82
202	74
203	73
204	79
205	89
206	76
207	66
208	98
209	79
210	103
211	83
212	60
213	99
214	65
215	90
216	65
217	95
218	76
219	73
220	102
221	66
222	64
223	82
224	57
225	126
226	47
227	51
228	68
229	95
230	122
231	92
232	88
233	83
234	68
235	60
236	96
237	106
238	109
239	62
240	82
241	45
242	55
243	79
244	72
245	100
246	119
247	84
248	73
249	74
250	95
251	58
252	94
253	95
254	81
255	64
256	86
257	78
258	80
259	106
260	108
261	93
262	68
263	119
264	80
265	67
266	95
267	62
268	51
269	49
270	93
271	76
272	85
273	61
274	85
275	85
276	88
277	67
278	85
279	133
280	56
281	99
282	91
283	72
284	58
285	104
286	71
287	128
288	137
289	88
290	68
291	94
292	102
293	214
294	443
295	133
296	108
297	66
298	71
299	56
300	63
301	81
302	100
303	113
304	91
305	83
306	75
307	87
308	41
309	98
310	67
311	82
312	58
313	54
314	73
315	102
316	106
317	79
318	98
319	72
320	59
321	86
322	95
323	97
324	83
325	174
326	162
327	114
328	79
329	93
330	61
331	76
332	76
333	64
334	67
335	76
336	65
337	69
338	54
339	117
340	112
341	90
342	54
343	71
344	71
345	112
346	74
347	94
348	89
349	86
350	81
351	87
352	106
353	84
354	96
355	104
356	72
357	57
358	108
359	85
360	76
361	61
362	89
363	103
364	68
365	92
366	73
367	93
368	92
369	80
370	79
371	74
372	91
373	85
374	130
375	108
376	79
377	91
378	52
379	124
380	141
381	72
382	139
383	67
384	49
385	83
386	54
387	89
388	85
389	52
390	71
391	109
392	76
393	67
394	101
395	100
396	124
397	91
398	100
399	104
400	102
401	111
402	77
403	85
404	67
405	84
406	65
407	83
408	92
409	56
410	100
411	113
412	126
413	82
414	99
415	79
416	66
417	70
418	85
419	132
420	80
421	71
422	77
423	97
424	111
425	117
426	107
427	96
428	80
429	117
430	92
431	96
432	89
433	77
434	59
435	70
436	95
437	106
438	100
439	87
440	84
441	82
442	71
443	83
444	108
445	63
446	88
447	102
448	100
449	79
450	80
451	84
452	116
453	107
454	70
455	218
456	235
457	54
458	62
459	82
460	133
461	72
462	76
463	104
464	99
465	86
466	103
467	63
468	77
469	97
470	80
471	130
472	75
473	98
474	105
475	73
476	79
477	64
478	93
479	92
480	100
481	86
482	125
483	152
484	119
485	102
486	85
487	107
488	69
489	97
490	96
491	127
492	107
493	124
494	63
495	70
496	83
497	84
498	76
499	90
500	120
501	82
502	105
503	95
504	115
505	117
506	75
507	103
508	114
509	94
510	70
511	109
512	113
513	80
514	60
515	126
516	92
517	109
518	126
519	197
520	75
521	85
522	112
523	103
524	122
525	100
526	111
527	98
528	112
529	104
530	108
531	85
532	114
533	131
534	121
535	108
536	103
537	91
538	100
539	85
540	114
541	95
542	113
543	82
544	163
545	184
546	102
547	124
548	94
549	112
550	116
551	111
552	136
553	148
554	145
555	98
556	127
557	75
558	97
559	115
560	85
561	71
562	123
563	145
564	148
565	70
566	110
567	89
568	110
569	94
570	144
571	124
572	108
573	109
574	92
575	93
576	136
577	189
578	92
579	101
580	94
581	125
582	171
583	102
584	66
585	100
586	107
587	89
588	98
589	53
590	131
591	77
592	86
593	169
594	188
595	151
596	178
597	169
598	327
599	444
600	279
601	103
602	155
603	242
604	161
605	124
606	90
607	99
608	165
609	274
610	326
611	183
612	72
613	80
614	96
615	80
616	68
617	73
618	100
619	94
620	76
621	93
622	97
623	114
624	84
625	101
626	97
627	102
628	98
629	119
630	143
631	153
632	85
633	95
634	124
635	104
636	152
637	70
638	71
639	100
640	88
641	84
642	75
643	105
644	100
645	110
646	122
647	103
648	97
649	104
650	75
651	116
652	119
653	117
654	235
655	236
656	76
657	117
658	63
659	107
660	78
661	85
662	84
663	99
664	76
665	70
666	104
667	90
668	58
669	74
670	114
671	93
672	100
673	118
674	90
675	88
676	114
677	72
678	86
679	54
680	106
681	100
682	74
683	102
684	78
685	102
686	127
687	102
688	152
689	65
690	103
691	106
692	75
693	97
694	90
695	90
696	126
697	68
698	124
699	131
700	78
701	82
702	126
703	75
704	97
705	130
706	70
707	130
708	101
709	82
710	118
711	91
712	70
713	98
714	90
715	88
716	72
717	120
718	85
719	93
720	102
721	149
722	95
723	80
724	82
725	85
726	124
727	65
728	73
729	133
730	77
731	88
732	232
733	117
734	131
735	72
736	120
737	150
738	76
739	94
740	97
741	110
742	118
743	80
744	93
745	90
746	109
747	82
748	105
749	120
750	128
751	87
752	104
753	112
754	105
755	131
756	85
757	80
758	104
759	105
760	81
761	92
762	102
763	91
764	101
765	112
766	64
767	131
768	123
769	99
770	101
771	112
772	111
773	108
774	115
775	109
776	114
777	119
778	73
779	97
780	115
781	115
782	89
783	90
784	136
785	70
786	122
787	110
788	93
789	125
790	142
791	120
792	116
793	146
794	100
795	177
796	112
797	105
798	107
799	101
800	112
801	108
802	120
803	86
804	99
805	96
806	105
807	142
808	125
809	92
810	154
811	100
812	100
813	90
814	105
815	93
816	94
817	94
818	97
819	78
820	90
821	107
822	111
823	150
824	102
825	102
826	176
827	79
828	140
829	125
830	157
831	135
832	102
833	113
834	88
835	160
836	161
837	117
838	146
839	179
840	226
841	121
842	167
843	137
844	112
845	113
846	133
847	105
848	112
849	174
850	100
851	183
852	86
853	108
854	209
855	82
856	120
857	112
858	126
859	112
860	120
861	123
862	136
863	129
864	98
865	115
866	90
867	113
868	143
869	105
870	127
871	103
872	133
873	94
874	122
875	155
876	104
877	123
878	129
879	89
880	105
881	94
882	115
883	79
884	127
885	108
886	108
887	125
888	95
889	125
890	92
891	105
892	90
893	117
894	96
895	111
896	116
897	224
898	90
899	118
900	106
901	110
902	114
903	122
904	130
905	105
906	116
907	92
908	135
909	103
910	147
911	93
912	116
913	116
914	170
915	154
916	141
917	102
918	165
919	105
920	136
921	131
922	114
923	86
924	128
925	118
926	98
927	157
928	129
929	105
930	140
931	115
932	207
933	178
934	154
935	133
936	165
937	177
938	111
939	134
940	139
941	158
942	120
943	105
944	142
945	143
946	90
947	129
948	121
949	126
950	116
951	146
952	171
953	103
954	159
955	106
956	87
957	92
958	132
959	131
960	81
961	107
962	94
963	118
964	133
965	155
966	158
967	217
968	182
969	117
970	86
971	139
972	93
973	116
974	71
975	81
976	119
977	112
978	151
979	478
980	295
981	400
982	392
983	163
984	142
985	124
986	212
987	118
988	127
989	131
990	151
991	126
992	117
993	96
994	157
995	92
996	144
997	130
998	130
999	117
1000	119
1001	88
1002	93
1003	106
1004	108
1005	97
1006	121
1007	108
1008	137
1009	159
1010	112
1011	119
1012	163
1013	134
1014	188
1015	143
1016	119
1017	112
1018	143
1019	113
1020	113
1021	121
1022	150
1023	120
1024	104
1025	116
1026	126
1027	169
1028	133
1029	141
1030	66
1031	124
1032	102
1033	109
1034	149
1035	140
1036	116
1037	93
1038	113
1039	126
1040	115
1041	125
1042	97
1043	121
1044	116
1045	123
1046	138
1047	179
1048	213
1049	145
1050	158
1051	162
1052	150
1053	138
1054	164
1055	135
1056	182
1057	137
1058	153
1059	283
1060	200
1061	237
1062	191
1063	108
1064	151
1065	121
1066	125
1067	152
1068	147
1069	121
1070	98
1071	131
1072	237
1073	129
1074	126
1075	146
1076	207
1077	119
1078	123
1079	145
1080	354
1081	212
1082	291
1083	157
1084	234
1085	223
1086	192
1087	117
1088	156
1089	146
1090	129
1091	113
1092	189
1093	116
1094	183
1095	149
1096	186
1097	216
1098	150
1099	129
1100	297
1101	379
1102	244
1103	281
1104	229
1105	166
1106	205
1107	259
1108	176
1109	221
1110	360
1111	391
1112	291
1113	283
1114	277
1115	226
1116	485
1117	441
1118	231
1119	142
1120	262
1121	488
1122	521
1123	282
1124	535
1125	654
1126	586
1127	698
1128	911
1129	968
1130	1309
1131	1223
1132	1285
1133	1167
1134	1474
1135	1774
1136	1553
1137	1351
1138	1453
1139	1464
1140	1227
1141	1118
1142	1146
1143	1311
1144	1211
1145	888
1146	861
1147	783
1148	1015
1149	845
1150	646
1151	374
1152	532
1153	981
1154	1130
1155	995
1156	970
1157	1398
1158	1740
1159	1568
1160	1766
1161	1568
1162	1905
1163	1995
1164	1996
1165	1433
1166	952
1167	600
1168	344
1169	284
1170	289
1171	397
1172	518
1173	672
1174	536
1175	750
1176	746
1177	663
1178	512
1179	273
1180	415
1181	450
1182	446
1183	491
1184	317
1185	290
1186	430
1187	577
1188	706
1189	662
1190	631
1191	347
1192	337
1193	501
1194	549
1195	788
1196	599
1197	634
1198	317
1199	431
1200	468
1201	369
1202	465
1203	230
1204	310
1205	330
1206	397
1207	525
1208	424
1209	401
1210	518
1211	355
1212	441
1213	404
1214	204
1215	248
1216	293
1217	336
1218	596
1219	397
1220	249
1221	244
1222	280
1223	451
1224	396
1225	417
1226	306
1227	201
1228	202
1229	263
1230	323
1231	330
1232	158
1233	163
1234	196
1235	217
1236	261
1237	183
1238	176
1239	138
1240	155
1241	163
1242	190
1243	335
1244	299
1245	513
1246	395
1247	210
1248	236
1249	299
1250	229
1251	200
1252	275
1253	189
1254	131
1255	112
1256	159
1257	170
1258	136
1259	124
1260	117
1261	178
1262	166
1263	133
1264	158
1265	110
1266	110
1267	113
1268	127
1269	216
1270	243
1271	156
1272	153
1273	239
1274	227
1275	161
1276	133
1277	116
1278	189
1279	124
1280	104
1281	166
1282	193
1283	158
1284	172
1285	139
1286	123
1287	159
1288	133
1289	149
1290	212
1291	284
1292	189
1293	142
1294	90
1295	172
1296	125
1297	143
1298	120
1299	230
1300	299
1301	140
1302	113
1303	155
1304	104
1305	148
1306	88
1307	180
1308	194
1309	162
1310	182
1311	203
1312	119
1313	162
1314	142
1315	125
1316	167
1317	128
1318	146
1319	186
1320	144
1321	190
1322	156
1323	110
1324	128
1325	179
1326	133
1327	137
1328	165
1329	102
1330	151
1331	139
1332	194
1333	200
1334	137
1335	167
1336	138
1337	126
1338	173
1339	107
1340	168
1341	172
1342	111
1343	160
1344	107
1345	147
1346	135
1347	140
1348	152
1349	145
1350	178
1351	184
1352	177
1353	140
1354	101
1355	131
1356	109
1357	96
1358	95
1359	119
1360	134
1361	131
1362	140
1363	136
1364	193
1365	139
1366	177
1367	120
1368	162
1369	134
1370	174
1371	106
1372	95
1373	162
1374	113
1375	179
1376	154
1377	125
1378	128
1379	129
1380	108
1381	110
1382	138
1383	123
1384	146
1385	107
1386	129
1387	115
1388	148
1389	129
1390	126
1391	136
1392	127
1393	136
1394	139
1395	190
1396	225
1397	226
1398	130
1399	143
1400	138
1401	108
1402	178
1403	118
1404	161
1405	137
1406	133
1407	157
1408	89
1409	134
1410	255
1411	166
1412	154
1413	125
1414	198
1415	147
1416	141
1417	173
1418	157
1419	153
1420	157
1421	136
1422	207
1423	141
1424	188
1425	172
1426	200
1427	271
1428	158
1429	152
1430	170
1431	178
1432	144
1433	87
1434	152
1435	126
1436	155
1437	140
1438	153
1439	115
1440	147
1441	129
1442	152
1443	157
1444	125
1445	162
1446	141
1447	163
1448	111
1449	146
1450	160
1451	208
1452	110
1453	148
1454	132
1455	175
1456	149
1457	128
1458	161
1459	156
1460	116
1461	130
1462	134
1463	123
1464	123
1465	136
1466	138
1467	162
1468	218
1469	257
1470	167
1471	155
1472	107
1473	174
1474	163
1475	140
1476	171
1477	111
1478	132
1479	160
1480	152
1481	142
1482	140
1483	186
1484	129
1485	174
1486	183
1487	167
1488	143
1489	124
1490	151
1491	194
1492	113
1493	157
1494	117
1495	178
1496	131
1497	159
1498	169
1499	167
1500	153
1501	125
1502	132
1503	131
1504	162
1505	130
1506	128
1507	153
1508	195
1509	182
1510	164
1511	224
1512	101
1513	127
1514	167
1515	141
1516	222
1517	138
1518	125
1519	139
1520	131
1521	108
1522	149
1523	130
1524	135
1525	156
1526	164
1527	118
1528	147
1529	157
1530	155
1531	132
1532	139
1533	154
1534	167
1535	125
1536	132
1537	158
1538	120
1539	146
1540	155
1541	147
1542	130
1543	160
1544	151
1545	91
1546	164
1547	172
1548	125
1549	136
1550	199
1551	147
1552	142
1553	152
1554	134
1555	199
1556	153
1557	153
1558	172
1559	135
1560	134
1561	136
1562	118
1563	177
1564	136
1565	174
1566	108
1567	111
1568	179
1569	159
1570	135
1571	159
1572	164
1573	197
1574	128
1575	132
1576	147
1577	191
1578	146
1579	164
1580	126
1581	175
1582	169
1583	131
1584	189
1585	177
1586	144
1587	183
1588	138
1589	142
1590	139
1591	196
1592	172
1593	166
1594	169
1595	153
1596	166
1597	143
1598	153
1599	137
1600	195
1601	236
1602	149
1603	164
1604	180
1605	152
1606	139
1607	136
1608	159
1609	158
1610	164
1611	222
1612	197
1613	180
1614	172
1615	170
1616	144
1617	137
1618	200
1619	100
1620	108
1621	126
1622	180
1623	163
1624	165
1625	154
1626	146
1627	158
1628	149
1629	125
1630	152
1631	150
1632	147
1633	171
1634	173
1635	122
1636	118
1637	100
1638	181
1639	169
1640	177
1641	169
1642	138
1643	181
1644	175
1645	147
1646	187
1647	133
1648	189
1649	166
1650	144
1651	138
1652	124
1653	156
1654	178
1655	141
1656	179
1657	159
1658	202
1659	161
1660	246
1661	182
1662	188
1663	172
1664	152
1665	128
1666	171
1667	171
1668	177
1669	174
1670	242
1671	146
1672	159
1673	128
1674	97
1675	159
1676	134
1677	152
1678	127
1679	185
1680	191
1681	194
1682	143
1683	173
1684	182
1685	148
1686	134
1687	189
1688	146
1689	162
1690	131
1691	231
1692	198
1693	224
1694	170
1695	176
1696	222
1697	138
1698	161
1699	153
1700	148
1701	168
1702	163
1703	145
1704	171
1705	183
1706	134
1707	153
1708	123
1709	164
1710	181
1711	192
1712	230
1713	152
1714	170
1715	169
1716	206
1717	139
1718	176
1719	176
1720	180
1721	199
1722	164
1723	185
1724	135
1725	185
1726	168
1727	171
1728	248
1729	132
1730	154
1731	164
1732	179
1733	173
1734	210
1735	172
1736	163
1737	152
1738	215
1739	201
1740	201
1741	191
1742	179
1743	188
1744	183
1745	151
1746	181
1747	194
1748	227
1749	274
1750	364
1751	178
1752	123
1753	159
1754	168
1755	166
1756	195
1757	152
1758	224
1759	188
1760	178
1761	209
1762	182
1763	148
1764	157
1765	175
1766	222
1767	118
1768	168
1769	168
1770	124
1771	178
1772	182
1773	219
1774	291
1775	158
1776	217
1777	134
1778	211
1779	179
1780	200
1781	158
1782	128
1783	196
1784	176
1785	150
1786	190
1787	94
1788	153
1789	194
1790	226
1791	167
1792	169
1793	133
1794	195
1795	168
1796	174
1797	146
1798	158
1799	151
1800	209
1801	151
1802	192
1803	155
1804	165
1805	163
1806	168
1807	189
1808	159
1809	142
1810	168
1811	202
1812	181
1813	181
1814	204
1815	246
1816	166
1817	205
1818	181
1819	221
1820	212
1821	207
1822	139
1823	234
1824	146
1825	192
1826	189
1827	194
1828	213
1829	166
1830	158
1831	170
1832	161
1833	163
1834	134
1835	157
1836	187
1837	176
1838	232
1839	210
1840	158
1841	157
1842	219
1843	182
1844	147
1845	254
1846	185
1847	104
1848	159
1849	199
1850	180
1851	167
1852	163
1853	196
1854	154
1855	234
1856	204
1857	179
1858	168
1859	246
1860	230
1861	218
1862	209
1863	224
1864	231
1865	152
1866	146
1867	167
1868	191
1869	235
1870	189
1871	232
1872	188
1873	177
1874	159
1875	157
1876	146
1877	185
1878	162
1879	165
1880	188
1881	185
1882	202
1883	175
1884	224
1885	176
1886	174
1887	152
1888	205
1889	220
1890	157
1891	182
1892	180
1893	187
1894	156
1895	188
1896	252
1897	193
1898	243
1899	207
1900	290
1901	224
1902	176
1903	222
1904	205
1905	198
1906	186
1907	226
1908	186
1909	291
1910	197
1911	163
1912	135
1913	143
1914	202
1915	210
1916	165
1917	202
1918	184
1919	186
1920	275
1921	191
1922	197
1923	189
1924	137
1925	187
1926	139
1927	231
1928	186
1929	136
1930	232
1931	172
1932	193
1933	150
1934	152
1935	268
1936	218
1937	188
1938	157
1939	207
1940	194
1941	223
1942	179
1943	208
1944	182
1945	173
1946	196
1947	157
1948	177
1949	179
1950	249
1951	224
1952	177
1953	226
1954	180
1955	206
1956	277
1957	154
1958	217
1959	186
1960	173
1961	172
1962	226
1963	182
1964	227
1965	156
1966	272
1967	185
1968	150
1969	248
1970	294
1971	220
1972	156
1973	173
1974	199
1975	209
1976	245
1977	196
1978	197
1979	175
1980	205
1981	157
1982	191
1983	171
1984	176
1985	226
1986	224
1987	217
1988	200
1989	194
1990	325
1991	272
1992	171
1993	238
1994	186
1995	201
1996	212
1997	167
1998	180
1999	188
2000	242
2001	160
2002	156
2003	228
2004	196
2005	225
2006	236
2007	202
2008	177
2009	225
2010	161
2011	155
2012	272
2013	188
2014	273
2015	215
2016	256
2017	201
2018	136
2019	176
2020	150
2021	236
2022	314
2023	190
2024	228
2025	191
2026	215
2027	184
2028	137
2029	180
2030	144
2031	116
2032	148
2033	122
2034	145
2035	190
2036	173
2037	169
2038	163
2039	159
2040	137
2041	113
2042	106
2043	145
2044	171
2045	122
2046	95
2047	175
