Instrument: Andor
X Size: 2048
Y Size: 64
Total Flux: 0.000
Total Counts: 360324
Background: 314.000000
Curvature: 0.0
Clipped to ROI: No
ROI: 1309 526 2539 1627
X	Counts
0	64
1	82
2	91
3	73
4	80
5	83
6	103
7	45
8	70
9	64
10	86
11	66
12	108
13	81
14	91
15	96
16	69
17	102
18	78
19	92
20	61
21	66
22	89
23	70
24	55
25	49
26	92
27	48
28	98
29	66
30	113
31	77
32	79
33	78
34	71
35	69
36	83
37	85
38	98
39	80
40	107
41	70
42	85
43	78
44	93
45	61
46	71
47	87
48	79
49	61
50	87
51	58
52	79
53	71
54	75
55	77
56	50
57	60
58	94
59	115
60	71
61	88
62	92
63	81
64	103
65	135
66	71
67	55
68	59
69	100
70	91
71	98
72	93
73	63
74	117
75	123
76	99
77	104
78	103
79	74
80	83
81	90
82	87
83	116
84	62
85	103
86	83
87	84
88	91
89	98
90	124
91	76
92	57
93	114
94	77
95	58
96	100
97	60
98	72
99	114
100	110
101	85
102	98
103	92
104	93
105	108
106	118
107	48
108	67
109	97
110	59
111	113
112	84
113	86
114	87
115	136
116	96
117	61
118	116
119	92
120	53
121	54
122	102
123	123
124	91
125	76
126	108
127	69
128	83
129	114
130	80
131	107
132	149
133	149
134	83
135	97
136	74
137	79
138	89
139	88
140	96
141	90
142	96
143	83
144	66
145	126
146	93
147	123
148	74
149	82
150	87
151	124
152	95
153	125
154	84
155	91
156	140
157	154
158	130
159	134
160	94
161	82
162	100
163	73
164	89
165	104
166	65
167	106
168	72
169	70
170	73
171	77
172	107
173	68
174	100
175	86
176	96
177	71
178	80
179	83
180	86
181	70
182	116
183	84
184	98
185	73
186	58
187	96
188	99
189	102
190	220
191	93
192	137
193	100
194	75
195	118
196	86
197	107
198	61
199	79
200	69
201	96
202	94
203	76
204	59
205	114
206	117
207	94
208	82
209	95
210	110
211	107
212	52
213	94
214	92
215	63
216	51
217	118
218	47
219	69
220	104
221	76
222	76
223	120
224	38
225	93
226	82
227	78
228	98
229	100
230	108
231	121
232	75
233	81
234	89
235	104
236	88
237	86
238	103
239	86
240	83
241	68
242	85
243	79
244	79
245	63
246	52
247	123
248	97
249	77
250	83
251	67
252	78
253	116
254	117
255	216
256	119
257	96
258	82
259	85
260	128
261	76
262	67
263	96
264	80
265	85
266	84
267	79
268	65
269	151
270	163
271	93
272	91
273	51
274	115
275	156
276	106
277	100
278	71
279	170
280	72
281	95
282	80
283	101
284	77
285	108
286	72
287	124
288	60
289	88
290	92
291	92
292	60
293	98
294	48
295	85
296	83
297	82
298	82
299	63
300	92
301	124
302	169
303	175
304	121
305	115
306	75
307	58
308	79
309	93
310	87
311	112
312	132
313	88
314	105
315	67
316	60
317	98
318	88
319	118
320	110
321	83
322	55
323	72
324	89
325	104
326	92
327	79
328	74
329	95
330	66
331	59
332	83
333	111
334	92
335	72
336	91
337	57
338	97
339	125
340	113
341	126
342	84
343	94
344	61
345	84
346	69
347	80
348	82
349	65
350	64
351	58
352	83
353	104
354	111
355	66
356	103
357	71
358	55
359	93
360	97
361	55
362	111
363	72
364	72
365	67
366	66
367	95
368	85
369	62
370	119
371	70
372	122
373	127
374	105
375	86
376	108
377	83
378	91
379	108
380	74
381	75
382	93
383	80
384	55
385	84
386	98
387	57
388	61
389	59
390	96
391	71
392	116
393	124
394	78
395	78
396	66
397	46
398	95
399	77
400	126
401	133
402	188
403	112
404	76
405	125
406	112
407	103
408	99
409	70
410	123
411	98
412	95
413	74
414	63
415	112
416	217
417	159
418	84
419	65
420	63
421	96
422	110
423	117
424	74
425	74
426	78
427	130
428	124
429	174
430	158
431	100
432	115
433	105
434	89
435	84
436	74
437	87
438	59
439	77
440	110
441	102
442	149
443	84
444	99
445	79
446	114
447	74
448	140
449	85
450	52
451	55
452	121
453	111
454	98
455	138
456	91
457	115
458	95
459	96
460	94
461	89
462	90
463	106
464	100
465	78
466	77
467	80
468	90
469	97
470	94
471	102
472	92
473	91
474	87
475	74
476	71
477	111
478	119
479	67
480	89
481	121
482	78
483	86
484	77
485	80
486	107
487	95
488	95
489	153
490	67
491	79
492	95
493	77
494	69
495	86
496	84
497	88
498	58
499	103
500	74
501	86
502	128
503	82
504	103
505	90
506	91
507	103
508	100
509	72
510	69
511	120
512	102
513	86
514	121
515	105
516	95
517	93
518	97
519	98
520	95
521	124
522	103
523	119
524	90
525	107
526	112
527	103
528	96
529	192
530	224
531	118
532	102
533	73
534	73
535	83
536	69
537	96
538	71
539	102
540	78
541	82
542	106
543	116
544	128
545	154
546	98
547	86
548	99
549	110
550	105
551	105
552	93
553	69
554	102
555	92
556	75
557	127
558	93
559	77
560	110
561	139
562	156
563	110
564	90
565	85
566	122
567	119
568	100
569	116
570	128
571	83
572	76
573	111
574	127
575	99
576	70
577	57
578	74
579	91
580	93
581	80
582	117
583	111
584	90
585	124
586	234
587	158
588	138
589	215
590	160
591	333
592	359
593	303
594	585
595	353
596	180
597	153
598	135
599	315
600	306
601	112
602	101
603	96
604	87
605	151
606	79
607	163
608	291
609	107
610	110
611	411
612	272
613	99
614	85
615	61
616	110
617	91
618	208
619	274
620	155
621	127
622	190
623	130
624	72
625	92
626	60
627	107
628	106
629	170
630	155
631	126
632	112
633	121
634	131
635	114
636	123
637	92
638	88
639	139
640	75
641	121
642	96
643	103
644	111
645	138
646	124
647	94
648	86
649	123
650	114
651	78
652	95
653	44
654	94
655	112
656	60
657	107
658	136
659	85
660	81
661	98
662	118
663	220
664	252
665	152
666	101
667	61
668	61
669	61
670	91
671	63
672	189
673	187
674	174
675	131
676	135
677	91
678	111
679	83
680	77
681	120
682	105
683	99
684	89
685	85
686	83
687	80
688	113
689	77
690	121
691	81
692	65
693	88
694	116
695	103
696	119
697	93
698	104
699	108
700	119
701	138
702	91
703	174
704	119
705	124
706	94
707	159
708	117
709	66
710	132
711	105
712	115
713	102
714	87
715	106
716	108
717	149
718	74
719	109
720	65
721	110
722	91
723	87
724	95
725	114
726	97
727	99
728	129
729	147
730	178
731	222
732	119
733	108
734	176
735	116
736	112
737	87
738	97
739	111
740	113
741	111
742	135
743	72
744	116
745	85
746	103
747	94
748	114
749	122
750	115
751	109
752	117
753	61
754	114
755	149
756	122
757	142
758	97
759	136
760	103
761	117
762	70
763	106
764	70
765	146
766	102
767	83
768	111
769	112
770	136
771	94
772	122
773	102
774	82
775	90
776	119
777	147
778	194
779	261
780	198
781	109
782	100
783	127
784	77
785	106
786	103
787	81
788	96
789	95
790	160
791	135
792	76
793	86
794	98
795	99
796	96
797	77
798	69
799	116
800	137
801	71
802	105
803	89
804	80
805	120
806	115
807	130
808	70
809	123
810	96
811	145
812	107
813	88
814	117
815	103
816	132
817	114
818	93
819	114
820	78
821	142
822	117
823	140
824	113
825	78
826	150
827	84
828	89
829	113
830	128
831	181
832	149
833	120
834	120
835	160
836	124
837	110
838	117
839	132
840	84
841	116
842	163
843	86
844	103
845	113
846	114
847	90
848	95
849	114
850	85
851	101
852	120
853	123
854	109
855	127
856	150
857	146
858	125
859	198
860	141
861	157
862	144
863	160
864	130
865	162
866	159
867	128
868	138
869	131
870	127
871	119
872	113
873	92
874	121
875	113
876	110
877	123
878	88
879	92
880	111
881	137
882	167
883	112
884	197
885	93
886	123
887	110
888	145
889	123
890	246
891	375
892	236
893	93
894	110
895	111
896	139
897	147
898	87
899	108
900	114
901	133
902	106
903	133
904	138
905	154
906	113
907	150
908	84
909	117
910	101
911	118
912	109
913	87
914	113
915	143
916	100
917	137
918	134
919	128
920	169
921	111
922	112
923	106
924	121
925	94
926	103
927	129
928	141
929	100
930	128
931	125
932	93
933	114
934	177
935	119
936	164
937	151
938	99
939	127
940	140
941	112
942	105
943	149
944	108
945	125
946	113
947	144
948	100
949	106
950	133
951	133
952	139
953	142
954	135
955	101
956	82
957	80
958	168
959	167
960	127
961	181
962	187
963	138
964	149
965	123
966	135
967	92
968	121
969	165
970	120
971	93
972	127
973	108
974	94
975	120
976	115
977	125
978	113
979	107
980	94
981	101
982	136
983	144
984	137
985	161
986	110
987	142
988	110
989	148
990	166
991	103
992	103
993	118
994	176
995	126
996	202
997	118
998	113
999	127
1000	137
1001	125
1002	123
1003	91
1004	123
1005	97
1006	88
1007	113
1008	189
1009	227
1010	274
1011	210
1012	141
1013	165
1014	129
1015	144
1016	161
1017	109
1018	154
1019	136
1020	136
1021	148
1022	132
1023	134
1024	185
1025	197
1026	124
1027	130
1028	152
1029	108
1030	120
1031	112
1032	154
1033	129
1034	117
1035	188
1036	383
1037	286
1038	232
1039	290
1040	181
1041	108
1042	171
1043	92
1044	137
1045	135
1046	139
1047	140
1048	119
1049	113
1050	126
1051	189
1052	153
1053	109
1054	184
1055	194
1056	115
1057	119
1058	130
1059	145
1060	192
1061	149
1062	137
1063	192
1064	191
1065	146
1066	194
1067	195
1068	182
1069	139
1070	214
1071	135
1072	208
1073	169
1074	163
1075	154
1076	105
1077	144
1078	122
1079	195
1080	138
1081	145
1082	152
1083	103
1084	148
1085	123
1086	160
1087	138
1088	164
1089	227
1090	275
1091	331
1092	291
1093	254
1094	271
1095	208
1096	103
1097	139
1098	194
1099	468
1100	310
1101	303
1102	240
1103	214
1104	314
1105	242
1106	189
1107	217
1108	448
1109	267
1110	299
1111	491
1112	441
1113	413
1114	492
1115	324
1116	207
1117	227
1118	401
1119	541
1120	291
1121	397
1122	293
1123	340
1124	359
1125	771
1126	922
1127	966
1128	922
1129	614
1130	1288
1131	1674
1132	1835
1133	1354
1134	2028
1135	1913
1136	1836
1137	1784
1138	1533
1139	1126
1140	1155
1141	1605
1142	1527
1143	1630
1144	1457
1145	1659
1146	1168
1147	1465
1148	1355
1149	532
1150	1324
1151	1238
1152	637
1153	1103
1154	1124
1155	1011
1156	1389
1157	1749
1158	1692
1159	1836
1160	1504
1161	1454
1162	1411
1163	1337
1164	946
1165	785
1166	723
1167	658
1168	292
1169	190
1170	174
1171	189
1172	231
1173	445
1174	461
1175	536
1176	379
1177	333
1178	324
1179	489
1180	981
1181	466
1182	504
1183	736
1184	567
1185	493
1186	224
1187	554
1188	409
1189	261
1190	505
1191	425
1192	719
1193	534
1194	585
1195	628
1196	407
1197	660
1198	438
1199	464
1200	406
1201	507
1202	367
1203	560
1204	575
1205	528
1206	551
1207	535
1208	921
1209	863
1210	871
1211	627
1212	570
1213	467
1214	591
1215	447
1216	233
1217	425
1218	431
1219	316
1220	247
1221	165
1222	292
1223	239
1224	205
1225	145
1226	222
1227	248
1228	271
1229	466
1230	305
1231	411
1232	323
1233	348
1234	199
1235	142
1236	192
1237	179
1238	154
1239	248
1240	176
1241	205
1242	302
1243	261
1244	372
1245	136
1246	156
1247	157
1248	151
1249	141
1250	105
1251	232
1252	196
1253	248
1254	191
1255	359
1256	204
1257	165
1258	113
1259	90
1260	131
1261	209
1262	260
1263	172
1264	181
1265	157
1266	138
1267	218
1268	263
1269	176
1270	176
1271	114
1272	176
1273	117
1274	120
1275	182
1276	115
1277	96
1278	162
1279	161
1280	234
1281	179
1282	156
1283	133
1284	217
1285	244
1286	123
1287	169
1288	128
1289	110
1290	166
1291	269
1292	271
1293	284
1294	224
1295	225
1296	200
1297	124
1298	124
1299	168
1300	151
1301	114
1302	90
1303	150
1304	110
1305	134
1306	135
1307	149
1308	99
1309	127
1310	140
1311	153
1312	103
1313	128
1314	230
1315	247
1316	246
1317	146
1318	168
1319	175
1320	181
1321	122
1322	115
1323	115
1324	146
1325	133
1326	177
1327	128
1328	127
1329	124
1330	83
1331	162
1332	199
1333	185
1334	141
1335	183
1336	132
1337	121
1338	166
1339	117
1340	145
1341	160
1342	160
1343	141
1344	135
1345	170
1346	144
1347	124
1348	180
1349	109
1350	161
1351	178
1352	145
1353	158
1354	168
1355	124
1356	105
1357	122
1358	127
1359	122
1360	170
1361	175
1362	107
1363	139
1364	141
1365	149
1366	137
1367	168
1368	125
1369	168
1370	151
1371	180
1372	243
1373	170
1374	165
1375	168
1376	265
1377	217
1378	128
1379	158
1380	148
1381	147
1382	97
1383	134
1384	169
1385	212
1386	178
1387	120
1388	120
1389	123
1390	203
1391	163
1392	145
1393	122
1394	131
1395	139
1396	161
1397	176
1398	160
1399	132
1400	163
1401	82
1402	180
1403	130
1404	164
1405	101
1406	155
1407	131
1408	115
1409	121
1410	125
1411	115
1412	106
1413	118
1414	135
1415	146
1416	123
1417	165
1418	164
1419	154
1420	130
1421	146
1422	100
1423	131
1424	158
1425	203
1426	117
1427	185
1428	175
1429	142
1430	170
1431	150
1432	191
1433	151
1434	161
1435	133
1436	116
1437	162
1438	148
1439	115
1440	131
1441	113
1442	171
1443	145
1444	122
1445	115
1446	122
1447	191
1448	153
1449	178
1450	159
1451	183
1452	123
1453	96
1454	171
1455	164
1456	136
1457	211
1458	151
1459	131
1460	184
1461	125
1462	194
1463	131
1464	149
1465	132
1466	124
1467	151
1468	160
1469	147
1470	107
1471	103
1472	113
1473	116
1474	118
1475	178
1476	188
1477	122
1478	148
1479	138
1480	155
1481	174
1482	157
1483	175
1484	164
1485	111
1486	144
1487	142
1488	141
1489	139
1490	204
1491	184
1492	174
1493	185
1494	146
1495	168
1496	120
1497	176
1498	170
1499	152
1500	166
1501	149
1502	119
1503	120
1504	158
1505	155
1506	148
1507	156
1508	165
1509	121
1510	197
1511	212
1512	180
1513	119
1514	152
1515	170
1516	277
1517	481
1518	222
1519	157
1520	167
1521	132
1522	139
1523	135
1524	135
1525	175
1526	127
1527	139
1528	111
1529	144
1530	103
1531	149
1532	155
1533	137
1534	135
1535	156
1536	152
1537	145
1538	121
1539	131
1540	144
1541	154
1542	169
1543	174
1544	138
1545	129
1546	136
1547	157
1548	144
1549	135
1550	223
1551	135
1552	157
1553	123
1554	180
1555	154
1556	152
1557	162
1558	224
1559	152
1560	137
1561	168
1562	148
1563	132
1564	206
1565	132
1566	142
1567	154
1568	208
1569	126
1570	130
1571	176
1572	174
1573	162
1574	162
1575	171
1576	158
1577	133
1578	149
1579	165
1580	102
1581	135
1582	185
1583	125
1584	105
1585	150
1586	163
1587	134
1588	153
1589	173
1590	135
1591	213
1592	189
1593	225
1594	230
1595	212
1596	175
1597	169
1598	154
1599	195
1600	146
1601	152
1602	159
1603	220
1604	151
1605	142
1606	126
1607	151
1608	205
1609	152
1610	155
1611	131
1612	148
1613	135
1614	180
1615	137
1616	212
1617	152
1618	188
1619	142
1620	124
1621	162
1622	152
1623	143
1624	171
1625	187
1626	171
1627	155
1628	191
1629	121
1630	139
1631	157
1632	162
1633	181
1634	175
1635	147
1636	174
1637	126
1638	176
1639	143
1640	171
1641	138
1642	144
1643	218
1644	127
1645	164
1646	145
1647	183
1648	133
1649	176
1650	157
1651	162
1652	133
1653	130
1654	179
1655	179
1656	198
1657	261
1658	264
1659	182
1660	235
1661	245
1662	209
1663	200
1664	175
1665	199
1666	141
1667	192
1668	132
1669	157
1670	194
1671	119
1672	186
1673	168
1674	142
1675	218
1676	211
1677	175
1678	112
1679	159
1680	140
1681	179
1682	156
1683	153
1684	166
1685	169
1686	121
1687	168
1688	200
1689	131
1690	154
1691	201
1692	175
1693	161
1694	189
1695	192
1696	209
1697	141
1698	179
1699	161
1700	175
1701	170
1702	178
1703	184
1704	161
1705	141
1706	160
1707	179
1708	183
1709	171
1710	171
1711	219
1712	173
1713	225
1714	157
1715	166
1716	236
1717	193
1718	151
1719	177
1720	185
1721	224
1722	165
1723	237
1724	118
1725	197
1726	197
1727	144
1728	200
1729	154
1730	201
1731	201
1732	173
1733	210
1734	193
1735	261
1736	162
1737	152
1738	137
1739	173
1740	206
1741	131
1742	218
1743	126
1744	194
1745	102
1746	187
1747	183
1748	179
1749	162
1750	210
1751	140
1752	207
1753	217
1754	234
1755	176
1756	159
1757	168
1758	205
1759	195
1760	109
1761	158
1762	199
1763	182
1764	200
1765	233
1766	231
1767	153
1768	189
1769	180
1770	183
1771	222
1772	197
1773	231
1774	227
1775	193
1776	201
1777	170
1778	248
1779	195
1780	185
1781	180
1782	137
1783	204
1784	175
1785	191
1786	168
1787	243
1788	189
1789	203
1790	197
1791	183
1792	187
1793	141
1794	185
1795	165
1796	174
1797	162
1798	192
1799	201
1800	164
1801	170
1802	192
1803	141
1804	136
1805	202
1806	174
1807	167
1808	198
1809	177
1810	90
1811	154
1812	152
1813	179
1814	192
1815	260
1816	162
1817	249
1818	297
1819	286
1820	213
1821	214
1822	154
1823	203
1824	190
1825	187
1826	229
1827	197
1828	190
1829	169
1830	141
1831	172
1832	157
1833	254
1834	195
1835	238
1836	237
1837	263
1838	225
1839	188
1840	187
1841	181
1842	209
1843	197
1844	173
1845	189
1846	164
1847	178
1848	196
1849	153
1850	180
1851	173
1852	144
1853	179
1854	206
1855	173
1856	212
1857	158
1858	156
1859	250
1860	225
1861	184
1862	205
1863	168
1864	164
1865	143
1866	193
1867	186
1868	165
1869	288
1870	226
1871	223
1872	177
1873	213
1874	179
1875	189
1876	168
1877	220
1878	198
1879	184
1880	226
1881	185
1882	179
1883	158
1884	184
1885	188
1886	162
1887	165
1888	287
1889	297
1890	205
1891	187
1892	336
1893	231
1894	223
1895	176
1896	259
1897	196
1898	229
1899	235
1900	206
1901	188
1902	150
1903	194
1904	247
1905	232
1906	243
1907	195
1908	183
1909	184
1910	187
1911	135
1912	133
1913	146
1914	241
1915	223
1916	177
1917	266
1918	266
1919	202
1920	349
1921	429
1922	290
1923	319
1924	192
1925	202
1926	234
1927	220
1928	177
1929	209
1930	200
1931	213
1932	193
1933	215
1934	186
1935	248
1936	215
1937	184
1938	230
1939	252
1940	217
1941	256
1942	242
1943	193
1944	192
1945	253
1946	262
1947	251
1948	212
1949	186
1950	190
1951	181
1952	292
1953	315
1954	277
1955	169
1956	186
1957	208
1958	273
1959	215
1960	221
1961	187
1962	172
1963	193
1964	179
1965	207
1966	237
1967	195
1968	179
1969	290
1970	227
1971	177
1972	219
1973	255
1974	209
1975	210
1976	227
1977	202
1978	183
1979	227
1980	329
1981	300
1982	186
1983	132
1984	177
1985	187
1986	265
1987	204
1988	247
1989	194
1990	296
1991	209
1992	241
1993	285
1994	218
1995	209
1996	135
1997	260
1998	280
1999	207
2000	242
2001	212
2002	199
2003	210
2004	203
2005	241
2006	244
2007	203
2008	186
2009	203
2010	249
2011	206
2012	250
2013	219
2014	294
2015	260
2016	190
2017	250
2018	189
2019	195
2020	178
2021	156
2022	248
2023	232
2024	200
2025	218
2026	161
2027	166
2028	188
2029	226
2030	240
2031	145
2032	195
2033	215
2034	362
2035	209
2036	134
2037	161
2038	130
2039	139
2040	146
2041	124
2042	120
2043	106
2044	184
2045	115
2046	147
2047	68
