Instrument: Andor
X Size: 2048
Y Size: 64
Total Flux: 0.000
Total Counts: 380928
Background: 314.000000
Curvature: 0.0
Clipped to ROI: No
ROI: 1309 526 2539 1627
X	Counts
0	84
1	104
2	89
3	77
4	89
5	45
6	113
7	76
8	122
9	75
10	85
11	93
12	117
13	88
14	73
15	101
16	62
17	54
18	58
19	69
20	99
21	71
22	119
23	63
24	125
25	90
26	54
27	52
28	97
29	95
30	70
31	89
32	69
33	100
34	53
35	74
36	40
37	116
38	87
39	94
40	87
41	48
42	104
43	123
44	91
45	87
46	65
47	78
48	96
49	71
50	118
51	116
52	88
53	65
54	58
55	91
56	117
57	87
58	100
59	79
60	120
61	36
62	99
63	97
64	109
65	93
66	76
67	91
68	89
69	113
70	91
71	90
72	68
73	56
74	97
75	83
76	126
77	101
78	100
79	120
80	83
81	86
82	157
83	120
84	74
85	94
86	86
87	101
88	143
89	190
90	139
91	92
92	141
93	71
94	94
95	76
96	139
97	163
98	141
99	101
100	90
101	116
102	96
103	124
104	62
105	104
106	122
107	108
108	108
109	105
110	76
111	71
112	60
113	125
114	121
115	76
116	143
117	145
118	121
119	74
120	78
121	71
122	70
123	74
124	102
125	108
126	87
127	110
128	87
129	102
130	71
131	60
132	107
133	77
134	91
135	85
136	104
137	86
138	128
139	77
140	106
141	91
142	83
143	68
144	97
145	108
146	98
147	102
148	113
149	77
150	142
151	107
152	157
153	166
154	201
155	120
156	98
157	80
158	88
159	132
160	120
161	106
162	101
163	110
164	156
165	60
166	124
167	108
168	81
169	97
170	114
171	100
172	104
173	115
174	100
175	86
176	67
177	93
178	109
179	90
180	87
181	106
182	73
183	78
184	78
185	124
186	86
187	107
188	96
189	105
190	100
191	106
192	112
193	68
194	105
195	91
196	77
197	62
198	66
199	82
200	142
201	134
202	110
203	78
204	98
205	93
206	144
207	130
208	171
209	133
210	70
211	97
212	78
213	63
214	81
215	89
216	115
217	53
218	88
219	90
220	114
221	105
222	74
223	130
224	73
225	95
226	86
227	68
228	122
229	97
230	98
231	141
232	101
233	92
234	72
235	107
236	83
237	108
238	86
239	169
240	69
241	81
242	113
243	70
244	84
245	99
246	122
247	150
248	74
249	98
250	58
251	82
252	99
253	79
254	60
255	91
256	81
257	74
258	54
259	82
260	71
261	97
262	85
263	129
264	29
265	95
266	72
267	68
268	76
269	86
270	150
271	151
272	100
273	108
274	137
275	187
276	94
277	72
278	66
279	47
280	98
281	83
282	83
283	93
284	103
285	90
286	115
287	151
288	57
289	96
290	120
291	85
292	115
293	111
294	62
295	128
296	89
297	76
298	86
299	51
300	95
301	106
302	74
303	134
304	199
305	89
306	78
307	72
308	66
309	122
310	105
311	167
312	105
313	106
314	134
315	68
316	97
317	82
318	96
319	69
320	108
321	119
322	82
323	75
324	73
325	122
326	68
327	93
328	123
329	84
330	91
331	109
332	101
333	94
334	72
335	95
336	84
337	69
338	115
339	147
340	104
341	79
342	97
343	136
344	106
345	94
346	83
347	120
348	98
349	70
350	86
351	75
352	113
353	100
354	118
355	119
356	99
357	89
358	103
359	106
360	120
361	88
362	92
363	73
364	67
365	99
366	82
367	114
368	53
369	110
370	95
371	106
372	120
373	74
374	102
375	76
376	39
377	122
378	93
379	127
380	111
381	115
382	88
383	79
384	90
385	98
386	93
387	82
388	44
389	76
390	99
391	99
392	62
393	89
394	58
395	75
396	131
397	98
398	101
399	100
400	84
401	72
402	142
403	90
404	67
405	119
406	85
407	64
408	94
409	85
410	77
411	148
412	122
413	62
414	107
415	91
416	107
417	94
418	89
419	97
420	88
421	107
422	106
423	111
424	116
425	94
426	217
427	162
428	107
429	158
430	127
431	110
432	149
433	163
434	195
435	113
436	105
437	118
438	92
439	98
440	90
441	116
442	94
443	80
444	118
445	89
446	122
447	88
448	107
449	87
450	109
451	121
452	93
453	79
454	58
455	107
456	118
457	69
458	168
459	92
460	123
461	100
462	153
463	102
464	72
465	106
466	69
467	110
468	81
469	178
470	169
471	115
472	119
473	117
474	115
475	74
476	175
477	178
478	144
479	144
480	123
481	106
482	94
483	143
484	99
485	105
486	104
487	82
488	101
489	90
490	98
491	122
492	104
493	113
494	80
495	65
496	124
497	138
498	110
499	139
500	86
501	89
502	63
503	157
504	94
505	98
506	100
507	112
508	143
509	201
510	133
511	93
512	96
513	118
514	91
515	105
516	137
517	73
518	90
519	112
520	106
521	93
522	131
523	89
524	87
525	83
526	97
527	100
528	89
529	45
530	85
531	104
532	100
533	118
534	91
535	145
536	65
537	98
538	103
539	98
540	105
541	164
542	118
543	90
544	103
545	105
546	66
547	112
548	86
549	129
550	81
551	107
552	103
553	80
554	136
555	119
556	72
557	110
558	171
559	101
560	181
561	132
562	174
563	67
564	120
565	95
566	114
567	131
568	117
569	96
570	123
571	119
572	140
573	135
574	173
575	78
576	72
577	133
578	99
579	85
580	163
581	205
582	75
583	138
584	111
585	129
586	170
587	186
588	191
589	154
590	348
591	433
592	504
593	198
594	164
595	178
596	216
597	316
598	150
599	118
600	211
601	410
602	309
603	145
604	262
605	355
606	243
607	303
608	240
609	162
610	196
611	248
612	206
613	159
614	177
615	159
616	181
617	204
618	167
619	117
620	139
621	120
622	92
623	115
624	150
625	277
626	180
627	302
628	288
629	187
630	129
631	94
632	93
633	131
634	78
635	107
636	121
637	113
638	188
639	181
640	83
641	91
642	92
643	124
644	141
645	111
646	79
647	102
648	101
649	108
650	143
651	166
652	139
653	110
654	102
655	97
656	83
657	110
658	105
659	86
660	95
661	109
662	94
663	78
664	121
665	77
666	129
667	58
668	126
669	95
670	73
671	98
672	97
673	114
674	87
675	128
676	132
677	136
678	114
679	91
680	103
681	137
682	157
683	175
684	139
685	192
686	169
687	97
688	110
689	40
690	98
691	90
692	115
693	68
694	108
695	201
696	222
697	146
698	65
699	71
700	122
701	145
702	101
703	112
704	77
705	124
706	130
707	98
708	101
709	132
710	132
711	81
712	117
713	69
714	87
715	114
716	102
717	162
718	103
719	83
720	119
721	92
722	104
723	80
724	114
725	108
726	135
727	120
728	86
729	147
730	86
731	75
732	107
733	98
734	93
735	124
736	139
737	275
738	121
739	120
740	67
741	143
742	86
743	71
744	152
745	61
746	117
747	113
748	111
749	138
750	159
751	85
752	84
753	148
754	174
755	102
756	65
757	132
758	145
759	142
760	116
761	216
762	101
763	132
764	104
765	100
766	89
767	130
768	71
769	125
770	114
771	113
772	92
773	158
774	201
775	90
776	134
777	102
778	177
779	466
780	195
781	130
782	124
783	120
784	116
785	123
786	123
787	150
788	107
789	91
790	104
791	95
792	100
793	90
794	92
795	147
796	65
797	112
798	106
799	105
800	120
801	91
802	131
803	97
804	103
805	109
806	120
807	133
808	153
809	161
810	116
811	144
812	94
813	104
814	100
815	126
816	129
817	112
818	114
819	102
820	126
821	105
822	136
823	114
824	120
825	117
826	154
827	115
828	135
829	90
830	153
831	115
832	104
833	123
834	118
835	136
836	144
837	126
838	125
839	132
840	99
841	98
842	170
843	127
844	159
845	167
846	190
847	146
848	114
849	109
850	103
851	84
852	122
853	121
854	158
855	126
856	151
857	107
858	101
859	85
860	87
861	123
862	109
863	121
864	138
865	132
866	97
867	138
868	97
869	126
870	117
871	100
872	173
873	78
874	116
875	117
876	108
877	122
878	110
879	109
880	105
881	123
882	124
883	146
884	136
885	80
886	107
887	131
888	93
889	107
890	171
891	96
892	143
893	133
894	85
895	147
896	140
897	145
898	90
899	118
900	138
901	120
902	144
903	118
904	130
905	128
906	113
907	127
908	89
909	147
910	129
911	122
912	119
913	139
914	148
915	101
916	102
917	67
918	168
919	74
920	145
921	122
922	147
923	120
924	150
925	151
926	119
927	139
928	107
929	114
930	87
931	110
932	103
933	172
934	139
935	132
936	195
937	178
938	150
939	135
940	166
941	118
942	117
943	142
944	119
945	166
946	140
947	137
948	130
949	209
950	168
951	117
952	142
953	171
954	251
955	216
956	142
957	134
958	124
959	129
960	140
961	210
962	190
963	141
964	217
965	233
966	207
967	169
968	117
969	126
970	114
971	134
972	141
973	138
974	152
975	185
976	123
977	125
978	135
979	85
980	142
981	194
982	211
983	184
984	130
985	144
986	153
987	144
988	99
989	166
990	114
991	108
992	104
993	171
994	169
995	104
996	173
997	136
998	110
999	154
1000	133
1001	164
1002	94
1003	107
1004	145
1005	161
1006	120
1007	173
1008	169
1009	197
1010	99
1011	142
1012	188
1013	184
1014	211
1015	183
1016	139
1017	133
1018	145
1019	98
1020	163
1021	107
1022	174
1023	231
1024	184
1025	155
1026	109
1027	104
1028	174
1029	141
1030	149
1031	136
1032	139
1033	181
1034	121
1035	199
1036	161
1037	198
1038	150
1039	144
1040	115
1041	135
1042	124
1043	126
1044	114
1045	131
1046	191
1047	184
1048	179
1049	167
1050	176
1051	159
1052	265
1053	141
1054	147
1055	191
1056	214
1057	171
1058	110
1059	190
1060	127
1061	201
1062	129
1063	169
1064	132
1065	133
1066	128
1067	133
1068	132
1069	115
1070	149
1071	150
1072	201
1073	179
1074	227
1075	246
1076	164
1077	114
1078	135
1079	262
1080	156
1081	186
1082	270
1083	124
1084	81
1085	128
1086	143
1087	256
1088	210
1089	243
1090	217
1091	165
1092	257
1093	497
1094	271
1095	131
1096	175
1097	159
1098	343
1099	435
1100	200
1101	370
1102	183
1103	203
1104	134
1105	225
1106	301
1107	518
1108	419
1109	495
1110	557
1111	297
1112	429
1113	576
1114	254
1115	350
1116	411
1117	682
1118	305
1119	416
1120	537
1121	837
1122	916
1123	551
1124	344
1125	376
1126	848
1127	1116
1128	949
1129	880
1130	922
1131	977
1132	1227
1133	1670
1134	1814
1135	1546
1136	1490
1137	1892
1138	1946
1139	2042
1140	1474
1141	1882
1142	1840
1143	1776
1144	1801
1145	1844
1146	1519
1147	1310
1148	1666
1149	1725
1150	1706
1151	1929
1152	2091
1153	1909
1154	1699
1155	2033
1156	1702
1157	1523
1158	1427
1159	1017
1160	1059
1161	476
1162	479
1163	715
1164	538
1165	737
1166	1083
1167	797
1168	647
1169	644
1170	360
1171	395
1172	446
1173	430
1174	554
1175	469
1176	545
1177	455
1178	544
1179	231
1180	345
1181	508
1182	540
1183	459
1184	521
1185	637
1186	525
1187	501
1188	701
1189	428
1190	515
1191	740
1192	456
1193	414
1194	604
1195	511
1196	591
1197	606
1198	297
1199	571
1200	442
1201	451
1202	482
1203	733
1204	723
1205	361
1206	483
1207	729
1208	415
1209	365
1210	731
1211	556
1212	552
1213	493
1214	377
1215	380
1216	384
1217	560
1218	333
1219	320
1220	359
1221	308
1222	363
1223	213
1224	375
1225	410
1226	351
1227	168
1228	170
1229	193
1230	377
1231	473
1232	436
1233	347
1234	414
1235	407
1236	292
1237	144
1238	246
1239	331
1240	371
1241	190
1242	262
1243	146
1244	141
1245	181
1246	263
1247	330
1248	301
1249	193
1250	108
1251	238
1252	220
1253	172
1254	179
1255	207
1256	217
1257	181
1258	163
1259	149
1260	113
1261	150
1262	152
1263	91
1264	125
1265	189
1266	224
1267	130
1268	164
1269	166
1270	169
1271	109
1272	214
1273	134
1274	165
1275	322
1276	167
1277	175
1278	161
1279	188
1280	276
1281	337
1282	205
1283	144
1284	222
1285	125
1286	118
1287	157
1288	121
1289	125
1290	197
1291	188
1292	177
1293	208
1294	113
1295	171
1296	156
1297	118
1298	132
1299	151
1300	133
1301	114
1302	140
1303	196
1304	89
1305	193
1306	212
1307	149
1308	159
1309	160
1310	118
1311	110
1312	128
1313	183
1314	168
1315	158
1316	168
1317	141
1318	173
1319	153
1320	154
1321	177
1322	142
1323	167
1324	164
1325	196
1326	201
1327	148
1328	156
1329	149
1330	167
1331	127
1332	191
1333	203
1334	170
1335	165
1336	95
1337	152
1338	333
1339	137
1340	198
1341	227
1342	153
1343	179
1344	108
1345	164
1346	216
1347	150
1348	204
1349	139
1350	170
1351	161
1352	222
1353	137
1354	177
1355	122
1356	143
1357	139
1358	128
1359	172
1360	206
1361	136
1362	160
1363	205
1364	152
1365	180
1366	150
1367	133
1368	167
1369	142
1370	138
1371	150
1372	117
1373	150
1374	116
1375	194
1376	181
1377	144
1378	186
1379	351
1380	261
1381	147
1382	155
1383	172
1384	142
1385	136
1386	203
1387	153
1388	147
1389	165
1390	202
1391	127
1392	187
1393	99
1394	146
1395	127
1396	155
1397	226
1398	145
1399	126
1400	238
1401	148
1402	191
1403	143
1404	114
1405	148
1406	145
1407	139
1408	113
1409	132
1410	158
1411	133
1412	137
1413	115
1414	152
1415	94
1416	159
1417	143
1418	140
1419	160
1420	111
1421	136
1422	121
1423	117
1424	190
1425	147
1426	164
1427	165
1428	159
1429	157
1430	127
1431	186
1432	151
1433	124
1434	214
1435	151
1436	126
1437	197
1438	204
1439	122
1440	153
1441	194
1442	212
1443	132
1444	110
1445	189
1446	145
1447	172
1448	228
1449	196
1450	143
1451	202
1452	117
1453	127
1454	148
1455	137
1456	139
1457	151
1458	124
1459	150
1460	115
1461	163
1462	130
1463	164
1464	165
1465	140
1466	186
1467	173
1468	163
1469	186
1470	134
1471	129
1472	139
1473	151
1474	152
1475	206
1476	221
1477	143
1478	199
1479	143
1480	142
1481	194
1482	136
1483	154
1484	148
1485	134
1486	156
1487	121
1488	245
1489	150
1490	197
1491	150
1492	145
1493	169
1494	148
1495	140
1496	128
1497	246
1498	161
1499	113
1500	173
1501	107
1502	147
1503	158
1504	181
1505	153
1506	122
1507	172
1508	177
1509	209
1510	221
1511	198
1512	159
1513	123
1514	137
1515	139
1516	193
1517	153
1518	165
1519	115
1520	154
1521	115
1522	168
1523	131
1524	210
1525	137
1526	144
1527	139
1528	124
1529	123
1530	175
1531	167
1532	157
1533	137
1534	93
1535	213
1536	139
1537	136
1538	155
1539	156
1540	140
1541	157
1542	146
1543	148
1544	165
1545	170
1546	162
1547	132
1548	142
1549	142
1550	216
1551	128
1552	136
1553	133
1554	151
1555	175
1556	174
1557	187
1558	210
1559	188
1560	151
1561	131
1562	139
1563	151
1564	171
1565	223
1566	155
1567	132
1568	167
1569	176
1570	145
1571	179
1572	163
1573	155
1574	147
1575	197
1576	174
1577	165
1578	244
1579	128
1580	121
1581	133
1582	172
1583	133
1584	167
1585	202
1586	150
1587	166
1588	129
1589	182
1590	131
1591	177
1592	164
1593	238
1594	260
1595	166
1596	109
1597	196
1598	161
1599	160
1600	232
1601	156
1602	173
1603	189
1604	180
1605	172
1606	157
1607	239
1608	156
1609	159
1610	240
1611	172
1612	170
1613	148
1614	157
1615	186
1616	192
1617	129
1618	151
1619	156
1620	130
1621	99
1622	138
1623	170
1624	184
1625	147
1626	160
1627	135
1628	201
1629	75
1630	164
1631	133
1632	138
1633	163
1634	207
1635	154
1636	131
1637	132
1638	183
1639	175
1640	204
1641	186
1642	164
1643	226
1644	125
1645	178
1646	173
1647	163
1648	161
1649	169
1650	164
1651	182
1652	141
1653	166
1654	132
1655	143
1656	196
1657	167
1658	175
1659	135
1660	224
1661	115
1662	176
1663	160
1664	188
1665	119
1666	141
1667	205
1668	191
1669	152
1670	199
1671	207
1672	241
1673	139
1674	232
1675	243
1676	189
1677	209
1678	158
1679	196
1680	177
1681	298
1682	192
1683	210
1684	168
1685	209
1686	104
1687	178
1688	173
1689	127
1690	171
1691	217
1692	136
1693	127
1694	197
1695	195
1696	174
1697	159
1698	158
1699	176
1700	154
1701	166
1702	208
1703	170
1704	160
1705	244
1706	189
1707	162
1708	164
1709	162
1710	223
1711	195
1712	159
1713	142
1714	154
1715	197
1716	156
1717	170
1718	184
1719	167
1720	200
1721	163
1722	201
1723	285
1724	251
1725	220
1726	162
1727	165
1728	172
1729	182
1730	196
1731	207
1732	155
1733	195
1734	175
1735	178
1736	179
1737	135
1738	200
1739	182
1740	220
1741	188
1742	191
1743	136
1744	157
1745	215
1746	183
1747	158
1748	161
1749	215
1750	201
1751	165
1752	171
1753	173
1754	179
1755	128
1756	152
1757	143
1758	206
1759	197
1760	192
1761	171
1762	174
1763	184
1764	180
1765	185
1766	162
1767	118
1768	165
1769	225
1770	157
1771	183
1772	167
1773	205
1774	201
1775	113
1776	229
1777	150
1778	179
1779	239
1780	205
1781	228
1782	189
1783	216
1784	226
1785	198
1786	146
1787	204
1788	245
1789	206
1790	264
1791	163
1792	204
1793	168
1794	187
1795	142
1796	217
1797	233
1798	218
1799	185
1800	168
1801	188
1802	163
1803	241
1804	179
1805	208
1806	218
1807	195
1808	173
1809	152
1810	151
1811	176
1812	173
1813	226
1814	238
1815	210
1816	176
1817	184
1818	206
1819	241
1820	205
1821	165
1822	155
1823	230
1824	260
1825	306
1826	304
1827	276
1828	223
1829	217
1830	136
1831	166
1832	141
1833	187
1834	176
1835	222
1836	178
1837	214
1838	186
1839	260
1840	210
1841	204
1842	284
1843	158
1844	208
1845	215
1846	174
1847	189
1848	160
1849	231
1850	183
1851	180
1852	144
1853	177
1854	246
1855	234
1856	170
1857	194
1858	197
1859	253
1860	232
1861	217
1862	222
1863	179
1864	211
1865	216
1866	215
1867	299
1868	209
1869	202
1870	202
1871	215
1872	242
1873	254
1874	297
1875	187
1876	190
1877	200
1878	209
1879	202
1880	192
1881	180
1882	188
1883	197
1884	200
1885	132
1886	159
1887	203
1888	263
1889	223
1890	235
1891	155
1892	245
1893	185
1894	224
1895	175
1896	217
1897	187
1898	255
1899	241
1900	275
1901	222
1902	171
1903	233
1904	219
1905	220
1906	231
1907	216
1908	153
1909	209
1910	233
1911	188
1912	197
1913	222
1914	251
1915	268
1916	230
1917	238
1918	150
1919	218
1920	266
1921	261
1922	269
1923	220
1924	169
1925	294
1926	326
1927	268
1928	357
1929	219
1930	244
1931	204
1932	227
1933	240
1934	157
1935	228
1936	220
1937	162
1938	207
1939	267
1940	219
1941	234
1942	165
1943	202
1944	211
1945	210
1946	198
1947	173
1948	207
1949	157
1950	253
1951	202
1952	189
1953	266
1954	262
1955	196
1956	247
1957	155
1958	218
1959	259
1960	183
1961	238
1962	223
1963	209
1964	178
1965	266
1966	226
1967	169
1968	254
1969	482
1970	264
1971	264
1972	216
1973	184
1974	210
1975	244
1976	251
1977	252
1978	188
1979	194
1980	277
1981	293
1982	181
1983	200
1984	109
1985	182
1986	221
1987	162
1988	241
1989	274
1990	195
1991	217
1992	167
1993	221
1994	204
1995	204
1996	223
1997	231
1998	226
1999	195
2000	208
2001	191
2002	152
2003	263
2004	265
2005	246
2006	199
2007	190
2008	201
2009	288
2010	271
2011	232
2012	220
2013	213
2014	206
2015	248
2016	183
2017	164
2018	172
2019	200
2020	217
2021	179
2022	334
2023	203
2024	183
2025	231
2026	153
2027	211
2028	213
2029	181
2030	169
2031	182
2032	146
2033	264
2034	280
2035	374
2036	212
2037	140
2038	137
2039	168
2040	146
2041	104
2042	139
2043	120
2044	227
2045	110
2046	110
2047	122
