Instrument: Andor
X Size: 2048
Y Size: 64
Total Flux: 0.000
Total Counts: 925436
Background: 334.000000
Curvature: 0.0
Clipped to ROI: No
ROI: 1309 526 2539 1627
X	Counts
0	20
1	93
2	151
3	145
4	27
5	11
6	32
7	99
8	51
9	273
10	146
11	101
12	84
13	193
14	232
15	162
16	27
17	2
18	147
19	340
20	140
21	209
22	381
23	419
24	122
25	181
26	271
27	315
28	448
29	402
30	416
31	405
32	523
33	509
34	1144
35	1186
36	922
37	936
38	775
39	418
40	421
41	391
42	1168
43	1096
44	1083
45	993
46	851
47	1193
48	1144
49	1091
50	771
51	730
52	1156
53	1769
54	1537
55	1094
56	944
57	1448
58	1548
59	1574
60	1678
61	1689
62	1778
63	1594
64	1611
65	1644
66	2442
67	2676
68	2684
69	3301
70	2623
71	2763
72	3125
73	2964
74	2651
75	2304
76	2182
77	2240
78	2325
79	2024
80	1843
81	1781
82	1368
83	1253
84	1190
85	1303
86	1422
87	1212
88	1092
89	965
90	869
91	624
92	352
93	324
94	516
95	406
96	600
97	298
98	466
99	262
100	665
101	500
102	469
103	355
104	406
105	860
106	215
107	234
108	322
109	155
110	307
111	161
112	84
113	255
114	360
115	64
116	74
117	75
118	135
119	109
120	174
121	131
122	72
123	138
124	140
125	85
126	142
127	188
128	89
129	90
130	88
131	212
132	194
133	131
134	87
135	42
136	85
137	125
138	47
139	127
140	120
141	37
142	139
143	86
144	73
145	109
146	137
147	89
148	90
149	59
150	104
151	83
152	128
153	120
154	84
155	147
156	136
157	165
158	98
159	93
160	232
161	175
162	132
163	93
164	96
165	60
166	117
167	91
168	80
169	97
170	71
171	84
172	64
173	67
174	68
175	50
176	56
177	27
178	73
179	42
180	28
181	53
182	46
183	55
184	36
185	67
186	102
187	247
188	256
189	145
190	64
191	134
192	60
193	39
194	72
195	67
196	83
197	77
198	58
199	38
200	23
201	52
202	119
203	43
204	91
205	53
206	64
207	73
208	64
209	74
210	171
211	52
212	49
213	55
214	51
215	69
216	44
217	22
218	70
219	38
220	31
221	75
222	82
223	49
224	141
225	76
226	48
227	96
228	34
229	42
230	60
231	30
232	90
233	79
234	111
235	111
236	45
237	43
238	94
239	37
240	97
241	84
242	95
243	121
244	39
245	43
246	23
247	37
248	50
249	34
250	59
251	52
252	144
253	52
254	61
255	47
256	31
257	65
258	59
259	26
260	54
261	87
262	63
263	189
264	35
265	93
266	56
267	34
268	69
269	47
270	42
271	35
272	54
273	42
274	66
275	88
276	72
277	122
278	181
279	67
280	41
281	34
282	144
283	29
284	39
285	120
286	116
287	61
288	129
289	50
290	64
291	78
292	45
293	65
294	30
295	52
296	28
297	58
298	83
299	87
300	168
301	410
302	169
303	78
304	142
305	138
306	130
307	222
308	79
309	63
310	70
311	17
312	53
313	72
314	141
315	85
316	54
317	64
318	86
319	101
320	29
321	51
322	28
323	6
324	74
325	83
326	74
327	29
328	42
329	56
330	47
331	48
332	53
333	145
334	46
335	44
336	113
337	114
338	20
339	150
340	94
341	32
342	86
343	68
344	91
345	72
346	38
347	52
348	54
349	28
350	33
351	66
352	113
353	104
354	89
355	17
356	48
357	60
358	44
359	78
360	42
361	59
362	25
363	79
364	41
365	52
366	36
367	77
368	147
369	129
370	348
371	50
372	25
373	77
374	132
375	202
376	89
377	106
378	234
379	292
380	44
381	107
382	90
383	59
384	51
385	111
386	75
387	95
388	87
389	271
390	368
391	56
392	139
393	27
394	84
395	503
396	566
397	509
398	153
399	280
400	330
401	299
402	304
403	153
404	209
405	445
406	540
407	201
408	361
409	412
410	345
411	816
412	1170
413	765
414	335
415	508
416	476
417	312
418	652
419	955
420	646
421	518
422	332
423	280
424	346
425	73
426	176
427	248
428	120
429	106
430	173
431	498
432	451
433	404
434	274
435	449
436	475
437	271
438	228
439	110
440	64
441	134
442	219
443	147
444	148
445	117
446	59
447	171
448	194
449	118
450	249
451	120
452	98
453	208
454	91
455	105
456	170
457	142
458	110
459	99
460	90
461	188
462	106
463	136
464	38
465	126
466	75
467	40
468	184
469	449
470	216
471	98
472	122
473	306
474	514
475	115
476	153
477	228
478	287
479	383
480	428
481	348
482	249
483	362
484	144
485	146
486	257
487	137
488	301
489	129
490	21
491	47
492	124
493	154
494	196
495	313
496	109
497	116
498	88
499	30
500	225
501	61
502	26
503	18
504	72
505	4
506	74
507	103
508	34
509	16
510	23
511	110
512	87
513	31
514	8
515	14
516	27
517	41
518	97
519	83
520	75
521	30
522	53
523	27
524	40
525	42
526	97
527	123
528	27
529	24
530	115
531	9
532	8
533	20
534	62
535	45
536	38
537	11
538	41
539	35
540	66
541	135
542	16
543	5
544	19
545	15
546	5
547	200
548	302
549	183
550	42
551	146
552	71
553	47
554	21
555	70
556	30
557	52
558	35
559	246
560	158
561	155
562	15
563	24
564	51
565	19
566	36
567	104
568	57
569	19
570	13
571	33
572	13
573	80
574	64
575	90
576	79
577	156
578	58
579	40
580	48
581	29
582	21
583	105
584	31
585	24
586	33
587	135
588	161
589	13
590	116
591	85
592	49
593	155
594	100
595	274
596	49
597	92
598	143
599	70
600	63
601	333
602	88
603	84
604	62
605	23
606	75
607	110
608	50
609	46
610	31
611	53
612	122
613	86
614	211
615	71
616	111
617	216
618	484
619	94
620	72
621	14
622	32
623	61
624	54
625	35
626	14
627	31
628	344
629	343
630	164
631	20
632	94
633	161
634	39
635	30
636	96
637	27
638	85
639	140
640	221
641	120
642	366
643	157
644	64
645	105
646	352
647	50
648	105
649	171
650	162
651	230
652	94
653	398
654	336
655	89
656	70
657	274
658	207
659	124
660	214
661	289
662	494
663	87
664	46
665	57
666	155
667	196
668	199
669	51
670	377
671	538
672	987
673	270
674	175
675	470
676	379
677	416
678	496
679	667
680	703
681	768
682	889
683	1236
684	1207
685	1472
686	1208
687	1371
688	967
689	1150
690	1680
691	1512
692	1440
693	1148
694	1461
695	1389
696	1821
697	1794
698	1994
699	2533
700	2281
701	2087
702	2509
703	2626
704	1624
705	1824
706	1659
707	1867
708	1024
709	1205
710	1195
711	731
712	714
713	711
714	887
715	571
716	846
717	589
718	169
719	119
720	68
721	100
722	225
723	358
724	500
725	439
726	418
727	444
728	429
729	268
730	436
731	345
732	501
733	385
734	135
735	265
736	163
737	244
738	123
739	232
740	93
741	196
742	130
743	90
744	79
745	187
746	128
747	98
748	333
749	493
750	316
751	98
752	70
753	41
754	147
755	40
756	48
757	278
758	173
759	334
760	569
761	588
762	482
763	348
764	173
765	136
766	57
767	89
768	44
769	269
770	573
771	486
772	418
773	624
774	784
775	417
776	306
777	722
778	1627
779	705
780	414
781	268
782	249
783	236
784	384
785	460
786	352
787	174
788	368
789	400
790	509
791	291
792	233
793	92
794	175
795	251
796	104
797	28
798	86
799	157
800	221
801	103
802	61
803	87
804	114
805	84
806	67
807	87
808	81
809	31
810	43
811	117
812	36
813	130
814	182
815	143
816	119
817	303
818	193
819	97
820	52
821	85
822	248
823	410
824	146
825	86
826	146
827	132
828	116
829	58
830	129
831	94
832	105
833	190
834	172
835	45
836	151
837	437
838	230
839	97
840	202
841	218
842	211
843	117
844	543
845	864
846	107
847	850
848	192
849	235
850	883
851	850
852	390
853	409
854	253
855	189
856	197
857	176
858	266
859	149
860	643
861	207
862	70
863	234
864	236
865	162
866	227
867	300
868	219
869	810
870	915
871	445
872	222
873	159
874	219
875	126
876	221
877	245
878	281
879	113
880	263
881	773
882	1981
883	775
884	658
885	923
886	1368
887	886
888	736
889	197
890	81
891	109
892	199
893	203
894	278
895	196
896	366
897	316
898	290
899	96
900	125
901	94
902	218
903	236
904	237
905	155
906	224
907	157
908	83
909	153
910	150
911	140
912	81
913	89
914	134
915	56
916	53
917	79
918	98
919	247
920	82
921	27
922	41
923	233
924	97
925	56
926	56
927	115
928	105
929	63
930	63
931	152
932	87
933	95
934	101
935	77
936	63
937	61
938	61
939	84
940	57
941	154
942	161
943	117
944	123
945	46
946	79
947	83
948	315
949	548
950	118
951	37
952	111
953	115
954	87
955	200
956	253
957	117
958	110
959	78
960	94
961	270
962	65
963	138
964	209
965	140
966	92
967	179
968	194
969	139
970	115
971	156
972	113
973	132
974	46
975	79
976	101
977	119
978	72
979	118
980	62
981	181
982	83
983	90
984	90
985	179
986	165
987	143
988	145
989	190
990	106
991	227
992	170
993	138
994	89
995	91
996	136
997	244
998	522
999	109
1000	91
1001	125
1002	83
1003	113
1004	84
1005	75
1006	127
1007	84
1008	103
1009	167
1010	135
1011	112
1012	75
1013	81
1014	79
1015	207
1016	85
1017	102
1018	73
1019	89
1020	235
1021	124
1022	94
1023	144
1024	279
1025	470
1026	160
1027	168
1028	117
1029	443
1030	587
1031	362
1032	235
1033	202
1034	316
1035	501
1036	236
1037	136
1038	264
1039	465
1040	417
1041	593
1042	261
1043	225
1044	214
1045	293
1046	417
1047	1200
1048	948
1049	1031
1050	1159
1051	1174
1052	1425
1053	1909
1054	1396
1055	1595
1056	1484
1057	1078
1058	1116
1059	586
1060	746
1061	585
1062	813
1063	948
1064	906
1065	398
1066	494
1067	729
1068	475
1069	733
1070	450
1071	508
1072	250
1073	481
1074	454
1075	351
1076	242
1077	225
1078	464
1079	498
1080	470
1081	324
1082	82
1083	90
1084	321
1085	320
1086	472
1087	534
1088	638
1089	596
1090	343
1091	149
1092	96
1093	512
1094	337
1095	502
1096	412
1097	284
1098	145
1099	251
1100	298
1101	158
1102	169
1103	244
1104	498
1105	563
1106	469
1107	519
1108	358
1109	525
1110	663
1111	263
1112	326
1113	398
1114	465
1115	245
1116	253
1117	233
1118	519
1119	691
1120	401
1121	285
1122	170
1123	70
1124	88
1125	249
1126	275
1127	776
1128	716
1129	662
1130	506
1131	478
1132	817
1133	324
1134	292
1135	566
1136	503
1137	559
1138	291
1139	79
1140	211
1141	462
1142	255
1143	239
1144	318
1145	353
1146	457
1147	270
1148	210
1149	360
1150	480
1151	603
1152	452
1153	266
1154	348
1155	595
1156	539
1157	687
1158	848
1159	902
1160	924
1161	799
1162	1177
1163	945
1164	730
1165	580
1166	806
1167	1009
1168	713
1169	882
1170	1128
1171	1252
1172	809
1173	778
1174	1055
1175	780
1176	1111
1177	1859
1178	1597
1179	1310
1180	1299
1181	1632
1182	2257
1183	2498
1184	2261
1185	2027
1186	2871
1187	2762
1188	2981
1189	4076
1190	3729
1191	4932
1192	5330
1193	5729
1194	6084
1195	7353
1196	8183
1197	8748
1198	9577
1199	10020
1200	9687
1201	10558
1202	11339
1203	11519
1204	13461
1205	12334
1206	12653
1207	12226
1208	10585
1209	9131
1210	7897
1211	5883
1212	4949
1213	5108
1214	3870
1215	2854
1216	2046
1217	1271
1218	1140
1219	1367
1220	1357
1221	1518
1222	1541
1223	836
1224	1439
1225	1596
1226	1051
1227	695
1228	619
1229	763
1230	613
1231	940
1232	1118
1233	443
1234	573
1235	494
1236	192
1237	451
1238	709
1239	1118
1240	1310
1241	1090
1242	769
1243	565
1244	863
1245	1191
1246	741
1247	757
1248	1010
1249	1606
1250	1218
1251	703
1252	819
1253	1018
1254	1024
1255	1428
1256	1809
1257	1600
1258	1573
1259	1771
1260	1367
1261	1927
1262	2405
1263	1800
1264	1892
1265	2057
1266	2101
1267	2498
1268	2667
1269	3145
1270	4126
1271	3213
1272	2092
1273	2212
1274	1409
1275	2257
1276	1830
1277	1047
1278	545
1279	774
1280	541
1281	601
1282	831
1283	708
1284	883
1285	610
1286	579
1287	611
1288	417
1289	475
1290	881
1291	443
1292	300
1293	736
1294	980
1295	466
1296	159
1297	113
1298	52
1299	158
1300	346
1301	193
1302	99
1303	36
1304	58
1305	73
1306	219
1307	231
1308	114
1309	108
1310	159
1311	389
1312	102
1313	45
1314	67
1315	35
1316	114
1317	96
1318	139
1319	262
1320	70
1321	214
1322	306
1323	117
1324	98
1325	105
1326	102
1327	107
1328	154
1329	186
1330	317
1331	268
1332	249
1333	111
1334	53
1335	130
1336	90
1337	25
1338	40
1339	107
1340	80
1341	173
1342	56
1343	84
1344	61
1345	41
1346	76
1347	20
1348	48
1349	36
1350	90
1351	244
1352	321
1353	73
1354	44
1355	124
1356	61
1357	45
1358	67
1359	57
1360	87
1361	41
1362	117
1363	167
1364	24
1365	44
1366	89
1367	165
1368	106
1369	160
1370	47
1371	129
1372	156
1373	114
1374	188
1375	98
1376	108
1377	177
1378	120
1379	76
1380	73
1381	90
1382	43
1383	51
1384	117
1385	42
1386	29
1387	54
1388	18
1389	33
1390	43
1391	29
1392	53
1393	75
1394	84
1395	29
1396	30
1397	42
1398	53
1399	58
1400	50
1401	59
1402	54
1403	27
1404	45
1405	64
1406	62
1407	24
1408	23
1409	47
1410	59
1411	51
1412	66
1413	22
1414	86
1415	17
1416	21
1417	28
1418	60
1419	42
1420	51
1421	82
1422	58
1423	89
1424	74
1425	136
1426	78
1427	30
1428	44
1429	64
1430	97
1431	382
1432	85
1433	46
1434	58
1435	96
1436	42
1437	62
1438	67
1439	44
1440	43
1441	44
1442	21
1443	29
1444	15
1445	31
1446	49
1447	86
1448	68
1449	92
1450	104
1451	122
1452	50
1453	82
1454	104
1455	44
1456	34
1457	41
1458	24
1459	18
1460	54
1461	47
1462	134
1463	58
1464	60
1465	19
1466	35
1467	83
1468	106
1469	198
1470	100
1471	38
1472	38
1473	50
1474	26
1475	33
1476	50
1477	50
1478	106
1479	141
1480	70
1481	81
1482	58
1483	23
1484	12
1485	30
1486	19
1487	155
1488	174
1489	41
1490	43
1491	31
1492	60
1493	101
1494	67
1495	52
1496	54
1497	280
1498	199
1499	113
1500	105
1501	128
1502	258
1503	196
1504	289
1505	506
1506	194
1507	108
1508	190
1509	730
1510	588
1511	228
1512	166
1513	474
1514	701
1515	876
1516	965
1517	619
1518	541
1519	263
1520	323
1521	700
1522	621
1523	830
1524	735
1525	844
1526	990
1527	821
1528	1141
1529	1748
1530	1002
1531	1448
1532	1790
1533	2244
1534	3035
1535	2683
1536	3490
1537	3563
1538	4941
1539	5669
1540	5875
1541	6100
1542	6348
1543	6201
1544	4502
1545	4042
1546	3176
1547	2810
1548	2436
1549	2224
1550	1740
1551	2296
1552	2124
1553	1785
1554	2183
1555	2320
1556	1515
1557	1493
1558	1493
1559	1143
1560	1288
1561	1151
1562	1936
1563	2270
1564	2431
1565	2269
1566	1302
1567	1033
1568	767
1569	274
1570	134
1571	133
1572	59
1573	38
1574	55
1575	67
1576	34
1577	18
1578	46
1579	57
1580	80
1581	47
1582	65
1583	71
1584	80
1585	92
1586	60
1587	125
1588	74
1589	25
1590	75
1591	176
1592	77
1593	60
1594	84
1595	206
1596	113
1597	61
1598	35
1599	119
1600	46
1601	94
1602	64
1603	64
1604	39
1605	61
1606	43
1607	56
1608	41
1609	74
1610	54
1611	36
1612	223
1613	188
1614	116
1615	337
1616	462
1617	262
1618	200
1619	86
1620	37
1621	100
1622	105
1623	47
1624	50
1625	82
1626	96
1627	48
1628	122
1629	38
1630	48
1631	50
1632	74
1633	103
1634	139
1635	28
1636	16
1637	74
1638	111
1639	53
1640	139
1641	61
1642	53
1643	33
1644	66
1645	62
1646	37
1647	53
1648	70
1649	55
1650	31
1651	88
1652	19
1653	68
1654	83
1655	101
1656	32
1657	28
1658	119
1659	73
1660	100
1661	53
1662	78
1663	275
1664	408
1665	1117
1666	990
1667	314
1668	174
1669	100
1670	63
1671	159
1672	101
1673	76
1674	116
1675	100
1676	119
1677	135
1678	48
1679	55
1680	126
1681	107
1682	74
1683	72
1684	60
1685	118
1686	73
1687	77
1688	52
1689	90
1690	31
1691	89
1692	45
1693	109
1694	45
1695	35
1696	67
1697	116
1698	182
1699	72
1700	113
1701	91
1702	106
1703	25
1704	72
1705	127
1706	104
1707	98
1708	82
1709	62
1710	47
1711	92
1712	36
1713	51
1714	61
1715	94
1716	72
1717	107
1718	90
1719	54
1720	50
1721	85
1722	23
1723	58
1724	76
1725	33
1726	95
1727	72
1728	64
1729	59
1730	71
1731	99
1732	42
1733	50
1734	104
1735	34
1736	52
1737	66
1738	51
1739	92
1740	112
1741	125
1742	132
1743	43
1744	99
1745	104
1746	81
1747	111
1748	129
1749	67
1750	72
1751	92
1752	89
1753	55
1754	89
1755	100
1756	75
1757	77
1758	71
1759	59
1760	72
1761	42
1762	77
1763	121
1764	48
1765	19
1766	33
1767	92
1768	142
1769	40
1770	88
1771	109
1772	65
1773	88
1774	69
1775	75
1776	86
1777	57
1778	38
1779	103
1780	68
1781	53
1782	97
1783	86
1784	86
1785	53
1786	96
1787	226
1788	137
1789	79
1790	40
1791	76
1792	76
1793	99
1794	66
1795	71
1796	55
1797	74
1798	51
1799	91
1800	139
1801	106
1802	80
1803	65
1804	52
1805	125
1806	56
1807	67
1808	35
1809	48
1810	147
1811	57
1812	65
1813	92
1814	81
1815	182
1816	208
1817	106
1818	69
1819	97
1820	81
1821	79
1822	104
1823	153
1824	67
1825	136
1826	113
1827	78
1828	117
1829	100
1830	92
1831	60
1832	105
1833	149
1834	81
1835	69
1836	102
1837	93
1838	80
1839	96
1840	101
1841	102
1842	101
1843	96
1844	118
1845	117
1846	31
1847	86
1848	166
1849	57
1850	128
1851	89
1852	113
1853	115
1854	133
1855	117
1856	163
1857	112
1858	170
1859	174
1860	131
1861	150
1862	172
1863	133
1864	75
1865	108
1866	183
1867	197
1868	109
1869	177
1870	109
1871	147
1872	117
1873	258
1874	212
1875	147
1876	180
1877	168
1878	155
1879	167
1880	104
1881	117
1882	144
1883	121
1884	113
1885	122
1886	88
1887	85
1888	111
1889	168
1890	139
1891	91
1892	131
1893	198
1894	127
1895	125
1896	108
1897	174
1898	146
1899	163
1900	210
1901	133
1902	186
1903	143
1904	122
1905	181
1906	222
1907	102
1908	121
1909	159
1910	104
1911	133
1912	128
1913	177
1914	116
1915	145
1916	115
1917	190
1918	153
1919	142
1920	154
1921	156
1922	139
1923	158
1924	138
1925	147
1926	244
1927	149
1928	194
1929	133
1930	148
1931	155
1932	156
1933	174
1934	176
1935	169
1936	177
1937	127
1938	179
1939	174
1940	256
1941	135
1942	136
1943	209
1944	158
1945	122
1946	119
1947	192
1948	189
1949	129
1950	150
1951	196
1952	353
1953	190
1954	179
1955	125
1956	151
1957	194
1958	214
1959	160
1960	215
1961	102
1962	138
1963	171
1964	131
1965	117
1966	216
1967	125
1968	194
1969	260
1970	169
1971	272
1972	283
1973	197
1974	140
1975	258
1976	215
1977	219
1978	168
1979	200
1980	155
1981	134
1982	117
1983	216
1984	179
1985	226
1986	197
1987	125
1988	145
1989	161
1990	123
1991	231
1992	191
1993	155
1994	165
1995	160
1996	308
1997	257
1998	111
1999	139
2000	194
2001	176
2002	194
2003	162
2004	226
2005	254
2006	297
2007	174
2008	247
2009	199
2010	153
2011	184
2012	252
2013	186
2014	188
2015	163
2016	184
2017	155
2018	306
2019	240
2020	288
2021	218
2022	1557
2023	213
2024	218
2025	209
2026	196
2027	181
2028	243
2029	173
2030	253
2031	202
2032	333
2033	265
2034	137
2035	152
2036	140
2037	93
2038	106
2039	136
2040	162
2041	169
2042	177
2043	253
2044	137
2045	143
2046	179
2047	240
