Instrument: Andor
X Size: 2048
Y Size: 64
Total Flux: 0.000
Total Counts: 1050552
Background: 333.000000
Curvature: 0.0
Clipped to ROI: No
ROI: 1309 526 2539 1627
X	Counts
0	38
1	46
2	30
3	32
4	61
5	142
6	64
7	47
8	63
9	90
10	117
11	136
12	449
13	109
14	101
15	203
16	77
17	69
18	71
19	330
20	454
21	161
22	150
23	76
24	498
25	368
26	115
27	292
28	869
29	496
30	437
31	614
32	655
33	685
34	940
35	957
36	493
37	965
38	701
39	765
40	776
41	761
42	765
43	783
44	959
45	800
46	939
47	1153
48	935
49	986
50	1460
51	1532
52	1184
53	1163
54	1181
55	1373
56	1191
57	771
58	1097
59	1561
60	1799
61	1645
62	2007
63	1857
64	1796
65	1958
66	2402
67	2506
68	2484
69	2754
70	2711
71	2457
72	2315
73	2289
74	2034
75	1773
76	1949
77	2357
78	2317
79	1966
80	1570
81	1422
82	1336
83	1406
84	1513
85	1301
86	1304
87	925
88	620
89	685
90	483
91	540
92	711
93	630
94	480
95	357
96	325
97	354
98	693
99	456
100	191
101	360
102	293
103	505
104	396
105	316
106	433
107	528
108	311
109	289
110	143
111	142
112	286
113	424
114	169
115	224
116	365
117	172
118	204
119	173
120	181
121	234
122	148
123	159
124	176
125	122
126	117
127	57
128	95
129	141
130	103
131	58
132	54
133	80
134	85
135	143
136	281
137	97
138	50
139	135
140	41
141	63
142	110
143	106
144	95
145	113
146	300
147	196
148	113
149	103
150	117
151	94
152	49
153	93
154	73
155	99
156	49
157	115
158	63
159	68
160	105
161	76
162	100
163	112
164	85
165	26
166	92
167	49
168	47
169	91
170	176
171	113
172	248
173	101
174	61
175	31
176	74
177	61
178	64
179	78
180	66
181	40
182	55
183	67
184	100
185	71
186	103
187	38
188	104
189	122
190	64
191	94
192	130
193	50
194	125
195	90
196	108
197	81
198	51
199	82
200	31
201	53
202	92
203	41
204	72
205	48
206	51
207	135
208	76
209	85
210	57
211	37
212	80
213	81
214	100
215	87
216	54
217	69
218	102
219	125
220	155
221	145
222	140
223	100
224	112
225	47
226	92
227	53
228	83
229	33
230	57
231	88
232	87
233	62
234	87
235	68
236	43
237	99
238	217
239	59
240	95
241	88
242	113
243	57
244	86
245	49
246	39
247	81
248	36
249	32
250	13
251	40
252	61
253	78
254	47
255	86
256	86
257	96
258	38
259	56
260	124
261	75
262	71
263	99
264	49
265	110
266	127
267	60
268	91
269	59
270	29
271	86
272	88
273	46
274	53
275	47
276	28
277	55
278	172
279	117
280	93
281	77
282	61
283	76
284	76
285	27
286	46
287	81
288	338
289	62
290	38
291	46
292	127
293	103
294	56
295	42
296	150
297	156
298	161
299	152
300	143
301	150
302	123
303	55
304	172
305	62
306	159
307	124
308	34
309	29
310	102
311	77
312	78
313	47
314	37
315	84
316	52
317	85
318	68
319	79
320	85
321	75
322	34
323	76
324	41
325	39
326	46
327	38
328	116
329	44
330	82
331	78
332	183
333	79
334	51
335	128
336	137
337	100
338	110
339	91
340	52
341	77
342	66
343	20
344	122
345	87
346	65
347	124
348	106
349	23
350	28
351	32
352	61
353	123
354	63
355	70
356	56
357	111
358	28
359	36
360	61
361	31
362	83
363	203
364	161
365	79
366	131
367	255
368	158
369	135
370	75
371	170
372	178
373	84
374	315
375	111
376	87
377	77
378	72
379	187
380	537
381	597
382	282
383	99
384	67
385	192
386	71
387	38
388	54
389	173
390	267
391	624
392	399
393	287
394	114
395	290
396	243
397	300
398	435
399	455
400	456
401	193
402	449
403	676
404	735
405	624
406	821
407	313
408	105
409	392
410	443
411	567
412	865
413	634
414	491
415	509
416	701
417	814
418	659
419	936
420	729
421	308
422	166
423	258
424	448
425	345
426	438
427	665
428	341
429	153
430	89
431	359
432	111
433	172
434	253
435	234
436	168
437	342
438	362
439	378
440	94
441	123
442	146
443	81
444	193
445	75
446	77
447	73
448	179
449	55
450	69
451	70
452	121
453	213
454	148
455	57
456	75
457	62
458	65
459	305
460	201
461	387
462	210
463	218
464	34
465	162
466	63
467	55
468	94
469	169
470	94
471	286
472	179
473	203
474	94
475	36
476	59
477	410
478	221
479	441
480	506
481	602
482	385
483	183
484	77
485	40
486	365
487	458
488	333
489	423
490	361
491	97
492	16
493	112
494	106
495	77
496	123
497	141
498	176
499	70
500	94
501	43
502	118
503	15
504	148
505	118
506	25
507	13
508	9
509	4
510	8
511	48
512	32
513	84
514	28
515	40
516	37
517	12
518	22
519	21
520	34
521	13
522	48
523	7
524	28
525	35
526	91
527	72
528	44
529	56
530	30
531	33
532	30
533	22
534	61
535	76
536	171
537	79
538	63
539	67
540	73
541	121
542	25
543	37
544	59
545	64
546	10
547	36
548	37
549	103
550	237
551	111
552	4
553	16
554	37
555	62
556	61
557	66
558	40
559	31
560	11
561	86
562	967
563	1413
564	1095
565	345
566	82
567	162
568	164
569	64
570	33
571	18
572	33
573	69
574	104
575	101
576	137
577	34
578	49
579	47
580	68
581	66
582	141
583	225
584	27
585	17
586	47
587	61
588	54
589	42
590	85
591	47
592	11
593	37
594	37
595	23
596	18
597	22
598	85
599	51
600	37
601	92
602	53
603	101
604	105
605	68
606	79
607	54
608	116
609	65
610	88
611	74
612	22
613	35
614	186
615	297
616	91
617	102
618	42
619	57
620	27
621	89
622	130
623	105
624	122
625	422
626	161
627	60
628	120
629	93
630	157
631	81
632	131
633	204
634	474
635	213
636	94
637	50
638	191
639	87
640	191
641	280
642	175
643	87
644	135
645	147
646	175
647	124
648	94
649	142
650	132
651	160
652	87
653	135
654	229
655	79
656	130
657	228
658	122
659	166
660	228
661	447
662	520
663	200
664	48
665	153
666	267
667	394
668	424
669	615
670	416
671	249
672	263
673	339
674	159
675	109
676	89
677	542
678	469
679	306
680	828
681	835
682	388
683	557
684	285
685	612
686	575
687	943
688	1046
689	1144
690	1299
691	1394
692	1772
693	1720
694	1885
695	1945
696	1966
697	1772
698	1781
699	1670
700	1761
701	1943
702	1886
703	1823
704	2108
705	1544
706	1438
707	1478
708	1372
709	1453
710	784
711	650
712	820
713	952
714	810
715	849
716	806
717	868
718	695
719	328
720	747
721	528
722	124
723	242
724	530
725	326
726	443
727	152
728	144
729	198
730	452
731	490
732	229
733	478
734	404
735	239
736	147
737	208
738	185
739	73
740	49
741	86
742	76
743	333
744	313
745	373
746	297
747	286
748	249
749	247
750	159
751	278
752	451
753	416
754	523
755	138
756	108
757	291
758	290
759	158
760	179
761	393
762	620
763	523
764	228
765	337
766	463
767	408
768	73
769	179
770	295
771	234
772	287
773	703
774	451
775	490
776	611
777	588
778	453
779	243
780	120
781	201
782	166
783	80
784	138
785	74
786	67
787	36
788	44
789	103
790	187
791	446
792	231
793	226
794	162
795	73
796	163
797	177
798	211
799	120
800	86
801	94
802	66
803	112
804	165
805	99
806	242
807	235
808	131
809	153
810	120
811	120
812	103
813	96
814	186
815	201
816	101
817	62
818	39
819	95
820	112
821	85
822	104
823	188
824	198
825	38
826	124
827	131
828	329
829	142
830	174
831	359
832	432
833	207
834	197
835	359
836	125
837	158
838	92
839	156
840	125
841	127
842	59
843	100
844	172
845	90
846	113
847	118
848	86
849	114
850	169
851	478
852	343
853	56
854	54
855	125
856	342
857	214
858	849
859	1230
860	1551
861	577
862	123
863	226
864	159
865	152
866	109
867	350
868	88
869	83
870	52
871	178
872	82
873	135
874	250
875	269
876	200
877	37
878	104
879	116
880	106
881	166
882	82
883	43
884	33
885	137
886	141
887	231
888	288
889	321
890	142
891	232
892	218
893	155
894	293
895	163
896	197
897	128
898	83
899	152
900	68
901	141
902	100
903	149
904	103
905	136
906	100
907	144
908	162
909	103
910	244
911	289
912	118
913	360
914	119
915	93
916	132
917	140
918	155
919	177
920	212
921	201
922	104
923	107
924	130
925	114
926	205
927	207
928	124
929	84
930	177
931	345
932	186
933	185
934	76
935	109
936	147
937	125
938	117
939	243
940	322
941	85
942	99
943	74
944	177
945	58
946	53
947	107
948	122
949	119
950	101
951	177
952	140
953	97
954	74
955	143
956	72
957	98
958	84
959	101
960	382
961	209
962	64
963	112
964	141
965	128
966	174
967	229
968	168
969	92
970	109
971	158
972	116
973	129
974	76
975	97
976	88
977	62
978	104
979	132
980	67
981	168
982	134
983	119
984	140
985	178
986	324
987	271
988	111
989	123
990	128
991	137
992	90
993	78
994	144
995	138
996	187
997	150
998	531
999	377
1000	228
1001	354
1002	420
1003	154
1004	117
1005	57
1006	124
1007	155
1008	145
1009	210
1010	405
1011	317
1012	143
1013	107
1014	142
1015	503
1016	399
1017	184
1018	155
1019	166
1020	257
1021	126
1022	119
1023	98
1024	211
1025	187
1026	170
1027	208
1028	80
1029	94
1030	174
1031	456
1032	396
1033	312
1034	372
1035	495
1036	365
1037	521
1038	281
1039	479
1040	713
1041	513
1042	628
1043	618
1044	250
1045	877
1046	592
1047	730
1048	952
1049	1486
1050	1250
1051	1608
1052	1707
1053	1861
1054	1824
1055	2342
1056	1692
1057	1287
1058	1461
1059	1774
1060	1889
1061	1064
1062	1435
1063	1302
1064	797
1065	870
1066	1059
1067	741
1068	431
1069	613
1070	734
1071	610
1072	889
1073	848
1074	1356
1075	819
1076	343
1077	345
1078	885
1079	764
1080	288
1081	271
1082	459
1083	180
1084	208
1085	565
1086	261
1087	236
1088	474
1089	474
1090	300
1091	228
1092	248
1093	533
1094	728
1095	362
1096	311
1097	650
1098	253
1099	143
1100	444
1101	482
1102	240
1103	151
1104	97
1105	401
1106	496
1107	530
1108	602
1109	422
1110	398
1111	566
1112	620
1113	570
1114	496
1115	459
1116	216
1117	413
1118	389
1119	233
1120	577
1121	669
1122	142
1123	245
1124	260
1125	183
1126	525
1127	867
1128	442
1129	183
1130	181
1131	212
1132	613
1133	730
1134	237
1135	311
1136	432
1137	624
1138	238
1139	106
1140	219
1141	695
1142	624
1143	271
1144	663
1145	519
1146	325
1147	432
1148	519
1149	662
1150	298
1151	325
1152	879
1153	904
1154	510
1155	855
1156	739
1157	593
1158	640
1159	872
1160	676
1161	837
1162	505
1163	457
1164	1139
1165	882
1166	683
1167	980
1168	582
1169	654
1170	356
1171	774
1172	1045
1173	1268
1174	1144
1175	1192
1176	1227
1177	1769
1178	1493
1179	1502
1180	1650
1181	1900
1182	2215
1183	2350
1184	2948
1185	2666
1186	2787
1187	3387
1188	4401
1189	4715
1190	4056
1191	4234
1192	5430
1193	4939
1194	5823
1195	7238
1196	8810
1197	9754
1198	10230
1199	11343
1200	10641
1201	11842
1202	13953
1203	14545
1204	16290
1205	16286
1206	13992
1207	12316
1208	10841
1209	8498
1210	8165
1211	6298
1212	5111
1213	3795
1214	3769
1215	2648
1216	2258
1217	1828
1218	1930
1219	906
1220	1627
1221	1255
1222	1263
1223	1531
1224	1168
1225	1224
1226	1251
1227	1128
1228	1296
1229	1137
1230	623
1231	531
1232	296
1233	629
1234	514
1235	778
1236	666
1237	731
1238	601
1239	672
1240	717
1241	1077
1242	777
1243	841
1244	809
1245	776
1246	766
1247	1063
1248	693
1249	571
1250	377
1251	869
1252	1202
1253	1503
1254	1315
1255	1595
1256	1706
1257	1908
1258	1587
1259	1576
1260	1326
1261	1563
1262	1854
1263	2168
1264	1688
1265	2040
1266	2208
1267	2448
1268	3081
1269	3142
1270	2308
1271	1409
1272	1505
1273	2032
1274	1977
1275	1400
1276	1376
1277	928
1278	364
1279	747
1280	810
1281	595
1282	514
1283	207
1284	474
1285	508
1286	277
1287	456
1288	617
1289	875
1290	530
1291	533
1292	371
1293	179
1294	80
1295	429
1296	343
1297	269
1298	201
1299	360
1300	195
1301	192
1302	405
1303	807
1304	360
1305	218
1306	144
1307	54
1308	120
1309	98
1310	101
1311	285
1312	134
1313	99
1314	233
1315	242
1316	95
1317	95
1318	159
1319	127
1320	108
1321	79
1322	149
1323	116
1324	174
1325	108
1326	65
1327	89
1328	34
1329	47
1330	93
1331	69
1332	135
1333	78
1334	49
1335	114
1336	199
1337	88
1338	57
1339	149
1340	146
1341	125
1342	172
1343	50
1344	81
1345	100
1346	60
1347	72
1348	72
1349	33
1350	113
1351	81
1352	117
1353	144
1354	82
1355	72
1356	13
1357	58
1358	51
1359	87
1360	57
1361	49
1362	26
1363	66
1364	131
1365	71
1366	45
1367	90
1368	118
1369	196
1370	39
1371	61
1372	54
1373	94
1374	44
1375	123
1376	127
1377	96
1378	111
1379	72
1380	92
1381	75
1382	79
1383	385
1384	187
1385	34
1386	137
1387	98
1388	80
1389	96
1390	140
1391	107
1392	83
1393	53
1394	69
1395	66
1396	38
1397	140
1398	296
1399	142
1400	48
1401	43
1402	95
1403	77
1404	23
1405	66
1406	32
1407	140
1408	120
1409	91
1410	37
1411	65
1412	94
1413	29
1414	145
1415	97
1416	81
1417	197
1418	34
1419	33
1420	74
1421	82
1422	56
1423	43
1424	54
1425	7
1426	33
1427	46
1428	73
1429	40
1430	63
1431	51
1432	292
1433	363
1434	127
1435	85
1436	32
1437	40
1438	43
1439	50
1440	67
1441	92
1442	53
1443	49
1444	51
1445	66
1446	172
1447	40
1448	50
1449	98
1450	95
1451	25
1452	111
1453	88
1454	54
1455	70
1456	89
1457	72
1458	85
1459	75
1460	72
1461	72
1462	103
1463	54
1464	77
1465	147
1466	77
1467	86
1468	81
1469	37
1470	158
1471	220
1472	119
1473	233
1474	146
1475	40
1476	155
1477	135
1478	215
1479	143
1480	37
1481	104
1482	224
1483	85
1484	355
1485	132
1486	65
1487	179
1488	257
1489	307
1490	171
1491	108
1492	129
1493	149
1494	440
1495	434
1496	475
1497	472
1498	159
1499	115
1500	91
1501	260
1502	164
1503	207
1504	148
1505	197
1506	325
1507	513
1508	335
1509	674
1510	685
1511	555
1512	357
1513	1082
1514	1669
1515	1588
1516	939
1517	997
1518	1135
1519	1433
1520	1157
1521	1082
1522	1008
1523	1273
1524	1253
1525	1773
1526	1960
1527	2250
1528	2148
1529	2367
1530	2438
1531	2860
1532	3418
1533	3828
1534	3979
1535	4520
1536	5268
1537	6091
1538	7867
1539	9958
1540	12042
1541	11844
1542	10349
1543	9893
1544	9219
1545	7950
1546	7681
1547	7650
1548	8325
1549	7179
1550	6638
1551	6230
1552	3976
1553	2403
1554	2111
1555	2724
1556	3617
1557	4258
1558	3652
1559	3492
1560	2259
1561	1390
1562	596
1563	190
1564	260
1565	634
1566	248
1567	508
1568	237
1569	84
1570	133
1571	259
1572	279
1573	166
1574	160
1575	120
1576	102
1577	215
1578	575
1579	139
1580	274
1581	255
1582	477
1583	469
1584	243
1585	93
1586	68
1587	203
1588	232
1589	431
1590	112
1591	140
1592	83
1593	35
1594	98
1595	120
1596	294
1597	160
1598	71
1599	66
1600	47
1601	88
1602	139
1603	60
1604	57
1605	62
1606	32
1607	61
1608	111
1609	72
1610	83
1611	87
1612	129
1613	63
1614	82
1615	42
1616	108
1617	74
1618	97
1619	82
1620	29
1621	35
1622	57
1623	23
1624	73
1625	41
1626	47
1627	94
1628	50
1629	44
1630	160
1631	104
1632	116
1633	96
1634	88
1635	111
1636	66
1637	111
1638	98
1639	68
1640	182
1641	88
1642	56
1643	52
1644	74
1645	47
1646	46
1647	91
1648	83
1649	144
1650	75
1651	26
1652	37
1653	99
1654	73
1655	86
1656	54
1657	101
1658	78
1659	25
1660	89
1661	90
1662	126
1663	57
1664	88
1665	110
1666	49
1667	92
1668	95
1669	91
1670	107
1671	82
1672	88
1673	85
1674	79
1675	58
1676	167
1677	171
1678	106
1679	68
1680	104
1681	153
1682	72
1683	96
1684	93
1685	91
1686	79
1687	62
1688	58
1689	97
1690	85
1691	45
1692	56
1693	75
1694	92
1695	66
1696	58
1697	74
1698	120
1699	49
1700	111
1701	55
1702	84
1703	87
1704	123
1705	57
1706	83
1707	125
1708	63
1709	102
1710	53
1711	163
1712	108
1713	96
1714	93
1715	91
1716	70
1717	116
1718	160
1719	81
1720	62
1721	50
1722	68
1723	91
1724	110
1725	72
1726	78
1727	102
1728	139
1729	158
1730	160
1731	91
1732	51
1733	65
1734	115
1735	114
1736	78
1737	89
1738	60
1739	74
1740	43
1741	102
1742	113
1743	116
1744	116
1745	90
1746	102
1747	141
1748	83
1749	87
1750	155
1751	125
1752	80
1753	50
1754	111
1755	112
1756	135
1757	124
1758	79
1759	65
1760	81
1761	109
1762	86
1763	108
1764	79
1765	74
1766	50
1767	72
1768	100
1769	99
1770	85
1771	104
1772	110
1773	46
1774	114
1775	65
1776	123
1777	95
1778	82
1779	189
1780	99
1781	44
1782	76
1783	121
1784	118
1785	80
1786	98
1787	100
1788	80
1789	114
1790	62
1791	85
1792	111
1793	105
1794	128
1795	83
1796	86
1797	64
1798	131
1799	56
1800	122
1801	91
1802	76
1803	113
1804	105
1805	78
1806	72
1807	145
1808	101
1809	108
1810	121
1811	69
1812	91
1813	63
1814	91
1815	137
1816	122
1817	100
1818	55
1819	152
1820	141
1821	106
1822	147
1823	105
1824	132
1825	104
1826	67
1827	116
1828	97
1829	120
1830	92
1831	112
1832	122
1833	141
1834	84
1835	54
1836	153
1837	127
1838	131
1839	146
1840	127
1841	112
1842	60
1843	136
1844	86
1845	253
1846	137
1847	128
1848	94
1849	82
1850	52
1851	106
1852	181
1853	134
1854	109
1855	116
1856	188
1857	132
1858	123
1859	125
1860	184
1861	187
1862	197
1863	136
1864	132
1865	199
1866	112
1867	166
1868	120
1869	167
1870	150
1871	122
1872	198
1873	182
1874	137
1875	66
1876	208
1877	179
1878	138
1879	133
1880	94
1881	226
1882	195
1883	119
1884	165
1885	140
1886	129
1887	119
1888	139
1889	123
1890	158
1891	131
1892	200
1893	95
1894	160
1895	206
1896	143
1897	136
1898	116
1899	185
1900	166
1901	104
1902	166
1903	209
1904	288
1905	182
1906	246
1907	174
1908	133
1909	175
1910	113
1911	126
1912	111
1913	182
1914	158
1915	201
1916	345
1917	181
1918	178
1919	173
1920	176
1921	99
1922	157
1923	89
1924	185
1925	106
1926	170
1927	122
1928	202
1929	164
1930	181
1931	159
1932	209
1933	185
1934	232
1935	231
1936	165
1937	169
1938	216
1939	208
1940	409
1941	408
1942	746
1943	431
1944	197
1945	169
1946	133
1947	141
1948	170
1949	118
1950	239
1951	212
1952	213
1953	232
1954	221
1955	142
1956	189
1957	177
1958	195
1959	137
1960	199
1961	130
1962	132
1963	144
1964	128
1965	161
1966	246
1967	184
1968	177
1969	224
1970	172
1971	215
1972	191
1973	237
1974	148
1975	225
1976	221
1977	242
1978	220
1979	202
1980	186
1981	184
1982	162
1983	239
1984	158
1985	269
1986	177
1987	177
1988	119
1989	217
1990	215
1991	151
1992	184
1993	202
1994	100
1995	158
1996	182
1997	210
1998	172
1999	137
2000	197
2001	184
2002	261
2003	257
2004	288
2005	251
2006	321
2007	175
2008	302
2009	141
2010	184
2011	231
2012	224
2013	263
2014	173
2015	182
2016	259
2017	210
2018	265
2019	192
2020	291
2021	257
2022	247
2023	228
2024	194
2025	236
2026	196
2027	226
2028	239
2029	194
2030	179
2031	148
2032	183
2033	207
2034	141
2035	158
2036	140
2037	124
2038	82
2039	160
2040	101
2041	144
2042	101
2043	180
2044	148
2045	182
2046	229
2047	184
