Instrument: Andor
X Size: 2048
Y Size: 64
Total Flux: 0.000
Total Counts: 431844
Background: 314.000000
Curvature: 0.0
Clipped to ROI: No
ROI: 1309 526 2539 1627
X	Counts
0	62
1	90
2	50
3	80
4	57
5	43
6	95
7	66
8	52
9	95
10	64
11	119
12	70
13	51
14	67
15	123
16	76
17	77
18	95
19	95
20	100
21	68
22	72
23	88
24	65
25	92
26	78
27	81
28	72
29	104
30	83
31	66
32	80
33	80
34	82
35	73
36	62
37	70
38	79
39	66
40	65
41	63
42	73
43	118
44	97
45	68
46	88
47	101
48	113
49	76
50	89
51	67
52	76
53	120
54	74
55	103
56	72
57	70
58	77
59	80
60	55
61	79
62	79
63	97
64	68
65	80
66	69
67	90
68	73
69	90
70	77
71	92
72	100
73	93
74	88
75	106
76	121
77	155
78	65
79	62
80	83
81	152
82	191
83	132
84	104
85	76
86	79
87	47
88	67
89	54
90	108
91	60
92	81
93	66
94	76
95	86
96	96
97	58
98	62
99	106
100	66
101	121
102	122
103	97
104	140
105	177
106	97
107	56
108	85
109	69
110	79
111	108
112	60
113	128
114	110
115	136
116	77
117	54
118	66
119	70
120	71
121	141
122	105
123	102
124	84
125	83
126	101
127	83
128	88
129	63
130	90
131	80
132	96
133	121
134	80
135	94
136	114
137	46
138	84
139	52
140	150
141	102
142	101
143	116
144	76
145	146
146	125
147	98
148	118
149	70
150	117
151	85
152	79
153	173
154	130
155	129
156	99
157	84
158	114
159	96
160	104
161	120
162	90
163	162
164	438
165	137
166	108
167	131
168	180
169	97
170	106
171	74
172	117
173	86
174	61
175	96
176	53
177	95
178	96
179	136
180	154
181	91
182	88
183	104
184	74
185	95
186	81
187	79
188	85
189	107
190	142
191	73
192	102
193	56
194	87
195	52
196	79
197	59
198	112
199	76
200	72
201	46
202	82
203	59
204	74
205	59
206	82
207	89
208	89
209	102
210	62
211	106
212	168
213	223
214	155
215	98
216	97
217	106
218	67
219	62
220	94
221	84
222	49
223	90
224	119
225	227
226	89
227	67
228	94
229	63
230	79
231	87
232	67
233	93
234	40
235	68
236	93
237	67
238	94
239	95
240	85
241	61
242	91
243	60
244	54
245	80
246	101
247	101
248	111
249	59
250	115
251	475
252	245
253	134
254	73
255	81
256	88
257	85
258	60
259	69
260	94
261	124
262	57
263	109
264	129
265	60
266	98
267	97
268	68
269	84
270	76
271	55
272	107
273	74
274	80
275	77
276	51
277	82
278	103
279	126
280	144
281	127
282	98
283	98
284	63
285	46
286	87
287	84
288	47
289	58
290	102
291	83
292	53
293	75
294	49
295	93
296	146
297	51
298	92
299	78
300	73
301	87
302	62
303	81
304	79
305	90
306	58
307	79
308	85
309	86
310	96
311	116
312	120
313	106
314	95
315	73
316	72
317	56
318	114
319	42
320	72
321	92
322	96
323	115
324	85
325	73
326	138
327	91
328	83
329	73
330	141
331	55
332	99
333	60
334	84
335	71
336	84
337	68
338	46
339	69
340	69
341	87
342	103
343	115
344	102
345	129
346	406
347	329
348	66
349	70
350	95
351	86
352	75
353	97
354	102
355	71
356	71
357	67
358	139
359	109
360	86
361	104
362	102
363	102
364	69
365	116
366	81
367	135
368	110
369	231
370	265
371	145
372	87
373	140
374	91
375	101
376	91
377	89
378	68
379	112
380	73
381	117
382	126
383	128
384	126
385	95
386	147
387	103
388	99
389	49
390	65
391	80
392	70
393	87
394	50
395	64
396	96
397	109
398	128
399	150
400	251
401	232
402	227
403	88
404	70
405	75
406	86
407	70
408	65
409	86
410	80
411	80
412	61
413	123
414	192
415	100
416	91
417	82
418	112
419	74
420	90
421	143
422	40
423	106
424	108
425	110
426	305
427	241
428	216
429	102
430	91
431	93
432	109
433	115
434	207
435	175
436	148
437	220
438	92
439	80
440	70
441	126
442	115
443	187
444	154
445	127
446	115
447	79
448	64
449	185
450	83
451	73
452	140
453	109
454	78
455	80
456	122
457	80
458	125
459	88
460	76
461	95
462	93
463	113
464	103
465	90
466	95
467	85
468	52
469	84
470	139
471	109
472	113
473	82
474	110
475	53
476	88
477	79
478	98
479	99
480	143
481	111
482	126
483	88
484	111
485	130
486	184
487	181
488	88
489	79
490	73
491	105
492	350
493	331
494	144
495	119
496	146
497	104
498	87
499	101
500	77
501	55
502	103
503	74
504	124
505	99
506	92
507	70
508	89
509	119
510	85
511	83
512	89
513	105
514	98
515	153
516	82
517	158
518	251
519	357
520	226
521	462
522	117
523	116
524	277
525	142
526	101
527	93
528	91
529	91
530	59
531	105
532	95
533	110
534	84
535	75
536	63
537	68
538	92
539	100
540	85
541	156
542	390
543	175
544	132
545	124
546	98
547	86
548	93
549	84
550	115
551	79
552	125
553	126
554	156
555	84
556	104
557	85
558	93
559	121
560	97
561	121
562	105
563	51
564	90
565	97
566	69
567	89
568	62
569	101
570	130
571	139
572	132
573	131
574	86
575	88
576	92
577	94
578	75
579	77
580	79
581	141
582	72
583	59
584	93
585	111
586	135
587	103
588	73
589	138
590	138
591	82
592	107
593	104
594	149
595	129
596	117
597	93
598	78
599	92
600	143
601	130
602	222
603	187
604	272
605	125
606	126
607	85
608	160
609	107
610	157
611	143
612	90
613	154
614	398
615	191
616	151
617	128
618	125
619	158
620	190
621	119
622	197
623	337
624	267
625	570
626	298
627	258
628	352
629	580
630	264
631	233
632	545
633	469
634	288
635	537
636	759
637	533
638	277
639	230
640	390
641	669
642	565
643	298
644	141
645	358
646	416
647	518
648	223
649	133
650	256
651	203
652	239
653	175
654	133
655	177
656	171
657	106
658	120
659	134
660	123
661	82
662	75
663	62
664	152
665	131
666	142
667	116
668	80
669	233
670	163
671	67
672	169
673	113
674	91
675	118
676	130
677	169
678	134
679	126
680	89
681	158
682	376
683	107
684	141
685	84
686	83
687	102
688	122
689	93
690	89
691	188
692	288
693	261
694	371
695	193
696	181
697	117
698	88
699	142
700	128
701	182
702	248
703	101
704	93
705	114
706	71
707	103
708	96
709	87
710	70
711	123
712	101
713	91
714	124
715	126
716	125
717	152
718	134
719	159
720	99
721	160
722	101
723	111
724	202
725	199
726	257
727	359
728	192
729	213
730	153
731	88
732	125
733	220
734	202
735	124
736	78
737	91
738	148
739	196
740	126
741	165
742	132
743	132
744	103
745	85
746	139
747	131
748	129
749	143
750	154
751	154
752	154
753	108
754	107
755	124
756	234
757	169
758	179
759	118
760	95
761	101
762	97
763	74
764	60
765	131
766	76
767	95
768	107
769	96
770	104
771	123
772	104
773	103
774	150
775	65
776	124
777	93
778	124
779	152
780	165
781	206
782	472
783	247
784	103
785	91
786	97
787	107
788	92
789	149
790	146
791	163
792	180
793	109
794	105
795	113
796	74
797	90
798	149
799	156
800	116
801	126
802	99
803	86
804	77
805	100
806	126
807	134
808	92
809	138
810	161
811	136
812	118
813	99
814	164
815	150
816	116
817	86
818	105
819	82
820	99
821	137
822	95
823	94
824	91
825	101
826	122
827	95
828	107
829	100
830	106
831	121
832	101
833	116
834	123
835	214
836	111
837	70
838	156
839	116
840	139
841	126
842	171
843	87
844	94
845	129
846	135
847	181
848	270
849	140
850	166
851	139
852	115
853	101
854	102
855	101
856	135
857	204
858	442
859	236
860	141
861	127
862	121
863	145
864	76
865	136
866	82
867	141
868	65
869	93
870	103
871	102
872	87
873	51
874	131
875	108
876	150
877	125
878	102
879	101
880	166
881	156
882	149
883	122
884	108
885	103
886	109
887	119
888	103
889	94
890	136
891	106
892	119
893	123
894	126
895	123
896	111
897	96
898	115
899	88
900	131
901	82
902	98
903	123
904	141
905	158
906	131
907	150
908	111
909	122
910	99
911	95
912	106
913	117
914	228
915	132
916	147
917	110
918	127
919	126
920	141
921	130
922	234
923	99
924	86
925	119
926	82
927	117
928	179
929	114
930	111
931	88
932	126
933	80
934	112
935	137
936	156
937	98
938	83
939	93
940	135
941	146
942	117
943	197
944	174
945	119
946	112
947	137
948	131
949	90
950	113
951	131
952	115
953	159
954	83
955	98
956	117
957	191
958	149
959	165
960	110
961	115
962	114
963	121
964	249
965	316
966	94
967	126
968	97
969	151
970	189
971	193
972	139
973	161
974	130
975	101
976	100
977	172
978	131
979	106
980	71
981	118
982	110
983	125
984	167
985	151
986	130
987	99
988	106
989	302
990	153
991	129
992	112
993	156
994	219
995	147
996	184
997	131
998	147
999	393
1000	259
1001	155
1002	99
1003	212
1004	266
1005	149
1006	133
1007	140
1008	119
1009	155
1010	117
1011	112
1012	161
1013	132
1014	129
1015	208
1016	189
1017	132
1018	161
1019	140
1020	181
1021	171
1022	122
1023	241
1024	183
1025	151
1026	137
1027	330
1028	319
1029	157
1030	144
1031	89
1032	153
1033	109
1034	133
1035	170
1036	261
1037	241
1038	135
1039	124
1040	156
1041	124
1042	128
1043	99
1044	141
1045	129
1046	171
1047	280
1048	406
1049	358
1050	222
1051	280
1052	211
1053	114
1054	100
1055	164
1056	175
1057	144
1058	130
1059	183
1060	115
1061	120
1062	154
1063	174
1064	207
1065	193
1066	140
1067	173
1068	150
1069	264
1070	162
1071	176
1072	138
1073	161
1074	123
1075	148
1076	104
1077	111
1078	214
1079	212
1080	124
1081	157
1082	153
1083	115
1084	141
1085	129
1086	202
1087	182
1088	133
1089	151
1090	154
1091	135
1092	143
1093	116
1094	152
1095	168
1096	160
1097	131
1098	159
1099	131
1100	154
1101	156
1102	158
1103	165
1104	137
1105	208
1106	138
1107	150
1108	211
1109	256
1110	250
1111	171
1112	138
1113	180
1114	176
1115	275
1116	206
1117	172
1118	150
1119	139
1120	118
1121	140
1122	137
1123	132
1124	217
1125	141
1126	150
1127	197
1128	270
1129	240
1130	225
1131	240
1132	704
1133	681
1134	289
1135	319
1136	510
1137	205
1138	394
1139	704
1140	828
1141	299
1142	543
1143	794
1144	308
1145	436
1146	480
1147	358
1148	380
1149	461
1150	865
1151	869
1152	453
1153	279
1154	582
1155	614
1156	1171
1157	1314
1158	1241
1159	1489
1160	1631
1161	1328
1162	1425
1163	1452
1164	1600
1165	1693
1166	2049
1167	2841
1168	2519
1169	2586
1170	3442
1171	3614
1172	3536
1173	4379
1174	3661
1175	2859
1176	3364
1177	4075
1178	5029
1179	4762
1180	4908
1181	4054
1182	4676
1183	4669
1184	3175
1185	1976
1186	1587
1187	999
1188	798
1189	815
1190	1028
1191	537
1192	668
1193	816
1194	685
1195	914
1196	546
1197	620
1198	547
1199	289
1200	544
1201	753
1202	830
1203	810
1204	774
1205	806
1206	833
1207	529
1208	456
1209	611
1210	783
1211	441
1212	521
1213	555
1214	741
1215	1215
1216	803
1217	645
1218	294
1219	315
1220	402
1221	371
1222	458
1223	757
1224	1032
1225	1106
1226	1021
1227	943
1228	1239
1229	782
1230	620
1231	551
1232	744
1233	797
1234	790
1235	598
1236	813
1237	901
1238	414
1239	478
1240	835
1241	645
1242	371
1243	560
1244	275
1245	243
1246	339
1247	399
1248	244
1249	505
1250	422
1251	534
1252	598
1253	498
1254	348
1255	328
1256	331
1257	567
1258	348
1259	253
1260	298
1261	351
1262	420
1263	315
1264	327
1265	471
1266	239
1267	151
1268	155
1269	157
1270	278
1271	150
1272	153
1273	150
1274	172
1275	168
1276	118
1277	112
1278	182
1279	194
1280	240
1281	181
1282	166
1283	131
1284	206
1285	254
1286	283
1287	137
1288	104
1289	151
1290	163
1291	185
1292	109
1293	137
1294	106
1295	148
1296	120
1297	127
1298	181
1299	174
1300	377
1301	411
1302	185
1303	213
1304	131
1305	246
1306	165
1307	160
1308	138
1309	163
1310	258
1311	336
1312	206
1313	210
1314	248
1315	354
1316	313
1317	267
1318	163
1319	137
1320	222
1321	136
1322	174
1323	130
1324	108
1325	242
1326	172
1327	147
1328	170
1329	90
1330	124
1331	186
1332	151
1333	184
1334	164
1335	155
1336	130
1337	296
1338	225
1339	151
1340	183
1341	185
1342	182
1343	139
1344	118
1345	159
1346	162
1347	142
1348	137
1349	105
1350	188
1351	277
1352	255
1353	120
1354	113
1355	127
1356	154
1357	189
1358	170
1359	156
1360	202
1361	148
1362	122
1363	153
1364	134
1365	253
1366	160
1367	116
1368	160
1369	209
1370	156
1371	129
1372	90
1373	177
1374	167
1375	114
1376	128
1377	169
1378	159
1379	143
1380	133
1381	118
1382	139
1383	140
1384	145
1385	146
1386	129
1387	125
1388	131
1389	123
1390	134
1391	166
1392	198
1393	129
1394	145
1395	169
1396	215
1397	311
1398	177
1399	153
1400	139
1401	117
1402	137
1403	134
1404	111
1405	131
1406	129
1407	114
1408	128
1409	134
1410	118
1411	115
1412	150
1413	161
1414	155
1415	107
1416	132
1417	120
1418	158
1419	124
1420	109
1421	136
1422	142
1423	141
1424	172
1425	170
1426	118
1427	140
1428	124
1429	188
1430	109
1431	170
1432	127
1433	114
1434	127
1435	162
1436	107
1437	98
1438	135
1439	162
1440	130
1441	176
1442	112
1443	132
1444	129
1445	183
1446	157
1447	137
1448	121
1449	176
1450	170
1451	156
1452	85
1453	119
1454	157
1455	145
1456	137
1457	151
1458	139
1459	178
1460	124
1461	158
1462	175
1463	341
1464	279
1465	148
1466	114
1467	142
1468	151
1469	143
1470	141
1471	135
1472	160
1473	111
1474	173
1475	217
1476	233
1477	115
1478	144
1479	142
1480	183
1481	138
1482	147
1483	157
1484	111
1485	173
1486	268
1487	240
1488	154
1489	151
1490	126
1491	140
1492	116
1493	179
1494	165
1495	124
1496	161
1497	186
1498	137
1499	191
1500	145
1501	145
1502	111
1503	208
1504	142
1505	132
1506	120
1507	127
1508	156
1509	153
1510	178
1511	147
1512	135
1513	197
1514	241
1515	169
1516	174
1517	172
1518	154
1519	146
1520	138
1521	116
1522	144
1523	144
1524	160
1525	267
1526	235
1527	162
1528	125
1529	153
1530	154
1531	126
1532	153
1533	92
1534	97
1535	157
1536	156
1537	119
1538	151
1539	156
1540	106
1541	117
1542	138
1543	142
1544	133
1545	127
1546	107
1547	171
1548	119
1549	141
1550	155
1551	165
1552	148
1553	147
1554	147
1555	150
1556	133
1557	112
1558	200
1559	105
1560	175
1561	132
1562	149
1563	138
1564	120
1565	184
1566	245
1567	175
1568	179
1569	166
1570	143
1571	241
1572	120
1573	152
1574	119
1575	146
1576	146
1577	104
1578	173
1579	137
1580	120
1581	124
1582	184
1583	142
1584	155
1585	146
1586	143
1587	202
1588	171
1589	215
1590	220
1591	239
1592	159
1593	160
1594	134
1595	149
1596	123
1597	152
1598	160
1599	123
1600	157
1601	93
1602	163
1603	159
1604	141
1605	108
1606	99
1607	161
1608	161
1609	170
1610	142
1611	145
1612	133
1613	173
1614	123
1615	164
1616	159
1617	165
1618	179
1619	91
1620	146
1621	139
1622	141
1623	150
1624	181
1625	139
1626	132
1627	152
1628	164
1629	138
1630	128
1631	153
1632	144
1633	168
1634	205
1635	124
1636	156
1637	146
1638	187
1639	142
1640	223
1641	174
1642	250
1643	249
1644	187
1645	144
1646	216
1647	169
1648	95
1649	182
1650	123
1651	187
1652	125
1653	144
1654	180
1655	239
1656	245
1657	175
1658	242
1659	181
1660	193
1661	124
1662	143
1663	153
1664	171
1665	133
1666	173
1667	169
1668	136
1669	149
1670	152
1671	163
1672	177
1673	129
1674	156
1675	116
1676	133
1677	172
1678	123
1679	147
1680	185
1681	223
1682	232
1683	199
1684	134
1685	214
1686	148
1687	173
1688	140
1689	123
1690	168
1691	183
1692	174
1693	163
1694	190
1695	163
1696	149
1697	137
1698	180
1699	142
1700	127
1701	186
1702	134
1703	166
1704	114
1705	156
1706	177
1707	263
1708	213
1709	157
1710	154
1711	183
1712	198
1713	184
1714	161
1715	176
1716	176
1717	163
1718	154
1719	178
1720	148
1721	156
1722	163
1723	159
1724	177
1725	219
1726	192
1727	138
1728	140
1729	120
1730	148
1731	165
1732	157
1733	147
1734	130
1735	223
1736	153
1737	179
1738	209
1739	217
1740	184
1741	175
1742	168
1743	103
1744	175
1745	138
1746	209
1747	154
1748	172
1749	182
1750	202
1751	157
1752	167
1753	152
1754	216
1755	274
1756	175
1757	199
1758	157
1759	222
1760	183
1761	164
1762	179
1763	152
1764	210
1765	184
1766	191
1767	165
1768	129
1769	190
1770	148
1771	202
1772	200
1773	249
1774	227
1775	122
1776	186
1777	132
1778	216
1779	193
1780	146
1781	160
1782	169
1783	249
1784	203
1785	221
1786	140
1787	195
1788	152
1789	181
1790	171
1791	154
1792	261
1793	222
1794	151
1795	178
1796	203
1797	149
1798	229
1799	162
1800	187
1801	123
1802	201
1803	201
1804	146
1805	176
1806	198
1807	168
1808	126
1809	157
1810	126
1811	163
1812	135
1813	201
1814	162
1815	200
1816	174
1817	166
1818	147
1819	163
1820	189
1821	167
1822	228
1823	195
1824	176
1825	293
1826	218
1827	217
1828	165
1829	217
1830	196
1831	179
1832	172
1833	204
1834	169
1835	225
1836	296
1837	237
1838	208
1839	213
1840	182
1841	197
1842	252
1843	252
1844	394
1845	409
1846	177
1847	166
1848	187
1849	164
1850	261
1851	157
1852	147
1853	164
1854	164
1855	159
1856	193
1857	181
1858	211
1859	196
1860	204
1861	170
1862	221
1863	143
1864	143
1865	137
1866	118
1867	200
1868	201
1869	255
1870	211
1871	222
1872	208
1873	158
1874	175
1875	169
1876	152
1877	147
1878	149
1879	183
1880	195
1881	185
1882	202
1883	200
1884	216
1885	257
1886	149
1887	218
1888	262
1889	182
1890	140
1891	195
1892	240
1893	225
1894	318
1895	181
1896	183
1897	199
1898	220
1899	188
1900	217
1901	182
1902	191
1903	425
1904	328
1905	179
1906	213
1907	202
1908	163
1909	171
1910	166
1911	146
1912	160
1913	169
1914	193
1915	203
1916	251
1917	191
1918	182
1919	193
1920	312
1921	196
1922	198
1923	218
1924	212
1925	264
1926	219
1927	226
1928	400
1929	393
1930	287
1931	180
1932	173
1933	187
1934	143
1935	211
1936	178
1937	201
1938	206
1939	251
1940	259
1941	191
1942	201
1943	203
1944	342
1945	269
1946	197
1947	232
1948	188
1949	188
1950	238
1951	243
1952	576
1953	444
1954	209
1955	258
1956	340
1957	237
1958	285
1959	443
1960	245
1961	227
1962	184
1963	255
1964	272
1965	250
1966	229
1967	182
1968	167
1969	246
1970	313
1971	190
1972	272
1973	244
1974	193
1975	251
1976	293
1977	171
1978	204
1979	279
1980	393
1981	264
1982	200
1983	140
1984	178
1985	170
1986	210
1987	179
1988	237
1989	167
1990	187
1991	178
1992	188
1993	188
1994	178
1995	145
1996	209
1997	191
1998	270
1999	203
2000	194
2001	203
2002	195
2003	245
2004	275
2005	245
2006	204
2007	234
2008	270
2009	224
2010	177
2011	177
2012	235
2013	185
2014	176
2015	231
2016	215
2017	173
2018	169
2019	226
2020	178
2021	203
2022	257
2023	139
2024	160
2025	152
2026	137
2027	171
2028	156
2029	158
2030	144
2031	146
2032	145
2033	144
2034	153
2035	120
2036	120
2037	147
2038	158
2039	128
2040	113
2041	136
2042	167
2043	202
2044	215
2045	145
2046	196
2047	157
