Instrument: Andor
X Size: 2048
Y Size: 64
Total Flux: 0.000
Total Counts: 316579
Background: 315.000000
Curvature: 0.0
Clipped to ROI: No
ROI: 1309 526 2539 1627
X	Counts
0	82
1	111
2	109
3	81
4	108
5	105
6	87
7	56
8	81
9	98
10	125
11	71
12	121
13	97
14	101
15	106
16	43
17	79
18	71
19	72
20	77
21	101
22	97
23	65
24	95
25	74
26	101
27	76
28	93
29	93
30	92
31	95
32	64
33	94
34	81
35	83
36	69
37	74
38	101
39	72
40	67
41	59
42	100
43	83
44	99
45	66
46	74
47	67
48	91
49	72
50	53
51	93
52	64
53	78
54	110
55	84
56	71
57	100
58	128
59	88
60	104
61	87
62	79
63	72
64	87
65	94
66	79
67	93
68	82
69	96
70	86
71	97
72	81
73	76
74	128
75	118
76	77
77	83
78	108
79	98
80	101
81	99
82	103
83	115
84	116
85	92
86	71
87	71
88	67
89	78
90	121
91	95
92	71
93	95
94	70
95	58
96	101
97	56
98	136
99	71
100	83
101	87
102	90
103	86
104	83
105	83
106	110
107	66
108	111
109	97
110	55
111	72
112	67
113	92
114	79
115	111
116	111
117	62
118	103
119	95
120	79
121	68
122	76
123	103
124	85
125	62
126	53
127	73
128	85
129	100
130	105
131	89
132	70
133	119
134	97
135	91
136	89
137	65
138	92
139	75
140	79
141	107
142	86
143	92
144	71
145	102
146	90
147	101
148	89
149	50
150	97
151	116
152	95
153	96
154	100
155	94
156	106
157	71
158	88
159	91
160	70
161	98
162	122
163	73
164	79
165	84
166	103
167	100
168	94
169	112
170	226
171	310
172	109
173	85
174	76
175	96
176	78
177	137
178	149
179	139
180	94
181	73
182	83
183	82
184	103
185	108
186	69
187	126
188	105
189	109
190	77
191	93
192	87
193	83
194	117
195	61
196	71
197	58
198	80
199	86
200	122
201	74
202	78
203	71
204	81
205	102
206	119
207	82
208	102
209	77
210	80
211	79
212	57
213	79
214	76
215	97
216	83
217	69
218	45
219	50
220	80
221	84
222	71
223	73
224	71
225	84
226	58
227	76
228	82
229	79
230	114
231	85
232	88
233	98
234	84
235	107
236	47
237	105
238	80
239	74
240	73
241	65
242	103
243	73
244	98
245	95
246	87
247	98
248	95
249	88
250	69
251	60
252	69
253	76
254	47
255	98
256	91
257	95
258	121
259	85
260	82
261	86
262	84
263	102
264	73
265	49
266	63
267	86
268	99
269	76
270	93
271	102
272	83
273	91
274	39
275	83
276	60
277	62
278	80
279	82
280	88
281	90
282	107
283	74
284	72
285	113
286	78
287	122
288	67
289	84
290	63
291	69
292	111
293	104
294	92
295	84
296	68
297	91
298	76
299	98
300	104
301	92
302	72
303	87
304	56
305	79
306	79
307	58
308	65
309	102
310	60
311	77
312	61
313	105
314	111
315	130
316	133
317	78
318	103
319	66
320	109
321	68
322	124
323	141
324	92
325	98
326	70
327	89
328	103
329	92
330	74
331	89
332	81
333	95
334	118
335	104
336	88
337	68
338	100
339	99
340	144
341	76
342	76
343	95
344	91
345	87
346	130
347	53
348	84
349	84
350	129
351	87
352	56
353	103
354	123
355	103
356	103
357	82
358	63
359	102
360	77
361	121
362	94
363	78
364	66
365	75
366	99
367	94
368	78
369	86
370	60
371	75
372	70
373	99
374	94
375	76
376	59
377	125
378	83
379	127
380	85
381	96
382	63
383	93
384	99
385	82
386	73
387	65
388	86
389	76
390	84
391	109
392	65
393	84
394	74
395	96
396	73
397	94
398	119
399	100
400	67
401	100
402	86
403	101
404	91
405	68
406	74
407	111
408	120
409	45
410	75
411	98
412	118
413	76
414	79
415	81
416	129
417	89
418	61
419	110
420	103
421	91
422	67
423	103
424	91
425	85
426	94
427	113
428	122
429	125
430	181
431	109
432	109
433	89
434	99
435	109
436	75
437	81
438	118
439	98
440	75
441	77
442	84
443	51
444	107
445	96
446	89
447	133
448	134
449	146
450	101
451	140
452	98
453	69
454	73
455	115
456	92
457	105
458	199
459	131
460	123
461	75
462	105
463	80
464	87
465	93
466	120
467	116
468	83
469	94
470	93
471	102
472	116
473	82
474	83
475	110
476	94
477	147
478	106
479	91
480	70
481	130
482	94
483	79
484	97
485	96
486	86
487	98
488	62
489	99
490	71
491	96
492	77
493	76
494	63
495	81
496	84
497	74
498	97
499	108
500	97
501	91
502	71
503	85
504	85
505	82
506	79
507	63
508	102
509	87
510	63
511	155
512	74
513	117
514	94
515	120
516	73
517	121
518	133
519	113
520	116
521	55
522	87
523	78
524	66
525	99
526	104
527	102
528	69
529	55
530	59
531	91
532	106
533	104
534	95
535	129
536	86
537	103
538	67
539	71
540	79
541	73
542	102
543	100
544	67
545	87
546	84
547	115
548	79
549	104
550	108
551	88
552	125
553	91
554	97
555	82
556	114
557	109
558	61
559	99
560	98
561	93
562	107
563	75
564	108
565	76
566	87
567	84
568	95
569	91
570	137
571	103
572	116
573	74
574	105
575	98
576	43
577	85
578	105
579	47
580	141
581	74
582	100
583	109
584	65
585	79
586	87
587	121
588	91
589	57
590	66
591	79
592	84
593	120
594	92
595	75
596	97
597	93
598	89
599	97
600	120
601	95
602	127
603	82
604	114
605	115
606	79
607	104
608	99
609	80
610	109
611	183
612	180
613	111
614	142
615	71
616	155
617	168
618	128
619	128
620	176
621	164
622	131
623	110
624	136
625	108
626	72
627	73
628	98
629	194
630	168
631	205
632	83
633	109
634	102
635	89
636	93
637	82
638	75
639	108
640	85
641	118
642	124
643	144
644	128
645	136
646	65
647	92
648	99
649	118
650	125
651	90
652	78
653	102
654	86
655	121
656	84
657	151
658	103
659	152
660	134
661	81
662	165
663	172
664	77
665	99
666	95
667	80
668	70
669	99
670	83
671	92
672	80
673	117
674	97
675	97
676	82
677	163
678	149
679	82
680	85
681	112
682	94
683	102
684	95
685	74
686	108
687	91
688	121
689	85
690	111
691	87
692	71
693	76
694	118
695	123
696	151
697	107
698	112
699	82
700	113
701	97
702	108
703	96
704	85
705	128
706	114
707	123
708	105
709	132
710	67
711	85
712	93
713	92
714	116
715	91
716	115
717	106
718	106
719	98
720	99
721	104
722	108
723	86
724	102
725	125
726	90
727	95
728	124
729	120
730	77
731	84
732	100
733	87
734	102
735	83
736	93
737	89
738	119
739	136
740	95
741	133
742	157
743	104
744	129
745	91
746	117
747	117
748	135
749	102
750	104
751	73
752	112
753	77
754	94
755	125
756	101
757	149
758	99
759	90
760	88
761	139
762	113
763	97
764	109
765	104
766	84
767	126
768	93
769	99
770	119
771	175
772	126
773	121
774	173
775	89
776	127
777	133
778	92
779	112
780	170
781	133
782	98
783	84
784	100
785	84
786	151
787	89
788	94
789	90
790	111
791	143
792	84
793	79
794	89
795	121
796	141
797	107
798	59
799	81
800	133
801	130
802	110
803	111
804	115
805	100
806	103
807	86
808	84
809	98
810	116
811	78
812	82
813	110
814	126
815	147
816	103
817	99
818	99
819	151
820	105
821	105
822	102
823	134
824	111
825	97
826	116
827	76
828	103
829	138
830	122
831	117
832	95
833	164
834	78
835	134
836	135
837	135
838	135
839	149
840	106
841	103
842	121
843	80
844	152
845	99
846	131
847	140
848	81
849	117
850	129
851	123
852	122
853	107
854	161
855	119
856	140
857	122
858	119
859	79
860	89
861	126
862	104
863	151
864	73
865	139
866	169
867	94
868	95
869	118
870	154
871	244
872	166
873	73
874	113
875	105
876	119
877	139
878	142
879	94
880	109
881	112
882	115
883	113
884	107
885	92
886	116
887	138
888	110
889	121
890	182
891	127
892	128
893	111
894	147
895	124
896	89
897	105
898	121
899	93
900	138
901	105
902	112
903	122
904	157
905	142
906	115
907	108
908	131
909	161
910	131
911	143
912	99
913	106
914	88
915	126
916	109
917	134
918	101
919	80
920	135
921	125
922	117
923	89
924	102
925	153
926	126
927	83
928	127
929	117
930	97
931	94
932	113
933	167
934	196
935	154
936	117
937	177
938	130
939	99
940	115
941	110
942	102
943	166
944	91
945	133
946	136
947	143
948	97
949	122
950	104
951	121
952	119
953	156
954	102
955	128
956	103
957	132
958	128
959	123
960	147
961	183
962	129
963	107
964	149
965	59
966	131
967	128
968	115
969	149
970	147
971	129
972	93
973	98
974	136
975	131
976	143
977	170
978	124
979	122
980	118
981	133
982	157
983	149
984	165
985	211
986	252
987	148
988	73
989	198
990	153
991	158
992	116
993	119
994	142
995	140
996	215
997	134
998	145
999	111
1000	103
1001	98
1002	164
1003	110
1004	107
1005	132
1006	107
1007	126
1008	170
1009	133
1010	101
1011	143
1012	149
1013	172
1014	205
1015	96
1016	120
1017	111
1018	144
1019	163
1020	151
1021	114
1022	127
1023	136
1024	125
1025	123
1026	143
1027	152
1028	84
1029	139
1030	136
1031	120
1032	115
1033	147
1034	107
1035	171
1036	102
1037	193
1038	131
1039	104
1040	143
1041	101
1042	114
1043	118
1044	148
1045	140
1046	136
1047	105
1048	147
1049	130
1050	131
1051	130
1052	136
1053	91
1054	145
1055	126
1056	169
1057	145
1058	140
1059	100
1060	99
1061	113
1062	176
1063	121
1064	125
1065	141
1066	115
1067	140
1068	146
1069	126
1070	196
1071	210
1072	154
1073	123
1074	215
1075	149
1076	156
1077	127
1078	87
1079	150
1080	98
1081	165
1082	194
1083	132
1084	140
1085	113
1086	180
1087	80
1088	154
1089	123
1090	133
1091	142
1092	180
1093	155
1094	107
1095	144
1096	105
1097	197
1098	154
1099	148
1100	169
1101	243
1102	215
1103	142
1104	137
1105	147
1106	171
1107	183
1108	113
1109	169
1110	118
1111	152
1112	120
1113	108
1114	188
1115	142
1116	128
1117	176
1118	137
1119	81
1120	94
1121	119
1122	139
1123	178
1124	352
1125	153
1126	159
1127	185
1128	176
1129	185
1130	197
1131	150
1132	136
1133	143
1134	219
1135	530
1136	365
1137	144
1138	212
1139	209
1140	199
1141	133
1142	112
1143	167
1144	228
1145	309
1146	196
1147	146
1148	314
1149	602
1150	475
1151	720
1152	649
1153	294
1154	282
1155	559
1156	775
1157	1105
1158	1134
1159	1167
1160	1707
1161	1392
1162	721
1163	783
1164	541
1165	500
1166	377
1167	305
1168	366
1169	485
1170	246
1171	166
1172	181
1173	195
1174	384
1175	451
1176	314
1177	180
1178	185
1179	265
1180	360
1181	477
1182	346
1183	219
1184	183
1185	288
1186	380
1187	454
1188	477
1189	466
1190	385
1191	244
1192	229
1193	221
1194	335
1195	391
1196	556
1197	511
1198	466
1199	391
1200	308
1201	217
1202	285
1203	443
1204	412
1205	307
1206	656
1207	795
1208	602
1209	486
1210	614
1211	299
1212	638
1213	682
1214	703
1215	623
1216	711
1217	839
1218	632
1219	756
1220	691
1221	709
1222	703
1223	651
1224	821
1225	600
1226	832
1227	704
1228	634
1229	296
1230	368
1231	430
1232	550
1233	421
1234	616
1235	610
1236	553
1237	390
1238	425
1239	539
1240	547
1241	345
1242	417
1243	360
1244	278
1245	344
1246	218
1247	189
1248	346
1249	354
1250	202
1251	213
1252	212
1253	274
1254	521
1255	386
1256	326
1257	383
1258	378
1259	514
1260	278
1261	161
1262	179
1263	157
1264	266
1265	367
1266	422
1267	367
1268	227
1269	207
1270	257
1271	215
1272	160
1273	239
1274	175
1275	271
1276	203
1277	163
1278	172
1279	177
1280	168
1281	182
1282	220
1283	160
1284	111
1285	164
1286	162
1287	164
1288	143
1289	183
1290	269
1291	280
1292	204
1293	189
1294	224
1295	187
1296	130
1297	199
1298	234
1299	166
1300	154
1301	101
1302	130
1303	150
1304	133
1305	132
1306	152
1307	207
1308	124
1309	162
1310	139
1311	202
1312	184
1313	193
1314	196
1315	203
1316	308
1317	218
1318	132
1319	200
1320	214
1321	263
1322	272
1323	187
1324	184
1325	187
1326	129
1327	143
1328	173
1329	119
1330	134
1331	137
1332	207
1333	203
1334	144
1335	152
1336	270
1337	181
1338	142
1339	140
1340	233
1341	175
1342	188
1343	185
1344	169
1345	171
1346	135
1347	110
1348	169
1349	115
1350	192
1351	134
1352	133
1353	141
1354	162
1355	160
1356	122
1357	154
1358	113
1359	159
1360	121
1361	141
1362	172
1363	103
1364	179
1365	149
1366	137
1367	118
1368	191
1369	122
1370	125
1371	141
1372	135
1373	147
1374	141
1375	165
1376	121
1377	144
1378	144
1379	122
1380	96
1381	174
1382	173
1383	201
1384	133
1385	182
1386	136
1387	100
1388	87
1389	135
1390	99
1391	126
1392	121
1393	133
1394	127
1395	143
1396	137
1397	163
1398	132
1399	128
1400	104
1401	142
1402	191
1403	171
1404	138
1405	159
1406	164
1407	152
1408	96
1409	152
1410	167
1411	100
1412	110
1413	149
1414	160
1415	161
1416	126
1417	124
1418	176
1419	180
1420	142
1421	154
1422	115
1423	154
1424	167
1425	167
1426	170
1427	154
1428	147
1429	193
1430	136
1431	199
1432	143
1433	130
1434	164
1435	179
1436	150
1437	128
1438	169
1439	118
1440	152
1441	169
1442	124
1443	103
1444	171
1445	119
1446	171
1447	161
1448	171
1449	123
1450	164
1451	153
1452	116
1453	131
1454	131
1455	166
1456	133
1457	131
1458	135
1459	152
1460	151
1461	168
1462	148
1463	137
1464	163
1465	142
1466	114
1467	177
1468	172
1469	165
1470	140
1471	174
1472	151
1473	147
1474	202
1475	126
1476	199
1477	100
1478	183
1479	136
1480	124
1481	167
1482	154
1483	120
1484	164
1485	141
1486	179
1487	152
1488	137
1489	130
1490	171
1491	207
1492	110
1493	201
1494	120
1495	156
1496	124
1497	198
1498	141
1499	149
1500	189
1501	161
1502	188
1503	131
1504	165
1505	137
1506	131
1507	175
1508	162
1509	161
1510	199
1511	149
1512	164
1513	147
1514	140
1515	168
1516	171
1517	176
1518	142
1519	146
1520	147
1521	142
1522	126
1523	135
1524	134
1525	142
1526	177
1527	138
1528	129
1529	145
1530	165
1531	151
1532	179
1533	135
1534	125
1535	161
1536	183
1537	152
1538	140
1539	121
1540	153
1541	147
1542	161
1543	200
1544	133
1545	134
1546	129
1547	194
1548	139
1549	134
1550	172
1551	144
1552	106
1553	138
1554	163
1555	136
1556	160
1557	178
1558	207
1559	144
1560	182
1561	109
1562	154
1563	143
1564	161
1565	126
1566	151
1567	146
1568	176
1569	167
1570	170
1571	192
1572	174
1573	139
1574	141
1575	138
1576	131
1577	147
1578	201
1579	130
1580	147
1581	157
1582	209
1583	142
1584	126
1585	161
1586	157
1587	197
1588	133
1589	195
1590	97
1591	185
1592	201
1593	161
1594	181
1595	189
1596	139
1597	171
1598	161
1599	174
1600	138
1601	158
1602	135
1603	157
1604	186
1605	150
1606	142
1607	187
1608	131
1609	187
1610	164
1611	157
1612	146
1613	150
1614	150
1615	148
1616	140
1617	158
1618	198
1619	163
1620	172
1621	137
1622	125
1623	199
1624	192
1625	143
1626	135
1627	202
1628	178
1629	173
1630	266
1631	154
1632	158
1633	147
1634	197
1635	148
1636	115
1637	146
1638	170
1639	187
1640	177
1641	216
1642	149
1643	230
1644	92
1645	151
1646	183
1647	176
1648	159
1649	194
1650	110
1651	160
1652	134
1653	156
1654	144
1655	172
1656	187
1657	152
1658	204
1659	194
1660	167
1661	167
1662	159
1663	165
1664	186
1665	147
1666	136
1667	207
1668	165
1669	179
1670	132
1671	184
1672	157
1673	141
1674	129
1675	121
1676	155
1677	177
1678	100
1679	198
1680	192
1681	191
1682	166
1683	177
1684	207
1685	175
1686	144
1687	164
1688	151
1689	198
1690	163
1691	181
1692	147
1693	162
1694	210
1695	196
1696	148
1697	122
1698	193
1699	165
1700	182
1701	153
1702	170
1703	185
1704	115
1705	158
1706	166
1707	211
1708	166
1709	170
1710	212
1711	192
1712	192
1713	178
1714	165
1715	136
1716	149
1717	157
1718	211
1719	182
1720	198
1721	180
1722	146
1723	188
1724	84
1725	155
1726	214
1727	172
1728	189
1729	152
1730	150
1731	166
1732	156
1733	186
1734	191
1735	152
1736	189
1737	158
1738	188
1739	165
1740	223
1741	190
1742	232
1743	199
1744	185
1745	160
1746	189
1747	183
1748	212
1749	210
1750	216
1751	227
1752	152
1753	203
1754	237
1755	211
1756	138
1757	159
1758	227
1759	191
1760	246
1761	171
1762	218
1763	175
1764	165
1765	144
1766	166
1767	197
1768	195
1769	191
1770	146
1771	205
1772	161
1773	216
1774	223
1775	201
1776	212
1777	133
1778	197
1779	192
1780	158
1781	154
1782	218
1783	152
1784	170
1785	193
1786	205
1787	155
1788	144
1789	204
1790	206
1791	229
1792	186
1793	149
1794	152
1795	196
1796	164
1797	157
1798	214
1799	173
1800	162
1801	141
1802	186
1803	195
1804	143
1805	203
1806	208
1807	170
1808	166
1809	214
1810	107
1811	177
1812	172
1813	176
1814	179
1815	257
1816	173
1817	167
1818	205
1819	228
1820	216
1821	197
1822	234
1823	231
1824	157
1825	188
1826	204
1827	178
1828	181
1829	229
1830	149
1831	184
1832	162
1833	225
1834	141
1835	167
1836	176
1837	151
1838	253
1839	257
1840	190
1841	248
1842	287
1843	229
1844	214
1845	171
1846	145
1847	237
1848	160
1849	166
1850	203
1851	197
1852	155
1853	164
1854	235
1855	170
1856	258
1857	190
1858	250
1859	308
1860	250
1861	155
1862	139
1863	154
1864	174
1865	139
1866	159
1867	134
1868	178
1869	258
1870	187
1871	249
1872	241
1873	251
1874	150
1875	200
1876	186
1877	169
1878	210
1879	169
1880	191
1881	171
1882	217
1883	173
1884	172
1885	145
1886	178
1887	204
1888	261
1889	245
1890	224
1891	191
1892	191
1893	172
1894	249
1895	167
1896	282
1897	167
1898	282
1899	230
1900	225
1901	202
1902	162
1903	221
1904	207
1905	196
1906	239
1907	199
1908	167
1909	255
1910	180
1911	153
1912	207
1913	137
1914	294
1915	194
1916	200
1917	214
1918	225
1919	243
1920	238
1921	203
1922	192
1923	159
1924	182
1925	254
1926	178
1927	197
1928	205
1929	222
1930	219
1931	179
1932	199
1933	139
1934	205
1935	274
1936	226
1937	198
1938	213
1939	321
1940	298
1941	242
1942	157
1943	177
1944	165
1945	219
1946	204
1947	179
1948	217
1949	197
1950	230
1951	217
1952	193
1953	210
1954	255
1955	220
1956	240
1957	159
1958	169
1959	195
1960	290
1961	310
1962	271
1963	187
1964	224
1965	223
1966	189
1967	164
1968	152
1969	232
1970	303
1971	168
1972	241
1973	203
1974	179
1975	261
1976	223
1977	224
1978	170
1979	205
1980	249
1981	169
1982	207
1983	138
1984	150
1985	180
1986	226
1987	166
1988	247
1989	230
1990	213
1991	293
1992	254
1993	203
1994	225
1995	153
1996	181
1997	218
1998	210
1999	229
2000	257
2001	232
2002	176
2003	216
2004	250
2005	220
2006	170
2007	156
2008	245
2009	255
2010	207
2011	257
2012	257
2013	204
2014	170
2015	227
2016	226
2017	172
2018	194
2019	206
2020	230
2021	273
2022	255
2023	199
2024	254
2025	179
2026	139
2027	155
2028	180
2029	155
2030	210
2031	115
2032	119
2033	152
2034	163
2035	184
2036	147
2037	180
2038	222
2039	254
2040	174
2041	157
2042	128
2043	146
2044	246
2045	198
2046	166
2047	93
