Instrument: Andor
X Size: 2048
Y Size: 64
Total Flux: 0.000
Total Counts: 329780
Background: 315.000000
Curvature: 0.0
Clipped to ROI: No
ROI: 1309 526 2539 1627
X	Counts
0	67
1	68
2	92
3	62
4	58
5	90
6	99
7	100
8	61
9	83
10	87
11	80
12	88
13	67
14	76
15	68
16	78
17	80
18	85
19	67
20	69
21	77
22	57
23	103
24	53
25	64
26	41
27	58
28	56
29	77
30	82
31	76
32	75
33	84
34	91
35	47
36	55
37	108
38	71
39	63
40	91
41	59
42	66
43	70
44	68
45	64
46	56
47	74
48	89
49	72
50	85
51	57
52	77
53	97
54	37
55	101
56	62
57	61
58	92
59	67
60	97
61	64
62	94
63	95
64	120
65	75
66	77
67	91
68	98
69	69
70	105
71	81
72	65
73	110
74	40
75	83
76	90
77	88
78	98
79	91
80	90
81	108
82	67
83	97
84	60
85	65
86	65
87	64
88	80
89	89
90	87
91	82
92	82
93	90
94	57
95	81
96	65
97	80
98	75
99	56
100	128
101	65
102	60
103	110
104	92
105	77
106	65
107	61
108	52
109	77
110	77
111	75
112	55
113	90
114	70
115	154
116	121
117	101
118	89
119	87
120	74
121	86
122	110
123	77
124	95
125	75
126	63
127	97
128	96
129	89
130	74
131	85
132	69
133	72
134	75
135	83
136	90
137	86
138	74
139	108
140	89
141	110
142	93
143	131
144	113
145	100
146	129
147	99
148	76
149	66
150	85
151	105
152	90
153	81
154	66
155	83
156	104
157	150
158	122
159	90
160	78
161	88
162	78
163	67
164	92
165	128
166	95
167	111
168	72
169	100
170	87
171	62
172	80
173	140
174	174
175	135
176	93
177	85
178	83
179	70
180	92
181	90
182	74
183	105
184	76
185	74
186	63
187	112
188	87
189	94
190	83
191	93
192	107
193	106
194	57
195	103
196	157
197	121
198	68
199	74
200	110
201	69
202	78
203	98
204	114
205	93
206	90
207	56
208	82
209	74
210	52
211	81
212	75
213	53
214	72
215	87
216	158
217	86
218	62
219	73
220	102
221	75
222	56
223	86
224	62
225	97
226	85
227	126
228	129
229	76
230	96
231	77
232	67
233	91
234	43
235	71
236	82
237	61
238	69
239	104
240	64
241	70
242	106
243	65
244	92
245	56
246	98
247	81
248	70
249	96
250	87
251	57
252	72
253	77
254	110
255	70
256	92
257	89
258	92
259	68
260	73
261	57
262	56
263	70
264	55
265	32
266	88
267	103
268	59
269	88
270	59
271	98
272	103
273	91
274	124
275	77
276	68
277	105
278	148
279	388
280	114
281	63
282	115
283	90
284	76
285	79
286	56
287	120
288	89
289	113
290	133
291	123
292	97
293	91
294	100
295	62
296	83
297	64
298	108
299	57
300	87
301	77
302	68
303	106
304	86
305	97
306	81
307	75
308	67
309	83
310	105
311	135
312	102
313	137
314	132
315	281
316	184
317	119
318	81
319	63
320	93
321	62
322	73
323	100
324	54
325	116
326	70
327	75
328	103
329	102
330	120
331	52
332	108
333	101
334	98
335	75
336	65
337	69
338	113
339	94
340	83
341	73
342	53
343	91
344	107
345	148
346	158
347	81
348	66
349	78
350	76
351	64
352	100
353	114
354	87
355	81
356	65
357	93
358	78
359	113
360	108
361	76
362	109
363	65
364	91
365	167
366	113
367	80
368	129
369	70
370	76
371	61
372	57
373	59
374	82
375	55
376	114
377	95
378	72
379	66
380	74
381	96
382	109
383	196
384	251
385	162
386	100
387	75
388	67
389	96
390	66
391	81
392	98
393	87
394	68
395	61
396	84
397	62
398	104
399	82
400	81
401	84
402	95
403	108
404	85
405	84
406	99
407	118
408	95
409	69
410	90
411	110
412	97
413	52
414	103
415	55
416	66
417	64
418	116
419	75
420	95
421	180
422	103
423	48
424	88
425	57
426	81
427	107
428	85
429	91
430	91
431	103
432	89
433	82
434	88
435	93
436	77
437	94
438	108
439	53
440	76
441	98
442	97
443	120
444	135
445	65
446	83
447	85
448	88
449	84
450	85
451	59
452	101
453	64
454	92
455	76
456	96
457	105
458	109
459	101
460	105
461	63
462	100
463	93
464	99
465	76
466	87
467	130
468	98
469	78
470	94
471	58
472	54
473	40
474	80
475	142
476	61
477	72
478	144
479	75
480	86
481	119
482	82
483	113
484	113
485	103
486	100
487	74
488	92
489	93
490	104
491	95
492	94
493	106
494	116
495	55
496	129
497	70
498	92
499	92
500	86
501	86
502	108
503	48
504	86
505	87
506	67
507	77
508	100
509	90
510	87
511	120
512	91
513	118
514	148
515	157
516	72
517	124
518	66
519	115
520	76
521	82
522	104
523	101
524	112
525	120
526	124
527	104
528	115
529	92
530	59
531	54
532	99
533	99
534	139
535	104
536	86
537	77
538	109
539	101
540	86
541	140
542	246
543	100
544	93
545	89
546	108
547	64
548	95
549	94
550	92
551	63
552	99
553	98
554	83
555	76
556	88
557	91
558	77
559	83
560	95
561	136
562	89
563	105
564	108
565	98
566	106
567	105
568	93
569	110
570	89
571	100
572	117
573	107
574	88
575	104
576	88
577	116
578	64
579	103
580	87
581	102
582	82
583	91
584	68
585	97
586	91
587	108
588	98
589	59
590	76
591	74
592	77
593	81
594	91
595	92
596	78
597	117
598	48
599	74
600	61
601	81
602	111
603	72
604	104
605	86
606	95
607	94
608	105
609	74
610	110
611	98
612	68
613	74
614	140
615	46
616	88
617	115
618	139
619	301
620	336
621	392
622	401
623	311
624	114
625	102
626	123
627	230
628	281
629	201
630	195
631	549
632	355
633	87
634	91
635	94
636	79
637	82
638	112
639	259
640	173
641	167
642	100
643	110
644	127
645	283
646	260
647	120
648	98
649	102
650	94
651	117
652	188
653	125
654	167
655	64
656	130
657	159
658	99
659	111
660	61
661	70
662	99
663	89
664	143
665	67
666	85
667	69
668	90
669	87
670	123
671	166
672	79
673	111
674	153
675	73
676	91
677	100
678	89
679	65
680	104
681	126
682	169
683	173
684	105
685	100
686	82
687	116
688	118
689	88
690	98
691	76
692	80
693	63
694	84
695	85
696	96
697	110
698	104
699	132
700	139
701	184
702	200
703	70
704	124
705	100
706	94
707	179
708	134
709	108
710	109
711	103
712	113
713	98
714	72
715	104
716	61
717	141
718	113
719	112
720	81
721	86
722	126
723	80
724	100
725	87
726	142
727	84
728	76
729	123
730	125
731	123
732	92
733	113
734	104
735	49
736	102
737	94
738	92
739	117
740	106
741	123
742	125
743	102
744	118
745	125
746	119
747	64
748	121
749	74
750	89
751	78
752	123
753	98
754	109
755	128
756	75
757	91
758	81
759	96
760	102
761	87
762	103
763	114
764	110
765	92
766	109
767	82
768	114
769	106
770	106
771	150
772	186
773	203
774	118
775	129
776	120
777	175
778	201
779	182
780	181
781	153
782	107
783	106
784	106
785	72
786	132
787	124
788	161
789	91
790	125
791	108
792	64
793	103
794	110
795	86
796	66
797	89
798	78
799	78
800	114
801	74
802	85
803	101
804	77
805	111
806	121
807	92
808	84
809	84
810	78
811	105
812	139
813	108
814	172
815	133
816	80
817	97
818	110
819	110
820	96
821	87
822	113
823	107
824	74
825	106
826	102
827	107
828	74
829	108
830	131
831	122
832	83
833	131
834	102
835	125
836	111
837	85
838	142
839	113
840	111
841	115
842	136
843	149
844	139
845	166
846	141
847	105
848	88
849	76
850	104
851	135
852	116
853	94
854	99
855	73
856	77
857	132
858	105
859	101
860	118
861	131
862	127
863	109
864	124
865	115
866	140
867	144
868	88
869	127
870	130
871	128
872	150
873	79
874	133
875	112
876	125
877	145
878	90
879	128
880	162
881	112
882	87
883	108
884	145
885	112
886	95
887	106
888	147
889	123
890	122
891	116
892	159
893	132
894	117
895	118
896	99
897	139
898	92
899	110
900	108
901	93
902	130
903	133
904	101
905	108
906	115
907	87
908	190
909	186
910	92
911	129
912	124
913	140
914	127
915	138
916	109
917	96
918	176
919	96
920	112
921	109
922	127
923	88
924	106
925	121
926	76
927	102
928	100
929	99
930	97
931	95
932	146
933	119
934	124
935	117
936	118
937	132
938	84
939	146
940	121
941	156
942	181
943	161
944	159
945	122
946	119
947	100
948	85
949	122
950	126
951	217
952	103
953	156
954	120
955	106
956	143
957	99
958	113
959	141
960	100
961	131
962	116
963	106
964	150
965	108
966	99
967	146
968	117
969	135
970	94
971	87
972	115
973	87
974	111
975	108
976	128
977	97
978	111
979	137
980	229
981	85
982	81
983	134
984	116
985	107
986	124
987	90
988	71
989	184
990	113
991	147
992	151
993	123
994	120
995	110
996	221
997	377
998	150
999	129
1000	162
1001	162
1002	80
1003	114
1004	112
1005	108
1006	139
1007	124
1008	108
1009	95
1010	107
1011	97
1012	107
1013	122
1014	119
1015	102
1016	96
1017	126
1018	119
1019	106
1020	155
1021	114
1022	127
1023	134
1024	192
1025	94
1026	142
1027	161
1028	158
1029	105
1030	111
1031	161
1032	88
1033	124
1034	72
1035	124
1036	76
1037	98
1038	131
1039	183
1040	130
1041	100
1042	127
1043	153
1044	94
1045	128
1046	145
1047	150
1048	131
1049	141
1050	121
1051	92
1052	146
1053	131
1054	100
1055	102
1056	151
1057	148
1058	182
1059	231
1060	97
1061	106
1062	165
1063	234
1064	146
1065	133
1066	127
1067	148
1068	126
1069	120
1070	107
1071	108
1072	139
1073	139
1074	169
1075	93
1076	123
1077	103
1078	119
1079	132
1080	106
1081	140
1082	117
1083	122
1084	162
1085	142
1086	142
1087	119
1088	103
1089	92
1090	143
1091	129
1092	103
1093	150
1094	122
1095	150
1096	165
1097	127
1098	133
1099	142
1100	135
1101	203
1102	172
1103	130
1104	188
1105	223
1106	236
1107	150
1108	130
1109	138
1110	149
1111	155
1112	180
1113	110
1114	126
1115	152
1116	171
1117	158
1118	203
1119	107
1120	196
1121	245
1122	206
1123	119
1124	111
1125	138
1126	158
1127	247
1128	231
1129	160
1130	188
1131	244
1132	141
1133	162
1134	176
1135	220
1136	363
1137	735
1138	667
1139	245
1140	351
1141	386
1142	172
1143	151
1144	183
1145	233
1146	309
1147	139
1148	115
1149	193
1150	164
1151	333
1152	221
1153	230
1154	310
1155	440
1156	719
1157	667
1158	409
1159	591
1160	527
1161	752
1162	919
1163	1822
1164	1827
1165	1942
1166	1993
1167	2701
1168	3698
1169	3179
1170	2173
1171	1374
1172	878
1173	451
1174	377
1175	252
1176	427
1177	338
1178	272
1179	174
1180	175
1181	175
1182	400
1183	306
1184	349
1185	286
1186	525
1187	437
1188	257
1189	244
1190	387
1191	421
1192	425
1193	702
1194	388
1195	336
1196	212
1197	286
1198	354
1199	308
1200	485
1201	642
1202	545
1203	563
1204	570
1205	540
1206	377
1207	228
1208	333
1209	485
1210	664
1211	828
1212	770
1213	447
1214	424
1215	698
1216	537
1217	549
1218	546
1219	577
1220	769
1221	620
1222	432
1223	548
1224	846
1225	863
1226	830
1227	570
1228	470
1229	501
1230	524
1231	285
1232	347
1233	474
1234	617
1235	743
1236	741
1237	708
1238	449
1239	403
1240	459
1241	585
1242	918
1243	554
1244	410
1245	435
1246	749
1247	763
1248	389
1249	458
1250	330
1251	282
1252	269
1253	337
1254	528
1255	342
1256	334
1257	315
1258	192
1259	129
1260	140
1261	312
1262	384
1263	312
1264	372
1265	165
1266	231
1267	366
1268	164
1269	213
1270	123
1271	188
1272	270
1273	120
1274	148
1275	157
1276	212
1277	182
1278	165
1279	233
1280	341
1281	269
1282	215
1283	134
1284	213
1285	253
1286	222
1287	225
1288	239
1289	251
1290	226
1291	221
1292	235
1293	185
1294	121
1295	158
1296	239
1297	230
1298	252
1299	202
1300	129
1301	125
1302	159
1303	157
1304	94
1305	114
1306	139
1307	158
1308	233
1309	166
1310	241
1311	190
1312	148
1313	134
1314	176
1315	140
1316	216
1317	294
1318	173
1319	117
1320	141
1321	203
1322	359
1323	162
1324	219
1325	278
1326	200
1327	146
1328	137
1329	101
1330	141
1331	153
1332	180
1333	167
1334	137
1335	122
1336	151
1337	141
1338	178
1339	150
1340	193
1341	135
1342	132
1343	161
1344	108
1345	129
1346	146
1347	153
1348	149
1349	165
1350	152
1351	149
1352	118
1353	209
1354	131
1355	322
1356	339
1357	326
1358	112
1359	152
1360	184
1361	197
1362	125
1363	143
1364	176
1365	205
1366	169
1367	125
1368	134
1369	161
1370	177
1371	164
1372	135
1373	183
1374	134
1375	113
1376	130
1377	135
1378	150
1379	133
1380	165
1381	117
1382	147
1383	129
1384	130
1385	226
1386	200
1387	122
1388	91
1389	126
1390	129
1391	128
1392	143
1393	140
1394	122
1395	147
1396	167
1397	144
1398	135
1399	147
1400	134
1401	141
1402	165
1403	103
1404	146
1405	127
1406	130
1407	128
1408	108
1409	158
1410	142
1411	118
1412	156
1413	120
1414	97
1415	125
1416	111
1417	144
1418	153
1419	184
1420	111
1421	114
1422	106
1423	152
1424	136
1425	129
1426	144
1427	185
1428	139
1429	212
1430	174
1431	210
1432	135
1433	122
1434	95
1435	149
1436	140
1437	158
1438	143
1439	135
1440	137
1441	145
1442	136
1443	144
1444	124
1445	236
1446	224
1447	202
1448	133
1449	125
1450	196
1451	172
1452	99
1453	123
1454	146
1455	209
1456	139
1457	193
1458	139
1459	106
1460	146
1461	166
1462	106
1463	164
1464	165
1465	114
1466	127
1467	201
1468	114
1469	159
1470	118
1471	153
1472	158
1473	169
1474	142
1475	136
1476	215
1477	189
1478	148
1479	128
1480	138
1481	162
1482	165
1483	172
1484	138
1485	108
1486	179
1487	113
1488	136
1489	99
1490	148
1491	207
1492	187
1493	168
1494	110
1495	172
1496	104
1497	179
1498	168
1499	131
1500	129
1501	152
1502	150
1503	157
1504	156
1505	167
1506	238
1507	239
1508	193
1509	138
1510	169
1511	196
1512	147
1513	98
1514	141
1515	179
1516	133
1517	179
1518	176
1519	156
1520	180
1521	288
1522	189
1523	176
1524	151
1525	85
1526	169
1527	150
1528	130
1529	141
1530	203
1531	138
1532	137
1533	122
1534	87
1535	117
1536	133
1537	141
1538	141
1539	157
1540	130
1541	145
1542	167
1543	171
1544	127
1545	135
1546	171
1547	179
1548	126
1549	158
1550	182
1551	151
1552	188
1553	208
1554	188
1555	143
1556	195
1557	177
1558	177
1559	186
1560	137
1561	137
1562	115
1563	127
1564	87
1565	151
1566	173
1567	126
1568	195
1569	123
1570	164
1571	273
1572	213
1573	167
1574	168
1575	117
1576	126
1577	166
1578	181
1579	134
1580	132
1581	131
1582	137
1583	131
1584	130
1585	164
1586	115
1587	150
1588	145
1589	109
1590	113
1591	167
1592	175
1593	174
1594	229
1595	184
1596	149
1597	144
1598	165
1599	128
1600	169
1601	106
1602	128
1603	178
1604	161
1605	152
1606	173
1607	151
1608	156
1609	152
1610	150
1611	152
1612	152
1613	177
1614	194
1615	157
1616	154
1617	96
1618	143
1619	150
1620	198
1621	178
1622	163
1623	159
1624	193
1625	153
1626	131
1627	157
1628	175
1629	126
1630	132
1631	145
1632	180
1633	118
1634	199
1635	160
1636	150
1637	132
1638	166
1639	158
1640	159
1641	205
1642	168
1643	165
1644	121
1645	167
1646	212
1647	154
1648	155
1649	160
1650	184
1651	150
1652	166
1653	129
1654	120
1655	149
1656	185
1657	169
1658	155
1659	120
1660	173
1661	125
1662	167
1663	170
1664	171
1665	147
1666	142
1667	157
1668	171
1669	128
1670	177
1671	152
1672	150
1673	188
1674	134
1675	171
1676	211
1677	137
1678	154
1679	219
1680	141
1681	164
1682	158
1683	160
1684	161
1685	209
1686	112
1687	146
1688	136
1689	171
1690	153
1691	194
1692	137
1693	145
1694	179
1695	172
1696	187
1697	139
1698	138
1699	161
1700	153
1701	159
1702	186
1703	252
1704	137
1705	256
1706	163
1707	182
1708	186
1709	146
1710	170
1711	159
1712	205
1713	188
1714	151
1715	149
1716	187
1717	171
1718	167
1719	163
1720	159
1721	197
1722	152
1723	161
1724	115
1725	182
1726	188
1727	135
1728	211
1729	167
1730	197
1731	243
1732	100
1733	149
1734	159
1735	191
1736	162
1737	123
1738	159
1739	174
1740	179
1741	172
1742	206
1743	127
1744	157
1745	185
1746	165
1747	164
1748	178
1749	172
1750	185
1751	128
1752	111
1753	141
1754	183
1755	233
1756	186
1757	146
1758	175
1759	160
1760	156
1761	152
1762	218
1763	162
1764	163
1765	183
1766	237
1767	216
1768	182
1769	164
1770	152
1771	172
1772	225
1773	162
1774	186
1775	167
1776	172
1777	193
1778	173
1779	129
1780	200
1781	189
1782	150
1783	178
1784	171
1785	166
1786	134
1787	127
1788	164
1789	227
1790	147
1791	208
1792	172
1793	156
1794	200
1795	159
1796	160
1797	130
1798	162
1799	199
1800	208
1801	110
1802	182
1803	167
1804	196
1805	159
1806	212
1807	129
1808	130
1809	180
1810	124
1811	196
1812	186
1813	178
1814	188
1815	202
1816	176
1817	139
1818	146
1819	209
1820	250
1821	203
1822	183
1823	227
1824	190
1825	161
1826	218
1827	179
1828	137
1829	151
1830	193
1831	205
1832	156
1833	240
1834	166
1835	169
1836	183
1837	218
1838	165
1839	220
1840	214
1841	156
1842	204
1843	163
1844	148
1845	229
1846	163
1847	146
1848	126
1849	184
1850	165
1851	138
1852	164
1853	150
1854	239
1855	151
1856	207
1857	144
1858	184
1859	204
1860	176
1861	178
1862	239
1863	168
1864	195
1865	168
1866	148
1867	188
1868	164
1869	216
1870	151
1871	209
1872	151
1873	192
1874	174
1875	148
1876	158
1877	231
1878	226
1879	229
1880	220
1881	167
1882	212
1883	162
1884	211
1885	203
1886	172
1887	153
1888	209
1889	218
1890	147
1891	198
1892	227
1893	177
1894	207
1895	235
1896	182
1897	168
1898	196
1899	259
1900	193
1901	191
1902	123
1903	209
1904	192
1905	222
1906	220
1907	185
1908	202
1909	207
1910	314
1911	149
1912	297
1913	476
1914	391
1915	258
1916	172
1917	165
1918	184
1919	192
1920	187
1921	183
1922	250
1923	175
1924	202
1925	182
1926	174
1927	148
1928	184
1929	193
1930	199
1931	179
1932	215
1933	180
1934	166
1935	259
1936	199
1937	161
1938	190
1939	262
1940	223
1941	237
1942	212
1943	226
1944	177
1945	151
1946	189
1947	185
1948	224
1949	275
1950	308
1951	174
1952	255
1953	213
1954	170
1955	180
1956	238
1957	172
1958	135
1959	160
1960	165
1961	182
1962	246
1963	230
1964	197
1965	199
1966	207
1967	207
1968	164
1969	238
1970	234
1971	186
1972	192
1973	213
1974	193
1975	306
1976	314
1977	212
1978	255
1979	160
1980	257
1981	234
1982	154
1983	154
1984	155
1985	169
1986	199
1987	156
1988	269
1989	174
1990	251
1991	160
1992	238
1993	173
1994	219
1995	179
1996	167
1997	176
1998	191
1999	225
2000	269
2001	242
2002	192
2003	227
2004	201
2005	237
2006	159
2007	178
2008	173
2009	241
2010	225
2011	230
2012	289
2013	202
2014	173
2015	271
2016	165
2017	166
2018	149
2019	214
2020	185
2021	232
2022	266
2023	237
2024	271
2025	207
2026	175
2027	204
2028	159
2029	232
2030	202
2031	149
2032	110
2033	165
2034	153
2035	162
2036	190
2037	104
2038	123
2039	151
2040	129
2041	117
2042	137
2043	110
2044	147
2045	80
2046	103
2047	92
