Instrument: Andor
X Size: 2048
Y Size: 64
Total Flux: 0.000
Total Counts: 331273
Background: 315.000000
Curvature: 0.0
Clipped to ROI: No
ROI: 1309 526 2539 1627
X	Counts
0	72
1	107
2	105
3	88
4	74
5	93
6	73
7	43
8	79
9	129
10	93
11	115
12	89
13	93
14	85
15	66
16	91
17	135
18	103
19	116
20	95
21	73
22	85
23	87
24	67
25	125
26	71
27	80
28	91
29	99
30	65
31	85
32	84
33	90
34	60
35	81
36	76
37	105
38	100
39	89
40	64
41	79
42	93
43	95
44	98
45	86
46	54
47	71
48	75
49	91
50	105
51	88
52	66
53	103
54	90
55	88
56	86
57	79
58	92
59	128
60	87
61	105
62	64
63	72
64	80
65	80
66	105
67	108
68	74
69	72
70	93
71	87
72	62
73	108
74	99
75	67
76	95
77	60
78	85
79	81
80	84
81	108
82	75
83	118
84	72
85	71
86	80
87	88
88	137
89	79
90	87
91	109
92	114
93	98
94	109
95	79
96	79
97	98
98	139
99	96
100	104
101	129
102	166
103	113
104	129
105	116
106	95
107	58
108	109
109	117
110	128
111	105
112	61
113	146
114	95
115	124
116	108
117	98
118	112
119	90
120	66
121	130
122	87
123	177
124	95
125	61
126	73
127	92
128	80
129	115
130	125
131	62
132	128
133	85
134	74
135	105
136	95
137	100
138	62
139	110
140	98
141	71
142	139
143	101
144	102
145	77
146	136
147	91
148	96
149	72
150	41
151	86
152	91
153	118
154	116
155	112
156	158
157	92
158	77
159	114
160	97
161	105
162	107
163	99
164	116
165	77
166	93
167	63
168	75
169	83
170	93
171	92
172	115
173	74
174	99
175	89
176	85
177	122
178	148
179	105
180	120
181	106
182	145
183	112
184	93
185	100
186	100
187	92
188	103
189	110
190	131
191	74
192	118
193	108
194	99
195	69
196	67
197	69
198	102
199	56
200	74
201	91
202	89
203	101
204	79
205	118
206	98
207	65
208	88
209	97
210	90
211	81
212	65
213	80
214	71
215	98
216	115
217	121
218	64
219	90
220	93
221	105
222	80
223	138
224	79
225	105
226	91
227	66
228	87
229	100
230	121
231	128
232	89
233	82
234	80
235	96
236	121
237	115
238	110
239	90
240	73
241	74
242	108
243	54
244	103
245	95
246	80
247	84
248	72
249	76
250	108
251	95
252	89
253	106
254	73
255	89
256	73
257	93
258	57
259	103
260	104
261	92
262	102
263	68
264	69
265	82
266	70
267	91
268	89
269	80
270	114
271	79
272	110
273	84
274	85
275	75
276	75
277	95
278	46
279	87
280	98
281	70
282	91
283	102
284	67
285	92
286	116
287	99
288	55
289	73
290	61
291	120
292	104
293	77
294	115
295	75
296	113
297	103
298	75
299	75
300	97
301	72
302	70
303	99
304	79
305	57
306	108
307	115
308	96
309	105
310	57
311	132
312	96
313	84
314	78
315	61
316	120
317	61
318	116
319	82
320	61
321	89
322	80
323	91
324	42
325	147
326	101
327	75
328	70
329	80
330	64
331	85
332	82
333	109
334	107
335	99
336	96
337	64
338	91
339	61
340	105
341	98
342	62
343	83
344	98
345	70
346	133
347	90
348	93
349	80
350	86
351	90
352	115
353	81
354	88
355	98
356	87
357	97
358	103
359	97
360	141
361	74
362	120
363	115
364	101
365	182
366	82
367	97
368	97
369	113
370	71
371	77
372	50
373	59
374	57
375	85
376	103
377	84
378	57
379	94
380	93
381	104
382	73
383	94
384	91
385	81
386	101
387	108
388	86
389	56
390	79
391	124
392	95
393	103
394	67
395	58
396	88
397	97
398	79
399	100
400	84
401	102
402	120
403	120
404	111
405	87
406	89
407	108
408	56
409	115
410	56
411	78
412	108
413	151
414	109
415	108
416	119
417	96
418	122
419	100
420	138
421	100
422	75
423	78
424	86
425	84
426	86
427	98
428	77
429	88
430	89
431	94
432	63
433	119
434	93
435	99
436	78
437	123
438	89
439	122
440	70
441	60
442	112
443	64
444	99
445	118
446	115
447	69
448	111
449	113
450	92
451	120
452	100
453	99
454	133
455	137
456	84
457	117
458	122
459	66
460	105
461	100
462	116
463	124
464	110
465	119
466	94
467	97
468	73
469	94
470	51
471	86
472	94
473	108
474	105
475	113
476	65
477	115
478	142
479	78
480	88
481	95
482	135
483	104
484	116
485	113
486	130
487	90
488	108
489	104
490	94
491	119
492	103
493	148
494	92
495	80
496	111
497	107
498	79
499	89
500	62
501	105
502	109
503	113
504	137
505	124
506	88
507	71
508	130
509	105
510	69
511	93
512	112
513	118
514	96
515	123
516	90
517	109
518	112
519	133
520	81
521	88
522	115
523	107
524	119
525	127
526	102
527	141
528	117
529	96
530	112
531	82
532	100
533	115
534	144
535	73
536	127
537	90
538	78
539	119
540	88
541	126
542	124
543	150
544	118
545	140
546	114
547	126
548	79
549	131
550	98
551	70
552	79
553	95
554	105
555	113
556	114
557	125
558	137
559	84
560	104
561	101
562	136
563	84
564	86
565	94
566	114
567	138
568	73
569	111
570	112
571	103
572	98
573	166
574	100
575	117
576	97
577	93
578	69
579	95
580	101
581	125
582	94
583	119
584	96
585	91
586	100
587	101
588	99
589	77
590	114
591	102
592	95
593	131
594	96
595	108
596	97
597	100
598	112
599	89
600	123
601	131
602	108
603	122
604	110
605	103
606	100
607	132
608	80
609	113
610	117
611	175
612	98
613	99
614	94
615	113
616	151
617	94
618	83
619	61
620	148
621	125
622	109
623	97
624	77
625	113
626	98
627	77
628	89
629	150
630	102
631	136
632	118
633	103
634	87
635	98
636	146
637	58
638	123
639	174
640	64
641	102
642	126
643	112
644	115
645	123
646	102
647	118
648	145
649	110
650	133
651	68
652	109
653	114
654	103
655	125
656	109
657	101
658	121
659	85
660	99
661	82
662	137
663	50
664	91
665	126
666	112
667	69
668	71
669	121
670	99
671	141
672	137
673	137
674	99
675	141
676	102
677	109
678	96
679	102
680	85
681	124
682	150
683	146
684	81
685	119
686	112
687	89
688	108
689	84
690	109
691	132
692	92
693	118
694	92
695	85
696	125
697	106
698	133
699	122
700	138
701	259
702	117
703	94
704	72
705	103
706	80
707	151
708	151
709	80
710	128
711	151
712	163
713	206
714	213
715	98
716	108
717	109
718	127
719	73
720	85
721	97
722	130
723	84
724	100
725	113
726	123
727	105
728	103
729	145
730	64
731	83
732	121
733	81
734	89
735	97
736	101
737	104
738	181
739	84
740	84
741	144
742	101
743	101
744	110
745	129
746	113
747	110
748	107
749	104
750	148
751	87
752	87
753	112
754	130
755	140
756	118
757	124
758	106
759	92
760	78
761	125
762	119
763	133
764	123
765	122
766	109
767	134
768	139
769	119
770	102
771	149
772	125
773	163
774	125
775	126
776	128
777	132
778	100
779	129
780	120
781	118
782	133
783	92
784	101
785	90
786	129
787	123
788	99
789	121
790	107
791	128
792	110
793	71
794	122
795	117
796	107
797	93
798	116
799	112
800	114
801	100
802	133
803	132
804	120
805	140
806	97
807	116
808	113
809	112
810	155
811	125
812	181
813	156
814	87
815	147
816	125
817	104
818	109
819	86
820	130
821	105
822	135
823	116
824	117
825	122
826	117
827	93
828	111
829	116
830	91
831	103
832	119
833	118
834	97
835	137
836	102
837	80
838	151
839	137
840	125
841	141
842	131
843	127
844	134
845	110
846	186
847	150
848	104
849	116
850	112
851	160
852	148
853	125
854	137
855	137
856	123
857	150
858	108
859	96
860	146
861	135
862	130
863	151
864	121
865	96
866	137
867	137
868	102
869	138
870	93
871	133
872	158
873	101
874	134
875	122
876	146
877	96
878	109
879	100
880	123
881	116
882	129
883	163
884	103
885	112
886	116
887	114
888	139
889	134
890	88
891	83
892	157
893	106
894	143
895	107
896	125
897	175
898	102
899	147
900	119
901	85
902	116
903	162
904	108
905	132
906	133
907	133
908	127
909	158
910	117
911	112
912	107
913	132
914	134
915	128
916	156
917	138
918	121
919	127
920	136
921	120
922	147
923	109
924	131
925	152
926	137
927	155
928	128
929	107
930	137
931	84
932	102
933	128
934	148
935	121
936	158
937	131
938	123
939	147
940	118
941	140
942	125
943	133
944	144
945	124
946	150
947	154
948	103
949	122
950	139
951	166
952	184
953	140
954	127
955	125
956	100
957	122
958	138
959	146
960	102
961	118
962	140
963	125
964	149
965	109
966	146
967	238
968	203
969	166
970	139
971	222
972	222
973	189
974	210
975	225
976	177
977	247
978	249
979	186
980	120
981	226
982	227
983	145
984	179
985	126
986	176
987	101
988	150
989	138
990	95
991	127
992	103
993	101
994	146
995	107
996	155
997	152
998	153
999	135
1000	110
1001	109
1002	109
1003	140
1004	138
1005	145
1006	150
1007	137
1008	180
1009	100
1010	132
1011	118
1012	133
1013	133
1014	185
1015	110
1016	156
1017	141
1018	132
1019	162
1020	177
1021	151
1022	144
1023	137
1024	150
1025	166
1026	145
1027	165
1028	123
1029	131
1030	87
1031	175
1032	133
1033	124
1034	90
1035	136
1036	132
1037	93
1038	159
1039	136
1040	162
1041	182
1042	147
1043	98
1044	139
1045	103
1046	158
1047	128
1048	159
1049	146
1050	110
1051	151
1052	161
1053	171
1054	126
1055	124
1056	162
1057	168
1058	114
1059	168
1060	133
1061	177
1062	166
1063	236
1064	283
1065	164
1066	161
1067	154
1068	104
1069	158
1070	140
1071	142
1072	145
1073	151
1074	136
1075	100
1076	156
1077	198
1078	156
1079	143
1080	117
1081	125
1082	171
1083	149
1084	157
1085	85
1086	132
1087	91
1088	99
1089	204
1090	92
1091	123
1092	98
1093	163
1094	110
1095	169
1096	131
1097	135
1098	109
1099	86
1100	111
1101	214
1102	203
1103	130
1104	124
1105	127
1106	189
1107	181
1108	152
1109	200
1110	175
1111	143
1112	120
1113	128
1114	156
1115	115
1116	146
1117	96
1118	166
1119	172
1120	313
1121	162
1122	196
1123	247
1124	266
1125	170
1126	147
1127	121
1128	145
1129	193
1130	195
1131	182
1132	175
1133	158
1134	193
1135	184
1136	120
1137	131
1138	190
1139	197
1140	152
1141	139
1142	216
1143	307
1144	333
1145	306
1146	605
1147	1075
1148	1028
1149	1022
1150	1004
1151	1150
1152	1227
1153	1028
1154	1057
1155	860
1156	524
1157	708
1158	378
1159	205
1160	178
1161	332
1162	196
1163	133
1164	218
1165	221
1166	204
1167	338
1168	412
1169	323
1170	327
1171	440
1172	442
1173	575
1174	383
1175	213
1176	286
1177	358
1178	418
1179	187
1180	273
1181	212
1182	212
1183	201
1184	404
1185	316
1186	267
1187	324
1188	269
1189	213
1190	328
1191	463
1192	453
1193	263
1194	365
1195	487
1196	491
1197	671
1198	375
1199	214
1200	267
1201	315
1202	660
1203	841
1204	841
1205	569
1206	258
1207	256
1208	701
1209	1040
1210	773
1211	579
1212	562
1213	632
1214	427
1215	661
1216	486
1217	603
1218	853
1219	619
1220	504
1221	543
1222	925
1223	726
1224	565
1225	679
1226	448
1227	496
1228	670
1229	637
1230	480
1231	464
1232	635
1233	511
1234	496
1235	308
1236	445
1237	440
1238	325
1239	428
1240	501
1241	700
1242	456
1243	317
1244	326
1245	403
1246	513
1247	227
1248	667
1249	620
1250	394
1251	402
1252	440
1253	394
1254	254
1255	455
1256	479
1257	242
1258	218
1259	353
1260	198
1261	389
1262	339
1263	298
1264	231
1265	145
1266	203
1267	196
1268	172
1269	225
1270	260
1271	471
1272	392
1273	281
1274	193
1275	358
1276	280
1277	189
1278	163
1279	255
1280	401
1281	192
1282	126
1283	186
1284	162
1285	290
1286	315
1287	264
1288	197
1289	186
1290	322
1291	312
1292	281
1293	225
1294	170
1295	193
1296	160
1297	176
1298	148
1299	199
1300	159
1301	362
1302	385
1303	260
1304	136
1305	174
1306	201
1307	223
1308	213
1309	239
1310	149
1311	244
1312	269
1313	201
1314	148
1315	191
1316	199
1317	173
1318	142
1319	151
1320	233
1321	146
1322	208
1323	113
1324	153
1325	230
1326	180
1327	150
1328	188
1329	103
1330	194
1331	127
1332	149
1333	154
1334	146
1335	187
1336	142
1337	184
1338	169
1339	212
1340	151
1341	186
1342	157
1343	180
1344	127
1345	154
1346	191
1347	167
1348	195
1349	159
1350	161
1351	164
1352	140
1353	143
1354	99
1355	152
1356	162
1357	118
1358	174
1359	149
1360	140
1361	129
1362	126
1363	175
1364	153
1365	235
1366	175
1367	181
1368	222
1369	150
1370	127
1371	144
1372	117
1373	162
1374	111
1375	160
1376	151
1377	158
1378	159
1379	142
1380	190
1381	213
1382	157
1383	209
1384	125
1385	134
1386	98
1387	121
1388	143
1389	167
1390	184
1391	165
1392	165
1393	118
1394	110
1395	163
1396	194
1397	162
1398	190
1399	142
1400	123
1401	114
1402	139
1403	226
1404	288
1405	196
1406	130
1407	178
1408	131
1409	111
1410	136
1411	118
1412	155
1413	130
1414	165
1415	149
1416	155
1417	113
1418	120
1419	146
1420	149
1421	138
1422	195
1423	206
1424	158
1425	117
1426	150
1427	184
1428	147
1429	169
1430	179
1431	193
1432	177
1433	156
1434	166
1435	169
1436	163
1437	189
1438	180
1439	186
1440	145
1441	158
1442	124
1443	139
1444	169
1445	101
1446	161
1447	159
1448	180
1449	143
1450	181
1451	198
1452	111
1453	114
1454	246
1455	276
1456	119
1457	180
1458	189
1459	180
1460	147
1461	133
1462	153
1463	141
1464	164
1465	200
1466	164
1467	169
1468	195
1469	195
1470	156
1471	124
1472	125
1473	123
1474	157
1475	206
1476	218
1477	150
1478	178
1479	150
1480	131
1481	166
1482	144
1483	184
1484	179
1485	159
1486	201
1487	180
1488	215
1489	154
1490	162
1491	154
1492	145
1493	190
1494	207
1495	184
1496	184
1497	261
1498	168
1499	191
1500	165
1501	154
1502	156
1503	170
1504	112
1505	159
1506	137
1507	142
1508	192
1509	228
1510	161
1511	168
1512	160
1513	205
1514	204
1515	218
1516	153
1517	166
1518	183
1519	185
1520	131
1521	117
1522	201
1523	129
1524	172
1525	169
1526	154
1527	130
1528	95
1529	197
1530	174
1531	173
1532	152
1533	166
1534	114
1535	124
1536	187
1537	185
1538	136
1539	144
1540	134
1541	206
1542	163
1543	164
1544	143
1545	166
1546	167
1547	150
1548	122
1549	152
1550	155
1551	182
1552	127
1553	176
1554	153
1555	125
1556	153
1557	152
1558	218
1559	165
1560	171
1561	142
1562	145
1563	163
1564	195
1565	170
1566	143
1567	151
1568	184
1569	162
1570	177
1571	212
1572	156
1573	124
1574	205
1575	159
1576	118
1577	155
1578	217
1579	184
1580	136
1581	128
1582	171
1583	161
1584	132
1585	146
1586	196
1587	173
1588	158
1589	154
1590	177
1591	221
1592	180
1593	212
1594	193
1595	202
1596	173
1597	145
1598	185
1599	199
1600	191
1601	165
1602	212
1603	150
1604	133
1605	158
1606	176
1607	192
1608	205
1609	176
1610	171
1611	192
1612	155
1613	189
1614	168
1615	167
1616	156
1617	166
1618	192
1619	155
1620	162
1621	128
1622	197
1623	151
1624	175
1625	214
1626	133
1627	178
1628	168
1629	114
1630	204
1631	147
1632	139
1633	153
1634	176
1635	193
1636	142
1637	121
1638	205
1639	185
1640	215
1641	214
1642	157
1643	184
1644	124
1645	205
1646	195
1647	217
1648	144
1649	195
1650	117
1651	179
1652	133
1653	138
1654	181
1655	185
1656	200
1657	154
1658	188
1659	145
1660	160
1661	161
1662	223
1663	172
1664	142
1665	151
1666	190
1667	169
1668	176
1669	184
1670	183
1671	180
1672	181
1673	151
1674	130
1675	159
1676	163
1677	159
1678	113
1679	201
1680	295
1681	288
1682	199
1683	200
1684	171
1685	169
1686	130
1687	127
1688	176
1689	111
1690	165
1691	203
1692	175
1693	149
1694	191
1695	148
1696	291
1697	222
1698	184
1699	164
1700	125
1701	194
1702	193
1703	174
1704	149
1705	189
1706	242
1707	164
1708	180
1709	176
1710	156
1711	211
1712	218
1713	239
1714	187
1715	181
1716	168
1717	211
1718	164
1719	179
1720	233
1721	249
1722	174
1723	175
1724	123
1725	170
1726	216
1727	139
1728	180
1729	154
1730	203
1731	205
1732	156
1733	167
1734	173
1735	205
1736	177
1737	176
1738	186
1739	205
1740	214
1741	193
1742	199
1743	212
1744	176
1745	153
1746	201
1747	181
1748	189
1749	223
1750	184
1751	119
1752	183
1753	130
1754	194
1755	229
1756	154
1757	149
1758	197
1759	174
1760	195
1761	195
1762	162
1763	209
1764	219
1765	178
1766	169
1767	211
1768	159
1769	219
1770	159
1771	204
1772	172
1773	193
1774	241
1775	179
1776	206
1777	200
1778	249
1779	228
1780	195
1781	195
1782	166
1783	204
1784	218
1785	160
1786	141
1787	146
1788	185
1789	190
1790	231
1791	268
1792	208
1793	180
1794	198
1795	203
1796	213
1797	264
1798	192
1799	205
1800	165
1801	132
1802	179
1803	211
1804	175
1805	203
1806	250
1807	197
1808	206
1809	240
1810	157
1811	194
1812	163
1813	213
1814	189
1815	247
1816	148
1817	146
1818	180
1819	242
1820	208
1821	264
1822	167
1823	222
1824	150
1825	233
1826	228
1827	159
1828	180
1829	226
1830	180
1831	178
1832	193
1833	152
1834	158
1835	140
1836	179
1837	179
1838	151
1839	258
1840	166
1841	132
1842	165
1843	185
1844	214
1845	291
1846	235
1847	177
1848	185
1849	207
1850	134
1851	180
1852	209
1853	166
1854	222
1855	186
1856	233
1857	190
1858	202
1859	228
1860	202
1861	178
1862	241
1863	173
1864	188
1865	153
1866	135
1867	185
1868	143
1869	208
1870	248
1871	188
1872	228
1873	187
1874	178
1875	218
1876	191
1877	182
1878	199
1879	198
1880	225
1881	195
1882	194
1883	204
1884	188
1885	208
1886	157
1887	200
1888	209
1889	245
1890	195
1891	216
1892	232
1893	208
1894	210
1895	212
1896	215
1897	220
1898	275
1899	234
1900	216
1901	226
1902	164
1903	213
1904	204
1905	278
1906	276
1907	263
1908	230
1909	210
1910	162
1911	158
1912	159
1913	201
1914	254
1915	210
1916	178
1917	249
1918	183
1919	209
1920	166
1921	218
1922	254
1923	194
1924	210
1925	149
1926	174
1927	208
1928	190
1929	178
1930	242
1931	211
1932	226
1933	203
1934	205
1935	251
1936	202
1937	148
1938	264
1939	226
1940	192
1941	201
1942	229
1943	206
1944	226
1945	192
1946	262
1947	213
1948	240
1949	195
1950	228
1951	139
1952	206
1953	201
1954	266
1955	186
1956	223
1957	168
1958	178
1959	194
1960	185
1961	201
1962	185
1963	259
1964	240
1965	217
1966	214
1967	216
1968	176
1969	274
1970	270
1971	205
1972	218
1973	281
1974	189
1975	207
1976	203
1977	237
1978	151
1979	203
1980	254
1981	176
1982	220
1983	163
1984	119
1985	185
1986	252
1987	198
1988	259
1989	226
1990	244
1991	255
1992	241
1993	243
1994	210
1995	236
1996	219
1997	199
1998	160
1999	225
2000	184
2001	294
2002	321
2003	357
2004	305
2005	261
2006	251
2007	195
2008	203
2009	227
2010	264
2011	274
2012	282
2013	211
2014	330
2015	255
2016	208
2017	198
2018	189
2019	180
2020	157
2021	197
2022	233
2023	273
2024	293
2025	270
2026	138
2027	172
2028	192
2029	246
2030	215
2031	165
2032	154
2033	112
2034	204
2035	124
2036	167
2037	126
2038	165
2039	156
2040	144
2041	191
2042	179
2043	121
2044	123
2045	136
2046	125
2047	100
