Instrument: Andor
X Size: 2048
Y Size: 64
Total Flux: 0.000
Total Counts: 388688
Background: 316.000000
Curvature: 0.0
Clipped to ROI: No
ROI: 1309 526 2539 1627
X	Counts
0	81
1	97
2	70
3	62
4	104
5	87
6	82
7	70
8	70
9	95
10	62
11	94
12	68
13	54
14	66
15	88
16	110
17	76
18	62
19	42
20	89
21	48
22	68
23	87
24	76
25	65
26	76
27	59
28	104
29	78
30	74
31	63
32	47
33	82
34	60
35	70
36	60
37	84
38	112
39	89
40	57
41	83
42	72
43	79
44	41
45	105
46	56
47	87
48	108
49	121
50	78
51	74
52	78
53	85
54	106
55	129
56	86
57	82
58	53
59	86
60	86
61	85
62	93
63	67
64	103
65	104
66	80
67	74
68	80
69	145
70	161
71	83
72	80
73	78
74	73
75	109
76	80
77	86
78	100
79	124
80	57
81	72
82	56
83	81
84	81
85	66
86	76
87	79
88	115
89	87
90	88
91	87
92	106
93	204
94	86
95	104
96	108
97	35
98	71
99	74
100	96
101	118
102	71
103	87
104	85
105	81
106	87
107	48
108	59
109	82
110	71
111	92
112	71
113	111
114	75
115	95
116	127
117	114
118	194
119	125
120	143
121	62
122	88
123	73
124	102
125	103
126	81
127	99
128	63
129	39
130	148
131	61
132	82
133	102
134	81
135	117
136	93
137	84
138	63
139	154
140	243
141	306
142	83
143	96
144	56
145	96
146	98
147	83
148	129
149	91
150	98
151	81
152	91
153	110
154	83
155	92
156	101
157	96
158	58
159	117
160	89
161	56
162	87
163	82
164	98
165	86
166	79
167	83
168	103
169	80
170	95
171	72
172	90
173	84
174	88
175	142
176	151
177	205
178	171
179	156
180	66
181	111
182	110
183	88
184	90
185	76
186	50
187	94
188	89
189	106
190	91
191	95
192	91
193	79
194	98
195	59
196	77
197	74
198	51
199	63
200	47
201	75
202	86
203	63
204	79
205	68
206	141
207	79
208	64
209	90
210	65
211	61
212	73
213	94
214	86
215	86
216	171
217	105
218	86
219	73
220	79
221	103
222	85
223	94
224	76
225	66
226	96
227	59
228	78
229	55
230	78
231	127
232	69
233	94
234	68
235	99
236	65
237	82
238	67
239	50
240	68
241	92
242	118
243	84
244	106
245	58
246	73
247	88
248	88
249	55
250	85
251	70
252	63
253	78
254	109
255	76
256	77
257	36
258	43
259	67
260	64
261	126
262	104
263	63
264	94
265	74
266	102
267	102
268	71
269	37
270	96
271	97
272	82
273	70
274	89
275	90
276	77
277	47
278	91
279	126
280	82
281	117
282	199
283	60
284	72
285	84
286	63
287	84
288	79
289	82
290	78
291	76
292	75
293	77
294	60
295	102
296	119
297	265
298	175
299	78
300	75
301	69
302	84
303	89
304	81
305	64
306	81
307	109
308	65
309	86
310	86
311	56
312	75
313	51
314	89
315	74
316	93
317	52
318	103
319	70
320	74
321	90
322	92
323	71
324	84
325	78
326	164
327	67
328	88
329	80
330	102
331	71
332	59
333	113
334	75
335	111
336	96
337	72
338	94
339	76
340	84
341	44
342	67
343	76
344	83
345	64
346	87
347	53
348	74
349	69
350	108
351	87
352	98
353	51
354	104
355	76
356	79
357	86
358	87
359	76
360	87
361	97
362	111
363	60
364	107
365	140
366	123
367	52
368	75
369	66
370	67
371	76
372	83
373	91
374	74
375	71
376	93
377	75
378	76
379	69
380	62
381	96
382	81
383	110
384	78
385	57
386	67
387	77
388	76
389	71
390	74
391	89
392	65
393	76
394	73
395	77
396	74
397	81
398	127
399	103
400	98
401	69
402	89
403	105
404	93
405	60
406	78
407	72
408	91
409	102
410	93
411	87
412	78
413	90
414	86
415	104
416	86
417	56
418	95
419	76
420	97
421	118
422	262
423	78
424	85
425	65
426	111
427	137
428	93
429	89
430	59
431	94
432	153
433	111
434	119
435	74
436	169
437	72
438	83
439	103
440	69
441	87
442	96
443	63
444	96
445	82
446	93
447	92
448	102
449	70
450	104
451	107
452	75
453	61
454	80
455	83
456	82
457	90
458	130
459	85
460	92
461	92
462	95
463	98
464	95
465	127
466	129
467	84
468	75
469	110
470	87
471	91
472	75
473	100
474	84
475	111
476	96
477	120
478	92
479	161
480	192
481	104
482	117
483	106
484	80
485	90
486	104
487	126
488	103
489	115
490	69
491	76
492	98
493	121
494	87
495	129
496	152
497	99
498	87
499	105
500	81
501	67
502	67
503	84
504	81
505	76
506	85
507	91
508	99
509	69
510	90
511	103
512	85
513	63
514	75
515	78
516	112
517	75
518	82
519	105
520	61
521	96
522	95
523	101
524	117
525	147
526	105
527	127
528	91
529	79
530	75
531	92
532	143
533	137
534	88
535	100
536	122
537	60
538	74
539	104
540	91
541	188
542	92
543	84
544	93
545	106
546	168
547	144
548	129
549	126
550	110
551	86
552	97
553	82
554	104
555	103
556	90
557	107
558	109
559	89
560	99
561	107
562	77
563	97
564	96
565	94
566	93
567	103
568	91
569	88
570	116
571	109
572	130
573	168
574	156
575	120
576	129
577	95
578	90
579	120
580	93
581	85
582	83
583	63
584	67
585	99
586	68
587	120
588	95
589	110
590	104
591	80
592	115
593	80
594	76
595	121
596	128
597	81
598	76
599	90
600	124
601	79
602	86
603	93
604	95
605	96
606	122
607	99
608	152
609	161
610	211
611	153
612	105
613	152
614	139
615	70
616	102
617	89
618	97
619	163
620	458
621	199
622	129
623	110
624	92
625	67
626	89
627	108
628	209
629	308
630	128
631	107
632	112
633	210
634	332
635	174
636	144
637	83
638	155
639	226
640	384
641	331
642	115
643	154
644	155
645	277
646	235
647	109
648	127
649	106
650	105
651	109
652	139
653	90
654	60
655	73
656	127
657	227
658	212
659	125
660	107
661	128
662	138
663	104
664	62
665	85
666	86
667	78
668	71
669	57
670	117
671	157
672	183
673	167
674	110
675	118
676	130
677	218
678	132
679	80
680	93
681	91
682	106
683	66
684	100
685	73
686	80
687	94
688	117
689	97
690	86
691	118
692	89
693	116
694	119
695	80
696	82
697	141
698	116
699	96
700	88
701	267
702	223
703	203
704	108
705	120
706	77
707	110
708	100
709	71
710	90
711	80
712	85
713	88
714	90
715	91
716	82
717	59
718	101
719	92
720	66
721	113
722	118
723	181
724	92
725	157
726	158
727	143
728	383
729	260
730	99
731	82
732	79
733	67
734	106
735	156
736	255
737	242
738	121
739	68
740	80
741	85
742	100
743	107
744	96
745	91
746	108
747	117
748	117
749	97
750	141
751	82
752	162
753	102
754	100
755	85
756	206
757	127
758	129
759	82
760	122
761	121
762	74
763	121
764	94
765	104
766	109
767	105
768	88
769	95
770	75
771	103
772	110
773	92
774	107
775	138
776	85
777	115
778	69
779	97
780	135
781	134
782	124
783	68
784	104
785	82
786	108
787	89
788	97
789	97
790	130
791	122
792	142
793	184
794	126
795	103
796	107
797	78
798	67
799	88
800	99
801	115
802	117
803	127
804	78
805	89
806	140
807	133
808	197
809	206
810	158
811	155
812	115
813	97
814	84
815	62
816	106
817	126
818	118
819	126
820	82
821	108
822	88
823	101
824	82
825	89
826	133
827	108
828	103
829	119
830	138
831	113
832	104
833	96
834	77
835	96
836	86
837	121
838	114
839	120
840	97
841	81
842	117
843	102
844	158
845	206
846	220
847	110
848	76
849	125
850	84
851	120
852	88
853	129
854	194
855	156
856	160
857	175
858	131
859	95
860	96
861	121
862	122
863	114
864	103
865	157
866	158
867	120
868	97
869	145
870	135
871	147
872	93
873	62
874	157
875	141
876	120
877	130
878	136
879	85
880	108
881	106
882	134
883	113
884	134
885	98
886	63
887	80
888	109
889	140
890	141
891	128
892	160
893	113
894	98
895	126
896	108
897	109
898	102
899	118
900	125
901	131
902	133
903	202
904	365
905	178
906	162
907	142
908	128
909	113
910	118
911	115
912	119
913	82
914	103
915	133
916	145
917	167
918	114
919	108
920	122
921	123
922	109
923	103
924	101
925	137
926	83
927	107
928	160
929	131
930	116
931	100
932	88
933	112
934	147
935	94
936	115
937	121
938	153
939	154
940	148
941	122
942	81
943	97
944	145
945	77
946	99
947	130
948	123
949	117
950	135
951	88
952	157
953	104
954	191
955	256
956	218
957	146
958	106
959	107
960	101
961	151
962	173
963	199
964	190
965	169
966	149
967	100
968	119
969	184
970	207
971	153
972	89
973	121
974	114
975	117
976	144
977	106
978	104
979	142
980	107
981	156
982	179
983	133
984	184
985	229
986	215
987	151
988	137
989	150
990	132
991	173
992	82
993	139
994	136
995	111
996	107
997	103
998	87
999	136
1000	133
1001	116
1002	95
1003	104
1004	115
1005	104
1006	151
1007	113
1008	133
1009	92
1010	101
1011	124
1012	162
1013	133
1014	121
1015	133
1016	108
1017	149
1018	212
1019	183
1020	183
1021	110
1022	144
1023	106
1024	124
1025	130
1026	118
1027	100
1028	132
1029	149
1030	149
1031	183
1032	128
1033	96
1034	121
1035	132
1036	155
1037	115
1038	107
1039	134
1040	130
1041	103
1042	232
1043	191
1044	155
1045	118
1046	159
1047	131
1048	155
1049	149
1050	118
1051	78
1052	130
1053	122
1054	126
1055	205
1056	271
1057	166
1058	139
1059	129
1060	108
1061	158
1062	196
1063	196
1064	188
1065	197
1066	190
1067	218
1068	129
1069	141
1070	172
1071	157
1072	143
1073	110
1074	174
1075	169
1076	192
1077	74
1078	98
1079	144
1080	165
1081	151
1082	120
1083	152
1084	174
1085	116
1086	136
1087	107
1088	110
1089	209
1090	476
1091	190
1092	107
1093	127
1094	132
1095	124
1096	151
1097	143
1098	131
1099	125
1100	131
1101	160
1102	115
1103	139
1104	150
1105	149
1106	230
1107	157
1108	151
1109	146
1110	235
1111	176
1112	136
1113	136
1114	171
1115	89
1116	110
1117	248
1118	263
1119	170
1120	126
1121	202
1122	103
1123	116
1124	137
1125	162
1126	135
1127	113
1128	160
1129	178
1130	159
1131	162
1132	133
1133	178
1134	152
1135	226
1136	341
1137	473
1138	829
1139	442
1140	201
1141	365
1142	612
1143	280
1144	301
1145	225
1146	276
1147	297
1148	694
1149	859
1150	382
1151	673
1152	594
1153	407
1154	618
1155	1108
1156	972
1157	998
1158	1085
1159	668
1160	639
1161	779
1162	1188
1163	1615
1164	2337
1165	2767
1166	1701
1167	1915
1168	1533
1169	1668
1170	2876
1171	2862
1172	3289
1173	2635
1174	2956
1175	2206
1176	2140
1177	1975
1178	2053
1179	1731
1180	2500
1181	2939
1182	3468
1183	4329
1184	4498
1185	3412
1186	2331
1187	2094
1188	1246
1189	1055
1190	715
1191	387
1192	297
1193	306
1194	487
1195	684
1196	635
1197	381
1198	346
1199	313
1200	501
1201	690
1202	733
1203	519
1204	486
1205	622
1206	665
1207	615
1208	653
1209	792
1210	818
1211	627
1212	680
1213	785
1214	421
1215	261
1216	380
1217	531
1218	469
1219	605
1220	1211
1221	615
1222	748
1223	1249
1224	744
1225	789
1226	818
1227	715
1228	398
1229	440
1230	672
1231	682
1232	681
1233	820
1234	639
1235	593
1236	688
1237	343
1238	474
1239	641
1240	784
1241	450
1242	451
1243	477
1244	826
1245	724
1246	748
1247	399
1248	630
1249	572
1250	172
1251	223
1252	439
1253	444
1254	636
1255	633
1256	447
1257	589
1258	424
1259	368
1260	692
1261	207
1262	120
1263	137
1264	218
1265	293
1266	307
1267	292
1268	180
1269	246
1270	334
1271	270
1272	279
1273	287
1274	332
1275	262
1276	219
1277	183
1278	201
1279	191
1280	246
1281	224
1282	338
1283	278
1284	149
1285	164
1286	191
1287	248
1288	186
1289	137
1290	177
1291	196
1292	135
1293	186
1294	113
1295	250
1296	159
1297	114
1298	134
1299	162
1300	93
1301	120
1302	135
1303	134
1304	110
1305	176
1306	153
1307	146
1308	176
1309	196
1310	168
1311	132
1312	214
1313	208
1314	116
1315	133
1316	171
1317	137
1318	167
1319	242
1320	314
1321	261
1322	197
1323	161
1324	147
1325	201
1326	170
1327	220
1328	317
1329	150
1330	130
1331	130
1332	168
1333	180
1334	96
1335	145
1336	103
1337	110
1338	152
1339	127
1340	130
1341	167
1342	117
1343	153
1344	135
1345	166
1346	133
1347	129
1348	96
1349	106
1350	110
1351	133
1352	126
1353	138
1354	102
1355	139
1356	142
1357	118
1358	102
1359	124
1360	144
1361	128
1362	155
1363	192
1364	186
1365	173
1366	143
1367	207
1368	192
1369	176
1370	139
1371	124
1372	113
1373	150
1374	155
1375	139
1376	158
1377	109
1378	158
1379	87
1380	137
1381	100
1382	131
1383	170
1384	121
1385	125
1386	142
1387	112
1388	90
1389	127
1390	125
1391	166
1392	156
1393	113
1394	95
1395	180
1396	128
1397	131
1398	111
1399	126
1400	137
1401	83
1402	137
1403	117
1404	179
1405	111
1406	118
1407	119
1408	135
1409	110
1410	119
1411	127
1412	148
1413	110
1414	116
1415	99
1416	172
1417	182
1418	196
1419	186
1420	139
1421	147
1422	201
1423	154
1424	208
1425	167
1426	207
1427	148
1428	101
1429	193
1430	162
1431	155
1432	176
1433	150
1434	136
1435	139
1436	111
1437	173
1438	178
1439	155
1440	142
1441	159
1442	136
1443	130
1444	179
1445	127
1446	117
1447	132
1448	125
1449	181
1450	170
1451	161
1452	128
1453	139
1454	195
1455	450
1456	156
1457	170
1458	130
1459	168
1460	188
1461	126
1462	121
1463	123
1464	133
1465	124
1466	171
1467	151
1468	126
1469	133
1470	141
1471	135
1472	150
1473	143
1474	161
1475	158
1476	172
1477	116
1478	196
1479	160
1480	109
1481	201
1482	176
1483	257
1484	226
1485	128
1486	156
1487	147
1488	145
1489	128
1490	166
1491	201
1492	124
1493	180
1494	143
1495	177
1496	148
1497	184
1498	126
1499	160
1500	170
1501	126
1502	156
1503	161
1504	134
1505	139
1506	178
1507	162
1508	155
1509	181
1510	177
1511	243
1512	156
1513	124
1514	183
1515	141
1516	189
1517	169
1518	152
1519	112
1520	145
1521	169
1522	271
1523	159
1524	148
1525	151
1526	146
1527	121
1528	116
1529	158
1530	132
1531	186
1532	160
1533	142
1534	112
1535	177
1536	164
1537	167
1538	129
1539	199
1540	159
1541	182
1542	148
1543	148
1544	131
1545	113
1546	137
1547	197
1548	187
1549	215
1550	188
1551	112
1552	124
1553	191
1554	149
1555	130
1556	177
1557	168
1558	212
1559	207
1560	163
1561	175
1562	112
1563	121
1564	167
1565	138
1566	152
1567	166
1568	244
1569	315
1570	239
1571	265
1572	167
1573	209
1574	142
1575	134
1576	127
1577	210
1578	201
1579	270
1580	178
1581	164
1582	215
1583	216
1584	202
1585	146
1586	122
1587	181
1588	137
1589	169
1590	148
1591	159
1592	213
1593	195
1594	180
1595	163
1596	175
1597	202
1598	138
1599	132
1600	170
1601	129
1602	194
1603	320
1604	235
1605	241
1606	217
1607	178
1608	141
1609	139
1610	194
1611	181
1612	198
1613	161
1614	196
1615	136
1616	132
1617	145
1618	142
1619	134
1620	202
1621	127
1622	194
1623	103
1624	190
1625	146
1626	187
1627	173
1628	177
1629	173
1630	131
1631	124
1632	163
1633	169
1634	151
1635	174
1636	156
1637	109
1638	189
1639	185
1640	151
1641	147
1642	156
1643	195
1644	136
1645	135
1646	153
1647	168
1648	148
1649	148
1650	138
1651	139
1652	180
1653	126
1654	150
1655	142
1656	147
1657	185
1658	198
1659	147
1660	172
1661	143
1662	202
1663	218
1664	153
1665	154
1666	138
1667	131
1668	169
1669	188
1670	130
1671	153
1672	181
1673	151
1674	117
1675	135
1676	206
1677	225
1678	136
1679	164
1680	161
1681	218
1682	189
1683	181
1684	184
1685	197
1686	131
1687	140
1688	113
1689	145
1690	127
1691	176
1692	141
1693	146
1694	170
1695	183
1696	218
1697	122
1698	167
1699	163
1700	178
1701	149
1702	172
1703	168
1704	115
1705	182
1706	149
1707	160
1708	156
1709	146
1710	191
1711	190
1712	185
1713	163
1714	162
1715	129
1716	198
1717	146
1718	167
1719	180
1720	189
1721	189
1722	173
1723	211
1724	100
1725	197
1726	175
1727	176
1728	206
1729	177
1730	171
1731	151
1732	159
1733	144
1734	165
1735	217
1736	139
1737	126
1738	140
1739	179
1740	185
1741	230
1742	190
1743	146
1744	192
1745	119
1746	155
1747	223
1748	175
1749	217
1750	147
1751	158
1752	119
1753	158
1754	183
1755	211
1756	320
1757	313
1758	203
1759	190
1760	224
1761	141
1762	194
1763	198
1764	185
1765	133
1766	141
1767	129
1768	114
1769	149
1770	163
1771	127
1772	159
1773	153
1774	175
1775	131
1776	211
1777	256
1778	251
1779	202
1780	155
1781	137
1782	163
1783	191
1784	147
1785	185
1786	161
1787	200
1788	168
1789	155
1790	172
1791	230
1792	199
1793	147
1794	180
1795	143
1796	196
1797	180
1798	247
1799	200
1800	233
1801	157
1802	212
1803	206
1804	145
1805	239
1806	195
1807	148
1808	141
1809	167
1810	107
1811	154
1812	169
1813	209
1814	197
1815	207
1816	214
1817	230
1818	229
1819	196
1820	198
1821	300
1822	244
1823	284
1824	176
1825	192
1826	183
1827	180
1828	218
1829	179
1830	271
1831	312
1832	221
1833	267
1834	149
1835	141
1836	161
1837	183
1838	142
1839	186
1840	198
1841	175
1842	303
1843	255
1844	175
1845	219
1846	174
1847	171
1848	183
1849	182
1850	142
1851	186
1852	137
1853	110
1854	178
1855	173
1856	207
1857	188
1858	212
1859	239
1860	205
1861	203
1862	260
1863	213
1864	155
1865	125
1866	130
1867	211
1868	198
1869	212
1870	248
1871	195
1872	185
1873	193
1874	167
1875	196
1876	154
1877	235
1878	194
1879	175
1880	223
1881	175
1882	188
1883	184
1884	167
1885	135
1886	156
1887	134
1888	212
1889	197
1890	177
1891	170
1892	241
1893	160
1894	207
1895	138
1896	237
1897	170
1898	190
1899	209
1900	188
1901	171
1902	160
1903	220
1904	167
1905	215
1906	201
1907	148
1908	156
1909	185
1910	187
1911	181
1912	152
1913	200
1914	249
1915	203
1916	191
1917	200
1918	193
1919	240
1920	172
1921	191
1922	240
1923	232
1924	188
1925	204
1926	186
1927	223
1928	161
1929	185
1930	230
1931	142
1932	204
1933	200
1934	190
1935	252
1936	219
1937	157
1938	230
1939	326
1940	428
1941	222
1942	209
1943	208
1944	196
1945	180
1946	318
1947	229
1948	141
1949	124
1950	225
1951	170
1952	224
1953	199
1954	212
1955	431
1956	548
1957	244
1958	167
1959	156
1960	208
1961	309
1962	314
1963	241
1964	196
1965	216
1966	246
1967	191
1968	187
1969	189
1970	220
1971	232
1972	212
1973	268
1974	153
1975	257
1976	267
1977	232
1978	237
1979	174
1980	221
1981	196
1982	168
1983	217
1984	328
1985	399
1986	269
1987	300
1988	322
1989	305
1990	197
1991	248
1992	180
1993	166
1994	172
1995	187
1996	209
1997	191
1998	238
1999	203
2000	306
2001	334
2002	222
2003	249
2004	252
2005	252
2006	314
2007	174
2008	138
2009	217
2010	224
2011	176
2012	200
2013	229
2014	229
2015	209
2016	149
2017	235
2018	235
2019	249
2020	159
2021	202
2022	215
2023	142
2024	133
2025	191
2026	168
2027	163
2028	277
2029	299
2030	235
2031	152
2032	136
2033	174
2034	154
2035	241
2036	251
2037	191
2038	157
2039	141
2040	115
2041	91
2042	97
2043	129
2044	120
2045	73
2046	87
2047	53
