Instrument: Andor
X Size: 2048
Y Size: 64
Total Flux: 0.000
Total Counts: 335781
Background: 314.000000
Curvature: 0.0
Clipped to ROI: No
ROI: 1309 526 2539 1627
X	Counts
0	100
1	87
2	96
3	51
4	92
5	68
6	79
7	58
8	53
9	95
10	52
11	59
12	93
13	73
14	72
15	91
16	66
17	103
18	76
19	81
20	63
21	59
22	55
23	48
24	103
25	62
26	75
27	61
28	96
29	86
30	76
31	111
32	74
33	95
34	82
35	45
36	49
37	77
38	103
39	63
40	58
41	78
42	58
43	115
44	232
45	106
46	90
47	61
48	64
49	58
50	102
51	83
52	71
53	83
54	40
55	82
56	69
57	84
58	58
59	91
60	105
61	68
62	67
63	91
64	62
65	76
66	83
67	58
68	54
69	75
70	83
71	93
72	65
73	87
74	92
75	85
76	68
77	103
78	79
79	66
80	110
81	71
82	111
83	89
84	121
85	86
86	73
87	60
88	89
89	72
90	60
91	80
92	58
93	84
94	73
95	79
96	87
97	43
98	114
99	73
100	88
101	85
102	91
103	81
104	75
105	93
106	73
107	51
108	139
109	144
110	83
111	98
112	84
113	75
114	70
115	81
116	124
117	87
118	34
119	76
120	66
121	72
122	62
123	91
124	101
125	96
126	57
127	54
128	63
129	56
130	89
131	58
132	70
133	81
134	71
135	66
136	53
137	57
138	60
139	67
140	78
141	85
142	86
143	76
144	145
145	108
146	89
147	91
148	106
149	98
150	74
151	54
152	87
153	111
154	75
155	118
156	87
157	93
158	64
159	89
160	56
161	130
162	96
163	94
164	123
165	103
166	89
167	86
168	93
169	56
170	122
171	114
172	99
173	94
174	58
175	121
176	105
177	73
178	106
179	68
180	75
181	99
182	50
183	63
184	71
185	103
186	55
187	77
188	94
189	103
190	54
191	46
192	78
193	70
194	87
195	62
196	63
197	68
198	72
199	80
200	67
201	65
202	87
203	44
204	101
205	67
206	89
207	68
208	108
209	77
210	83
211	86
212	77
213	74
214	60
215	93
216	105
217	66
218	39
219	82
220	69
221	83
222	131
223	138
224	80
225	102
226	85
227	68
228	35
229	61
230	87
231	84
232	101
233	60
234	85
235	74
236	142
237	145
238	67
239	66
240	37
241	62
242	83
243	70
244	53
245	84
246	76
247	77
248	135
249	55
250	67
251	68
252	51
253	105
254	101
255	66
256	77
257	73
258	90
259	159
260	108
261	96
262	86
263	128
264	94
265	100
266	102
267	81
268	41
269	77
270	92
271	85
272	67
273	63
274	50
275	58
276	73
277	67
278	61
279	70
280	78
281	70
282	73
283	113
284	70
285	41
286	97
287	68
288	42
289	89
290	61
291	52
292	58
293	82
294	94
295	116
296	109
297	86
298	83
299	56
300	77
301	96
302	59
303	137
304	142
305	63
306	78
307	71
308	122
309	96
310	51
311	89
312	92
313	65
314	60
315	102
316	94
317	116
318	78
319	76
320	54
321	65
322	92
323	120
324	95
325	130
326	85
327	97
328	114
329	121
330	78
331	54
332	88
333	110
334	73
335	97
336	72
337	64
338	98
339	82
340	94
341	46
342	46
343	55
344	79
345	98
346	115
347	71
348	81
349	59
350	68
351	70
352	70
353	85
354	68
355	73
356	60
357	70
358	71
359	84
360	101
361	192
362	249
363	136
364	78
365	121
366	345
367	305
368	98
369	94
370	59
371	53
372	64
373	41
374	55
375	75
376	74
377	65
378	97
379	84
380	99
381	88
382	53
383	52
384	60
385	91
386	100
387	140
388	172
389	62
390	79
391	72
392	56
393	68
394	86
395	61
396	73
397	48
398	107
399	105
400	65
401	78
402	109
403	65
404	69
405	89
406	67
407	114
408	139
409	108
410	96
411	82
412	79
413	80
414	69
415	40
416	82
417	68
418	85
419	107
420	145
421	81
422	151
423	179
424	250
425	174
426	159
427	134
428	101
429	49
430	179
431	87
432	89
433	90
434	58
435	89
436	108
437	107
438	64
439	76
440	69
441	73
442	88
443	90
444	60
445	73
446	89
447	83
448	115
449	65
450	58
451	73
452	77
453	67
454	68
455	74
456	97
457	83
458	81
459	86
460	88
461	62
462	104
463	83
464	66
465	99
466	96
467	111
468	81
469	99
470	160
471	320
472	161
473	100
474	98
475	81
476	79
477	87
478	81
479	85
480	84
481	112
482	80
483	68
484	49
485	64
486	142
487	71
488	71
489	76
490	84
491	75
492	93
493	118
494	67
495	77
496	71
497	84
498	103
499	90
500	88
501	64
502	57
503	64
504	93
505	79
506	77
507	103
508	87
509	81
510	100
511	118
512	91
513	68
514	58
515	84
516	54
517	94
518	74
519	78
520	85
521	89
522	85
523	62
524	97
525	111
526	247
527	212
528	110
529	88
530	87
531	43
532	64
533	59
534	81
535	65
536	62
537	80
538	76
539	82
540	78
541	64
542	90
543	109
544	104
545	54
546	81
547	98
548	82
549	78
550	83
551	86
552	79
553	95
554	146
555	80
556	132
557	100
558	68
559	94
560	103
561	168
562	111
563	66
564	77
565	85
566	75
567	100
568	95
569	92
570	94
571	114
572	79
573	123
574	99
575	82
576	91
577	121
578	63
579	85
580	82
581	92
582	106
583	60
584	49
585	74
586	60
587	89
588	81
589	65
590	108
591	57
592	109
593	73
594	90
595	93
596	87
597	177
598	99
599	161
600	835
601	125
602	120
603	180
604	151
605	65
606	71
607	89
608	118
609	79
610	109
611	138
612	66
613	71
614	83
615	91
616	98
617	124
618	159
619	425
620	266
621	167
622	120
623	151
624	190
625	149
626	112
627	137
628	143
629	161
630	95
631	139
632	97
633	94
634	92
635	72
636	116
637	72
638	90
639	66
640	62
641	121
642	164
643	174
644	240
645	150
646	87
647	85
648	75
649	100
650	87
651	83
652	75
653	105
654	135
655	77
656	91
657	88
658	89
659	51
660	81
661	95
662	76
663	68
664	120
665	171
666	122
667	58
668	101
669	103
670	91
671	132
672	57
673	110
674	109
675	123
676	267
677	278
678	86
679	106
680	100
681	87
682	57
683	116
684	223
685	145
686	81
687	97
688	134
689	76
690	99
691	118
692	193
693	207
694	160
695	93
696	121
697	154
698	112
699	112
700	104
701	143
702	109
703	46
704	89
705	126
706	54
707	92
708	88
709	68
710	129
711	85
712	152
713	388
714	373
715	92
716	116
717	85
718	113
719	98
720	137
721	107
722	205
723	133
724	127
725	91
726	89
727	115
728	114
729	119
730	89
731	99
732	84
733	66
734	83
735	82
736	103
737	115
738	84
739	90
740	83
741	129
742	123
743	92
744	83
745	60
746	157
747	76
748	43
749	114
750	75
751	89
752	87
753	79
754	81
755	90
756	113
757	110
758	96
759	75
760	92
761	73
762	89
763	94
764	98
765	123
766	100
767	108
768	108
769	87
770	81
771	104
772	87
773	113
774	76
775	121
776	168
777	95
778	88
779	71
780	114
781	141
782	93
783	87
784	99
785	75
786	117
787	86
788	102
789	111
790	123
791	124
792	95
793	114
794	97
795	80
796	70
797	76
798	120
799	81
800	113
801	111
802	97
803	132
804	72
805	136
806	93
807	131
808	89
809	130
810	174
811	119
812	76
813	84
814	124
815	75
816	92
817	65
818	83
819	120
820	82
821	93
822	79
823	119
824	67
825	98
826	124
827	84
828	94
829	115
830	102
831	108
832	95
833	103
834	100
835	121
836	91
837	86
838	116
839	71
840	84
841	118
842	198
843	116
844	123
845	152
846	99
847	88
848	110
849	117
850	103
851	91
852	107
853	106
854	97
855	97
856	123
857	175
858	102
859	143
860	99
861	137
862	102
863	89
864	111
865	112
866	101
867	86
868	59
869	89
870	152
871	136
872	142
873	125
874	114
875	102
876	105
877	93
878	79
879	98
880	140
881	88
882	103
883	135
884	94
885	91
886	62
887	98
888	104
889	148
890	60
891	102
892	91
893	125
894	93
895	103
896	117
897	99
898	77
899	139
900	87
901	150
902	113
903	129
904	112
905	101
906	110
907	98
908	73
909	102
910	103
911	160
912	97
913	94
914	77
915	109
916	96
917	156
918	161
919	177
920	156
921	128
922	116
923	112
924	106
925	110
926	73
927	109
928	106
929	108
930	77
931	120
932	76
933	140
934	108
935	75
936	110
937	142
938	100
939	93
940	133
941	150
942	125
943	125
944	160
945	161
946	103
947	129
948	113
949	132
950	100
951	94
952	107
953	123
954	65
955	69
956	106
957	128
958	138
959	94
960	87
961	111
962	119
963	65
964	127
965	103
966	86
967	112
968	136
969	110
970	179
971	100
972	83
973	127
974	180
975	195
976	129
977	170
978	230
979	80
980	110
981	82
982	121
983	128
984	99
985	121
986	115
987	77
988	103
989	128
990	108
991	106
992	107
993	132
994	90
995	105
996	129
997	109
998	115
999	136
1000	112
1001	98
1002	115
1003	143
1004	109
1005	114
1006	109
1007	139
1008	147
1009	117
1010	60
1011	133
1012	115
1013	131
1014	112
1015	81
1016	122
1017	115
1018	121
1019	128
1020	90
1021	122
1022	131
1023	113
1024	74
1025	83
1026	189
1027	307
1028	282
1029	131
1030	119
1031	155
1032	116
1033	154
1034	89
1035	162
1036	243
1037	163
1038	160
1039	119
1040	133
1041	88
1042	119
1043	89
1044	116
1045	106
1046	165
1047	141
1048	130
1049	150
1050	129
1051	94
1052	164
1053	110
1054	139
1055	148
1056	104
1057	168
1058	148
1059	147
1060	167
1061	253
1062	176
1063	116
1064	138
1065	113
1066	221
1067	288
1068	182
1069	148
1070	225
1071	147
1072	150
1073	134
1074	161
1075	118
1076	130
1077	178
1078	106
1079	107
1080	130
1081	116
1082	215
1083	212
1084	152
1085	104
1086	125
1087	103
1088	134
1089	146
1090	104
1091	101
1092	113
1093	161
1094	80
1095	154
1096	82
1097	111
1098	103
1099	81
1100	130
1101	247
1102	198
1103	90
1104	88
1105	92
1106	128
1107	232
1108	240
1109	156
1110	201
1111	205
1112	156
1113	130
1114	183
1115	257
1116	157
1117	142
1118	160
1119	162
1120	229
1121	158
1122	225
1123	254
1124	119
1125	162
1126	199
1127	184
1128	179
1129	199
1130	91
1131	120
1132	101
1133	119
1134	160
1135	280
1136	354
1137	223
1138	276
1139	259
1140	159
1141	179
1142	269
1143	169
1144	146
1145	135
1146	142
1147	237
1148	239
1149	179
1150	249
1151	391
1152	436
1153	705
1154	328
1155	182
1156	205
1157	400
1158	326
1159	604
1160	803
1161	977
1162	812
1163	832
1164	750
1165	954
1166	1457
1167	1168
1168	1246
1169	1338
1170	1336
1171	1146
1172	1278
1173	1424
1174	1189
1175	1786
1176	1758
1177	1883
1178	1365
1179	911
1180	904
1181	901
1182	835
1183	1717
1184	1636
1185	1022
1186	795
1187	1086
1188	1050
1189	1220
1190	1507
1191	1804
1192	1893
1193	1417
1194	1662
1195	1209
1196	1006
1197	1005
1198	695
1199	718
1200	386
1201	364
1202	546
1203	511
1204	447
1205	515
1206	441
1207	378
1208	432
1209	474
1210	741
1211	602
1212	576
1213	830
1214	818
1215	452
1216	614
1217	629
1218	536
1219	624
1220	979
1221	535
1222	417
1223	597
1224	707
1225	582
1226	561
1227	761
1228	829
1229	811
1230	1157
1231	831
1232	446
1233	441
1234	467
1235	653
1236	664
1237	765
1238	483
1239	666
1240	495
1241	275
1242	251
1243	452
1244	445
1245	512
1246	470
1247	344
1248	334
1249	529
1250	435
1251	433
1252	417
1253	558
1254	690
1255	552
1256	523
1257	231
1258	116
1259	163
1260	315
1261	499
1262	321
1263	229
1264	324
1265	237
1266	306
1267	246
1268	219
1269	345
1270	343
1271	289
1272	293
1273	225
1274	267
1275	205
1276	255
1277	144
1278	163
1279	127
1280	126
1281	118
1282	200
1283	134
1284	169
1285	142
1286	139
1287	168
1288	147
1289	128
1290	151
1291	133
1292	132
1293	175
1294	155
1295	157
1296	124
1297	126
1298	159
1299	206
1300	140
1301	126
1302	151
1303	205
1304	237
1305	408
1306	222
1307	155
1308	246
1309	335
1310	179
1311	203
1312	142
1313	215
1314	146
1315	175
1316	126
1317	172
1318	212
1319	263
1320	404
1321	156
1322	150
1323	145
1324	136
1325	173
1326	153
1327	140
1328	165
1329	178
1330	124
1331	133
1332	194
1333	130
1334	140
1335	125
1336	166
1337	123
1338	152
1339	111
1340	154
1341	101
1342	146
1343	136
1344	128
1345	136
1346	166
1347	95
1348	135
1349	139
1350	138
1351	115
1352	131
1353	113
1354	115
1355	134
1356	133
1357	118
1358	203
1359	192
1360	151
1361	116
1362	108
1363	115
1364	170
1365	158
1366	169
1367	130
1368	119
1369	124
1370	137
1371	164
1372	190
1373	208
1374	174
1375	161
1376	119
1377	128
1378	158
1379	110
1380	131
1381	104
1382	144
1383	170
1384	116
1385	110
1386	138
1387	101
1388	123
1389	141
1390	106
1391	144
1392	122
1393	118
1394	123
1395	161
1396	171
1397	156
1398	154
1399	113
1400	136
1401	80
1402	153
1403	142
1404	141
1405	146
1406	100
1407	118
1408	130
1409	113
1410	134
1411	88
1412	114
1413	119
1414	141
1415	127
1416	119
1417	154
1418	158
1419	137
1420	139
1421	152
1422	131
1423	151
1424	149
1425	102
1426	142
1427	159
1428	136
1429	140
1430	133
1431	132
1432	136
1433	95
1434	154
1435	121
1436	136
1437	117
1438	122
1439	140
1440	141
1441	179
1442	168
1443	156
1444	172
1445	103
1446	130
1447	185
1448	129
1449	101
1450	211
1451	173
1452	122
1453	126
1454	135
1455	181
1456	102
1457	167
1458	165
1459	152
1460	163
1461	130
1462	97
1463	119
1464	114
1465	123
1466	114
1467	143
1468	147
1469	169
1470	125
1471	156
1472	142
1473	109
1474	117
1475	170
1476	175
1477	100
1478	92
1479	151
1480	160
1481	225
1482	152
1483	134
1484	160
1485	110
1486	116
1487	142
1488	168
1489	107
1490	191
1491	139
1492	84
1493	139
1494	113
1495	161
1496	159
1497	188
1498	114
1499	150
1500	210
1501	139
1502	131
1503	97
1504	130
1505	152
1506	116
1507	118
1508	137
1509	133
1510	184
1511	180
1512	104
1513	136
1514	190
1515	172
1516	152
1517	132
1518	146
1519	177
1520	166
1521	133
1522	242
1523	142
1524	100
1525	109
1526	161
1527	106
1528	121
1529	137
1530	163
1531	197
1532	206
1533	136
1534	94
1535	151
1536	133
1537	172
1538	144
1539	144
1540	155
1541	117
1542	135
1543	148
1544	84
1545	112
1546	177
1547	117
1548	106
1549	147
1550	159
1551	118
1552	131
1553	134
1554	158
1555	154
1556	169
1557	121
1558	164
1559	206
1560	137
1561	144
1562	98
1563	106
1564	157
1565	139
1566	125
1567	167
1568	140
1569	164
1570	134
1571	172
1572	142
1573	137
1574	97
1575	156
1576	129
1577	118
1578	141
1579	131
1580	165
1581	122
1582	176
1583	137
1584	169
1585	167
1586	162
1587	159
1588	124
1589	172
1590	90
1591	157
1592	150
1593	151
1594	149
1595	141
1596	123
1597	132
1598	169
1599	153
1600	146
1601	156
1602	151
1603	131
1604	152
1605	91
1606	153
1607	189
1608	109
1609	140
1610	159
1611	145
1612	152
1613	156
1614	183
1615	157
1616	185
1617	171
1618	227
1619	161
1620	138
1621	97
1622	120
1623	138
1624	150
1625	148
1626	145
1627	162
1628	132
1629	131
1630	164
1631	135
1632	141
1633	143
1634	167
1635	137
1636	116
1637	132
1638	148
1639	137
1640	168
1641	128
1642	154
1643	154
1644	140
1645	141
1646	190
1647	116
1648	113
1649	95
1650	172
1651	175
1652	143
1653	108
1654	145
1655	167
1656	186
1657	190
1658	157
1659	155
1660	153
1661	115
1662	104
1663	151
1664	161
1665	145
1666	142
1667	185
1668	146
1669	186
1670	178
1671	171
1672	149
1673	141
1674	134
1675	143
1676	166
1677	115
1678	128
1679	225
1680	186
1681	239
1682	311
1683	209
1684	140
1685	154
1686	149
1687	173
1688	151
1689	80
1690	109
1691	192
1692	135
1693	147
1694	185
1695	138
1696	132
1697	103
1698	189
1699	114
1700	204
1701	152
1702	132
1703	151
1704	121
1705	136
1706	126
1707	167
1708	136
1709	211
1710	142
1711	202
1712	110
1713	129
1714	195
1715	162
1716	178
1717	134
1718	132
1719	155
1720	164
1721	230
1722	163
1723	189
1724	147
1725	174
1726	175
1727	139
1728	139
1729	115
1730	207
1731	151
1732	158
1733	130
1734	168
1735	213
1736	175
1737	133
1738	113
1739	159
1740	200
1741	152
1742	178
1743	155
1744	177
1745	154
1746	219
1747	163
1748	198
1749	236
1750	112
1751	180
1752	171
1753	138
1754	202
1755	144
1756	179
1757	163
1758	249
1759	158
1760	208
1761	138
1762	164
1763	159
1764	166
1765	154
1766	150
1767	160
1768	177
1769	165
1770	127
1771	173
1772	143
1773	172
1774	205
1775	146
1776	145
1777	167
1778	144
1779	174
1780	194
1781	139
1782	129
1783	208
1784	217
1785	183
1786	109
1787	148
1788	177
1789	151
1790	149
1791	178
1792	174
1793	119
1794	251
1795	185
1796	208
1797	201
1798	150
1799	192
1800	172
1801	219
1802	290
1803	197
1804	157
1805	157
1806	232
1807	160
1808	234
1809	175
1810	129
1811	162
1812	135
1813	188
1814	138
1815	199
1816	157
1817	172
1818	172
1819	209
1820	174
1821	187
1822	194
1823	302
1824	230
1825	158
1826	227
1827	354
1828	304
1829	164
1830	140
1831	155
1832	154
1833	237
1834	172
1835	148
1836	213
1837	222
1838	200
1839	210
1840	141
1841	127
1842	188
1843	140
1844	162
1845	186
1846	156
1847	155
1848	129
1849	144
1850	211
1851	155
1852	135
1853	132
1854	144
1855	213
1856	150
1857	169
1858	266
1859	311
1860	192
1861	178
1862	165
1863	141
1864	180
1865	204
1866	194
1867	148
1868	160
1869	215
1870	206
1871	295
1872	179
1873	177
1874	179
1875	161
1876	182
1877	148
1878	165
1879	188
1880	196
1881	159
1882	161
1883	212
1884	199
1885	226
1886	195
1887	176
1888	227
1889	156
1890	178
1891	189
1892	217
1893	171
1894	190
1895	152
1896	261
1897	109
1898	266
1899	208
1900	226
1901	201
1902	254
1903	290
1904	139
1905	150
1906	163
1907	168
1908	170
1909	165
1910	186
1911	150
1912	159
1913	185
1914	200
1915	233
1916	178
1917	163
1918	157
1919	211
1920	133
1921	225
1922	173
1923	168
1924	179
1925	203
1926	170
1927	224
1928	172
1929	174
1930	194
1931	190
1932	201
1933	192
1934	207
1935	178
1936	189
1937	170
1938	199
1939	201
1940	205
1941	204
1942	181
1943	189
1944	205
1945	221
1946	193
1947	151
1948	218
1949	155
1950	217
1951	186
1952	226
1953	339
1954	215
1955	196
1956	208
1957	164
1958	207
1959	158
1960	201
1961	193
1962	209
1963	183
1964	204
1965	201
1966	204
1967	156
1968	252
1969	279
1970	275
1971	171
1972	196
1973	225
1974	183
1975	203
1976	223
1977	232
1978	235
1979	230
1980	196
1981	162
1982	167
1983	174
1984	123
1985	214
1986	268
1987	164
1988	258
1989	319
1990	207
1991	195
1992	222
1993	183
1994	218
1995	190
1996	166
1997	184
1998	182
1999	185
2000	186
2001	244
2002	191
2003	261
2004	282
2005	200
2006	142
2007	152
2008	171
2009	190
2010	311
2011	240
2012	297
2013	313
2014	262
2015	204
2016	168
2017	181
2018	159
2019	200
2020	173
2021	149
2022	129
2023	172
2024	180
2025	167
2026	169
2027	162
2028	167
2029	192
2030	252
2031	201
2032	134
2033	158
2034	169
2035	161
2036	195
2037	219
2038	159
2039	112
2040	114
2041	59
2042	109
2043	202
2044	163
2045	75
2046	118
2047	90
