Instrument: Andor
X Size: 2048
Y Size: 64
Total Flux: 0.000
Total Counts: 375985
Background: 314.000000
Curvature: 0.0
Clipped to ROI: No
ROI: 1309 526 2539 1627
X	Counts
0	83
1	93
2	93
3	79
4	67
5	75
6	81
7	72
8	84
9	64
10	57
11	70
12	85
13	73
14	57
15	80
16	94
17	95
18	102
19	63
20	63
21	52
22	81
23	109
24	113
25	85
26	79
27	59
28	72
29	70
30	63
31	74
32	78
33	80
34	59
35	54
36	60
37	42
38	83
39	70
40	86
41	76
42	83
43	94
44	75
45	72
46	59
47	53
48	87
49	86
50	127
51	90
52	69
53	120
54	61
55	101
56	72
57	119
58	133
59	60
60	65
61	45
62	55
63	64
64	85
65	102
66	58
67	82
68	63
69	74
70	65
71	92
72	75
73	74
74	85
75	49
76	105
77	112
78	75
79	73
80	108
81	122
82	84
83	74
84	101
85	85
86	68
87	79
88	102
89	86
90	107
91	67
92	83
93	101
94	95
95	128
96	102
97	115
98	256
99	109
100	72
101	123
102	49
103	68
104	98
105	108
106	66
107	78
108	97
109	93
110	60
111	94
112	92
113	123
114	83
115	124
116	140
117	97
118	69
119	59
120	80
121	68
122	111
123	83
124	76
125	100
126	74
127	74
128	67
129	48
130	82
131	62
132	63
133	120
134	102
135	74
136	71
137	68
138	96
139	73
140	79
141	64
142	91
143	45
144	82
145	140
146	77
147	64
148	162
149	217
150	83
151	77
152	137
153	137
154	143
155	302
156	111
157	91
158	104
159	218
160	101
161	81
162	99
163	60
164	140
165	70
166	91
167	108
168	53
169	63
170	105
171	62
172	77
173	73
174	94
175	125
176	81
177	45
178	56
179	72
180	106
181	60
182	127
183	101
184	67
185	108
186	64
187	83
188	94
189	102
190	80
191	90
192	165
193	157
194	113
195	79
196	63
197	60
198	85
199	69
200	48
201	64
202	62
203	64
204	33
205	70
206	88
207	77
208	136
209	49
210	79
211	72
212	54
213	75
214	48
215	51
216	85
217	82
218	108
219	58
220	87
221	93
222	52
223	116
224	88
225	124
226	58
227	91
228	63
229	93
230	66
231	80
232	69
233	95
234	68
235	72
236	51
237	86
238	94
239	79
240	81
241	64
242	80
243	63
244	71
245	133
246	143
247	76
248	116
249	67
250	79
251	57
252	36
253	105
254	88
255	70
256	72
257	80
258	141
259	113
260	74
261	121
262	71
263	126
264	166
265	50
266	97
267	113
268	67
269	79
270	89
271	111
272	99
273	108
274	99
275	250
276	111
277	97
278	86
279	138
280	105
281	53
282	52
283	66
284	70
285	86
286	82
287	115
288	63
289	79
290	74
291	91
292	60
293	53
294	61
295	92
296	78
297	71
298	83
299	72
300	114
301	123
302	72
303	112
304	125
305	60
306	103
307	86
308	69
309	92
310	71
311	82
312	104
313	40
314	49
315	75
316	75
317	42
318	65
319	94
320	76
321	97
322	95
323	102
324	55
325	84
326	72
327	77
328	94
329	69
330	72
331	53
332	68
333	69
334	58
335	85
336	67
337	48
338	87
339	104
340	107
341	110
342	76
343	100
344	55
345	88
346	92
347	59
348	107
349	82
350	105
351	74
352	72
353	46
354	50
355	95
356	88
357	66
358	50
359	100
360	60
361	136
362	205
363	126
364	104
365	142
366	49
367	72
368	78
369	84
370	78
371	78
372	45
373	83
374	84
375	66
376	73
377	92
378	92
379	118
380	87
381	110
382	94
383	114
384	76
385	70
386	51
387	132
388	105
389	73
390	98
391	118
392	60
393	51
394	94
395	83
396	136
397	160
398	168
399	112
400	85
401	83
402	194
403	71
404	89
405	83
406	108
407	173
408	224
409	146
410	151
411	142
412	81
413	88
414	68
415	61
416	87
417	106
418	104
419	60
420	145
421	96
422	155
423	67
424	104
425	153
426	112
427	93
428	93
429	158
430	202
431	88
432	90
433	89
434	78
435	168
436	136
437	74
438	100
439	79
440	75
441	129
442	83
443	73
444	93
445	78
446	71
447	67
448	108
449	96
450	86
451	159
452	93
453	54
454	67
455	114
456	108
457	404
458	143
459	102
460	98
461	74
462	96
463	69
464	71
465	129
466	100
467	172
468	137
469	84
470	65
471	112
472	69
473	90
474	86
475	72
476	89
477	96
478	69
479	61
480	79
481	83
482	107
483	96
484	92
485	69
486	96
487	111
488	68
489	111
490	113
491	120
492	148
493	124
494	74
495	76
496	84
497	64
498	112
499	102
500	80
501	67
502	88
503	64
504	86
505	96
506	83
507	95
508	133
509	147
510	67
511	99
512	103
513	73
514	75
515	99
516	74
517	103
518	77
519	94
520	76
521	86
522	108
523	60
524	92
525	119
526	74
527	111
528	108
529	84
530	66
531	61
532	63
533	83
534	126
535	107
536	74
537	52
538	85
539	66
540	87
541	75
542	62
543	107
544	81
545	102
546	147
547	305
548	128
549	150
550	169
551	105
552	114
553	136
554	167
555	85
556	88
557	113
558	86
559	104
560	179
561	152
562	80
563	70
564	105
565	85
566	114
567	177
568	165
569	91
570	111
571	98
572	116
573	110
574	73
575	82
576	135
577	95
578	37
579	84
580	75
581	93
582	101
583	67
584	120
585	80
586	68
587	88
588	79
589	91
590	92
591	71
592	79
593	89
594	101
595	122
596	121
597	252
598	206
599	111
600	77
601	118
602	235
603	111
604	74
605	97
606	55
607	70
608	104
609	82
610	107
611	151
612	122
613	170
614	182
615	245
616	233
617	196
618	350
619	467
620	525
621	411
622	324
623	161
624	210
625	601
626	289
627	238
628	289
629	560
630	404
631	285
632	505
633	534
634	532
635	828
636	597
637	525
638	677
639	543
640	500
641	487
642	346
643	557
644	424
645	159
646	125
647	125
648	111
649	112
650	153
651	77
652	128
653	233
654	195
655	140
656	170
657	274
658	145
659	151
660	167
661	131
662	205
663	222
664	112
665	108
666	143
667	98
668	203
669	231
670	306
671	111
672	117
673	105
674	69
675	99
676	97
677	106
678	107
679	90
680	104
681	107
682	68
683	131
684	121
685	86
686	83
687	121
688	117
689	62
690	102
691	78
692	83
693	93
694	125
695	166
696	183
697	114
698	117
699	79
700	118
701	105
702	104
703	149
704	203
705	290
706	214
707	251
708	116
709	96
710	99
711	114
712	105
713	79
714	97
715	164
716	281
717	140
718	103
719	90
720	62
721	113
722	146
723	78
724	112
725	71
726	99
727	99
728	55
729	73
730	52
731	69
732	91
733	108
734	94
735	86
736	135
737	79
738	161
739	83
740	89
741	108
742	76
743	68
744	106
745	71
746	101
747	118
748	95
749	138
750	155
751	114
752	85
753	97
754	160
755	118
756	77
757	143
758	75
759	117
760	108
761	97
762	109
763	122
764	72
765	104
766	94
767	93
768	103
769	104
770	85
771	87
772	104
773	121
774	96
775	123
776	101
777	126
778	139
779	186
780	180
781	148
782	120
783	77
784	93
785	83
786	103
787	145
788	101
789	81
790	97
791	95
792	71
793	70
794	114
795	118
796	122
797	76
798	133
799	69
800	109
801	190
802	134
803	96
804	103
805	109
806	81
807	114
808	96
809	100
810	115
811	134
812	70
813	96
814	85
815	73
816	63
817	109
818	70
819	75
820	86
821	76
822	81
823	87
824	125
825	146
826	120
827	90
828	106
829	225
830	214
831	102
832	88
833	88
834	98
835	82
836	118
837	98
838	99
839	174
840	262
841	121
842	114
843	74
844	106
845	130
846	90
847	57
848	129
849	97
850	77
851	119
852	96
853	96
854	139
855	111
856	132
857	123
858	86
859	82
860	217
861	401
862	155
863	116
864	75
865	117
866	116
867	126
868	123
869	107
870	113
871	104
872	126
873	97
874	134
875	145
876	88
877	85
878	59
879	114
880	109
881	119
882	108
883	136
884	122
885	60
886	105
887	63
888	100
889	114
890	95
891	99
892	87
893	103
894	101
895	112
896	108
897	115
898	117
899	113
900	82
901	86
902	156
903	208
904	165
905	163
906	98
907	123
908	95
909	83
910	112
911	76
912	124
913	122
914	75
915	134
916	120
917	88
918	147
919	170
920	143
921	133
922	107
923	77
924	66
925	105
926	67
927	122
928	129
929	136
930	78
931	92
932	118
933	73
934	122
935	106
936	168
937	209
938	182
939	154
940	121
941	124
942	90
943	122
944	133
945	148
946	94
947	143
948	120
949	118
950	88
951	152
952	155
953	142
954	162
955	150
956	117
957	132
958	113
959	131
960	105
961	96
962	135
963	130
964	80
965	102
966	79
967	120
968	105
969	131
970	144
971	92
972	118
973	134
974	87
975	60
976	101
977	115
978	177
979	109
980	125
981	129
982	117
983	113
984	102
985	118
986	102
987	97
988	113
989	229
990	154
991	103
992	111
993	105
994	137
995	79
996	136
997	172
998	131
999	109
1000	104
1001	76
1002	107
1003	137
1004	214
1005	119
1006	86
1007	139
1008	119
1009	86
1010	85
1011	119
1012	130
1013	133
1014	175
1015	250
1016	190
1017	122
1018	101
1019	192
1020	147
1021	100
1022	105
1023	116
1024	106
1025	119
1026	101
1027	123
1028	128
1029	106
1030	132
1031	132
1032	126
1033	108
1034	130
1035	111
1036	127
1037	120
1038	152
1039	123
1040	142
1041	127
1042	139
1043	136
1044	143
1045	297
1046	211
1047	149
1048	152
1049	113
1050	169
1051	123
1052	137
1053	110
1054	135
1055	149
1056	128
1057	93
1058	85
1059	127
1060	110
1061	158
1062	144
1063	106
1064	113
1065	113
1066	129
1067	113
1068	77
1069	137
1070	104
1071	103
1072	121
1073	142
1074	251
1075	206
1076	134
1077	109
1078	105
1079	164
1080	132
1081	158
1082	458
1083	91
1084	119
1085	171
1086	178
1087	182
1088	192
1089	385
1090	443
1091	119
1092	162
1093	200
1094	96
1095	197
1096	264
1097	222
1098	198
1099	125
1100	223
1101	125
1102	148
1103	125
1104	148
1105	187
1106	253
1107	152
1108	390
1109	408
1110	245
1111	145
1112	205
1113	156
1114	141
1115	161
1116	137
1117	102
1118	128
1119	118
1120	201
1121	198
1122	256
1123	321
1124	382
1125	328
1126	395
1127	287
1128	315
1129	591
1130	440
1131	246
1132	349
1133	694
1134	691
1135	339
1136	682
1137	620
1138	306
1139	302
1140	614
1141	737
1142	826
1143	551
1144	420
1145	566
1146	572
1147	282
1148	206
1149	371
1150	768
1151	385
1152	341
1153	321
1154	382
1155	573
1156	631
1157	402
1158	557
1159	1126
1160	2184
1161	1912
1162	1281
1163	1167
1164	1330
1165	1147
1166	1492
1167	1700
1168	2723
1169	3653
1170	4020
1171	4733
1172	4808
1173	5366
1174	5491
1175	4487
1176	2339
1177	1272
1178	872
1179	782
1180	556
1181	430
1182	786
1183	531
1184	416
1185	362
1186	232
1187	188
1188	133
1189	220
1190	349
1191	336
1192	377
1193	486
1194	579
1195	637
1196	444
1197	526
1198	317
1199	309
1200	522
1201	492
1202	473
1203	532
1204	483
1205	505
1206	542
1207	503
1208	512
1209	784
1210	770
1211	825
1212	473
1213	492
1214	350
1215	519
1216	784
1217	962
1218	637
1219	560
1220	773
1221	487
1222	733
1223	754
1224	671
1225	603
1226	469
1227	403
1228	688
1229	684
1230	346
1231	421
1232	753
1233	796
1234	908
1235	806
1236	650
1237	553
1238	307
1239	339
1240	424
1241	395
1242	284
1243	452
1244	476
1245	318
1246	313
1247	389
1248	421
1249	611
1250	451
1251	480
1252	291
1253	495
1254	305
1255	157
1256	182
1257	382
1258	322
1259	324
1260	179
1261	259
1262	546
1263	200
1264	257
1265	321
1266	365
1267	187
1268	118
1269	170
1270	198
1271	243
1272	367
1273	202
1274	183
1275	185
1276	128
1277	134
1278	217
1279	154
1280	119
1281	106
1282	172
1283	321
1284	208
1285	119
1286	146
1287	175
1288	137
1289	142
1290	168
1291	168
1292	148
1293	148
1294	103
1295	185
1296	206
1297	229
1298	226
1299	159
1300	129
1301	147
1302	111
1303	169
1304	139
1305	147
1306	101
1307	143
1308	157
1309	232
1310	130
1311	145
1312	185
1313	345
1314	140
1315	129
1316	208
1317	187
1318	130
1319	150
1320	182
1321	124
1322	136
1323	156
1324	220
1325	225
1326	103
1327	103
1328	143
1329	91
1330	119
1331	150
1332	130
1333	163
1334	145
1335	178
1336	126
1337	146
1338	126
1339	141
1340	159
1341	149
1342	197
1343	182
1344	167
1345	208
1346	122
1347	142
1348	172
1349	107
1350	166
1351	143
1352	179
1353	178
1354	161
1355	94
1356	127
1357	122
1358	124
1359	186
1360	137
1361	175
1362	105
1363	121
1364	152
1365	153
1366	196
1367	292
1368	291
1369	276
1370	163
1371	116
1372	111
1373	138
1374	149
1375	86
1376	141
1377	178
1378	118
1379	178
1380	130
1381	165
1382	138
1383	196
1384	120
1385	124
1386	122
1387	84
1388	103
1389	109
1390	163
1391	195
1392	145
1393	95
1394	110
1395	132
1396	127
1397	143
1398	167
1399	79
1400	151
1401	90
1402	130
1403	110
1404	126
1405	151
1406	137
1407	146
1408	137
1409	123
1410	107
1411	126
1412	132
1413	183
1414	236
1415	201
1416	161
1417	104
1418	169
1419	179
1420	164
1421	147
1422	112
1423	131
1424	138
1425	133
1426	160
1427	194
1428	158
1429	211
1430	166
1431	213
1432	172
1433	184
1434	250
1435	214
1436	162
1437	104
1438	142
1439	105
1440	133
1441	188
1442	144
1443	144
1444	176
1445	133
1446	112
1447	140
1448	129
1449	150
1450	180
1451	222
1452	137
1453	96
1454	131
1455	125
1456	130
1457	186
1458	128
1459	109
1460	110
1461	116
1462	135
1463	168
1464	133
1465	108
1466	163
1467	168
1468	207
1469	146
1470	112
1471	167
1472	166
1473	113
1474	165
1475	136
1476	131
1477	81
1478	192
1479	130
1480	136
1481	136
1482	137
1483	138
1484	136
1485	84
1486	159
1487	105
1488	179
1489	125
1490	145
1491	152
1492	159
1493	140
1494	212
1495	231
1496	229
1497	186
1498	144
1499	149
1500	243
1501	277
1502	233
1503	356
1504	226
1505	145
1506	97
1507	132
1508	140
1509	177
1510	142
1511	151
1512	174
1513	93
1514	145
1515	158
1516	185
1517	161
1518	171
1519	119
1520	125
1521	102
1522	109
1523	175
1524	130
1525	112
1526	140
1527	129
1528	142
1529	145
1530	143
1531	137
1532	137
1533	157
1534	114
1535	146
1536	154
1537	179
1538	149
1539	124
1540	115
1541	136
1542	115
1543	151
1544	131
1545	171
1546	112
1547	176
1548	85
1549	102
1550	138
1551	117
1552	121
1553	138
1554	120
1555	151
1556	210
1557	149
1558	185
1559	155
1560	113
1561	103
1562	135
1563	100
1564	165
1565	160
1566	154
1567	119
1568	146
1569	112
1570	98
1571	156
1572	116
1573	187
1574	170
1575	172
1576	127
1577	148
1578	146
1579	180
1580	151
1581	136
1582	157
1583	196
1584	131
1585	132
1586	143
1587	144
1588	156
1589	170
1590	113
1591	180
1592	153
1593	148
1594	160
1595	202
1596	216
1597	95
1598	183
1599	174
1600	129
1601	148
1602	142
1603	191
1604	178
1605	155
1606	136
1607	133
1608	170
1609	156
1610	144
1611	151
1612	190
1613	173
1614	199
1615	110
1616	127
1617	136
1618	167
1619	119
1620	141
1621	116
1622	168
1623	112
1624	172
1625	160
1626	141
1627	121
1628	167
1629	131
1630	164
1631	121
1632	122
1633	146
1634	142
1635	209
1636	128
1637	140
1638	213
1639	165
1640	174
1641	138
1642	162
1643	136
1644	116
1645	228
1646	190
1647	157
1648	103
1649	123
1650	209
1651	173
1652	140
1653	164
1654	100
1655	135
1656	170
1657	173
1658	188
1659	184
1660	259
1661	130
1662	130
1663	144
1664	139
1665	157
1666	160
1667	173
1668	188
1669	156
1670	111
1671	152
1672	148
1673	141
1674	168
1675	128
1676	157
1677	136
1678	103
1679	124
1680	175
1681	156
1682	136
1683	156
1684	147
1685	172
1686	143
1687	142
1688	161
1689	103
1690	92
1691	174
1692	161
1693	169
1694	189
1695	147
1696	172
1697	121
1698	170
1699	171
1700	185
1701	143
1702	189
1703	130
1704	160
1705	190
1706	148
1707	149
1708	197
1709	179
1710	190
1711	136
1712	143
1713	179
1714	124
1715	144
1716	145
1717	146
1718	130
1719	189
1720	150
1721	184
1722	155
1723	286
1724	185
1725	159
1726	173
1727	150
1728	166
1729	138
1730	205
1731	180
1732	154
1733	123
1734	154
1735	229
1736	141
1737	137
1738	175
1739	127
1740	164
1741	181
1742	144
1743	183
1744	156
1745	127
1746	190
1747	200
1748	142
1749	150
1750	144
1751	144
1752	156
1753	134
1754	178
1755	171
1756	159
1757	147
1758	196
1759	205
1760	157
1761	150
1762	238
1763	158
1764	181
1765	140
1766	171
1767	168
1768	144
1769	153
1770	167
1771	229
1772	219
1773	198
1774	164
1775	123
1776	176
1777	152
1778	199
1779	199
1780	165
1781	146
1782	204
1783	189
1784	190
1785	166
1786	141
1787	171
1788	153
1789	233
1790	337
1791	360
1792	145
1793	175
1794	148
1795	152
1796	166
1797	132
1798	151
1799	138
1800	147
1801	178
1802	194
1803	157
1804	186
1805	169
1806	178
1807	286
1808	115
1809	134
1810	155
1811	149
1812	205
1813	202
1814	147
1815	168
1816	141
1817	167
1818	172
1819	223
1820	274
1821	247
1822	174
1823	199
1824	183
1825	203
1826	187
1827	163
1828	215
1829	156
1830	184
1831	222
1832	138
1833	229
1834	142
1835	213
1836	180
1837	170
1838	174
1839	264
1840	317
1841	303
1842	258
1843	201
1844	209
1845	286
1846	135
1847	164
1848	191
1849	204
1850	217
1851	183
1852	144
1853	176
1854	179
1855	173
1856	153
1857	175
1858	184
1859	184
1860	206
1861	174
1862	225
1863	146
1864	215
1865	147
1866	110
1867	159
1868	150
1869	171
1870	195
1871	187
1872	144
1873	182
1874	168
1875	178
1876	169
1877	167
1878	139
1879	213
1880	201
1881	195
1882	154
1883	135
1884	174
1885	202
1886	169
1887	160
1888	221
1889	205
1890	289
1891	241
1892	212
1893	159
1894	178
1895	164
1896	235
1897	165
1898	183
1899	192
1900	190
1901	276
1902	116
1903	182
1904	203
1905	190
1906	213
1907	196
1908	159
1909	153
1910	159
1911	156
1912	157
1913	211
1914	270
1915	253
1916	215
1917	405
1918	483
1919	221
1920	168
1921	289
1922	177
1923	225
1924	150
1925	180
1926	178
1927	231
1928	196
1929	200
1930	171
1931	150
1932	227
1933	179
1934	114
1935	280
1936	364
1937	269
1938	316
1939	179
1940	263
1941	238
1942	238
1943	247
1944	181
1945	231
1946	212
1947	138
1948	257
1949	303
1950	194
1951	208
1952	189
1953	267
1954	267
1955	231
1956	252
1957	195
1958	312
1959	252
1960	174
1961	404
1962	579
1963	271
1964	261
1965	242
1966	223
1967	152
1968	259
1969	300
1970	341
1971	192
1972	178
1973	231
1974	190
1975	234
1976	184
1977	202
1978	147
1979	165
1980	207
1981	152
1982	202
1983	174
1984	119
1985	227
1986	248
1987	152
1988	203
1989	162
1990	213
1991	265
1992	213
1993	185
1994	237
1995	187
1996	195
1997	312
1998	188
1999	172
2000	178
2001	215
2002	200
2003	240
2004	229
2005	152
2006	207
2007	144
2008	241
2009	373
2010	228
2011	213
2012	203
2013	190
2014	212
2015	207
2016	193
2017	208
2018	190
2019	222
2020	144
2021	162
2022	219
2023	222
2024	207
2025	230
2026	184
2027	145
2028	144
2029	175
2030	139
2031	159
2032	112
2033	163
2034	200
2035	268
2036	120
2037	136
2038	114
2039	118
2040	142
2041	121
2042	81
2043	141
2044	210
2045	140
2046	114
2047	92
