Instrument: Andor
X Size: 2048
Y Size: 64
Total Flux: 0.000
Total Counts: 1014092
Background: 334.000000
Curvature: 0.0
Clipped to ROI: No
ROI: 1309 526 2539 1627
X	Counts
0	121
1	149
2	251
3	385
4	325
5	106
6	166
7	221
8	148
9	395
10	449
11	157
12	47
13	229
14	479
15	237
16	140
17	687
18	464
19	180
20	229
21	161
22	681
23	568
24	623
25	616
26	630
27	905
28	854
29	796
30	621
31	466
32	801
33	928
34	981
35	958
36	834
37	1349
38	983
39	1642
40	1833
41	1183
42	1285
43	1441
44	1931
45	1512
46	1464
47	1246
48	1540
49	2233
50	2302
51	1819
52	1859
53	2427
54	1914
55	2790
56	2897
57	2721
58	2883
59	2600
60	3207
61	3262
62	3247
63	3577
64	3752
65	4092
66	4010
67	3366
68	3447
69	3703
70	3641
71	2924
72	2395
73	1981
74	2124
75	1598
76	1689
77	1884
78	1537
79	1523
80	1002
81	1417
82	1362
83	1500
84	1362
85	857
86	578
87	721
88	377
89	414
90	430
91	470
92	927
93	695
94	461
95	363
96	494
97	452
98	295
99	631
100	358
101	233
102	462
103	493
104	178
105	113
106	84
107	159
108	444
109	380
110	392
111	317
112	94
113	99
114	138
115	136
116	88
117	79
118	75
119	57
120	83
121	43
122	98
123	179
124	195
125	73
126	80
127	141
128	95
129	262
130	103
131	60
132	69
133	155
134	77
135	110
136	55
137	170
138	121
139	99
140	53
141	81
142	81
143	93
144	91
145	147
146	201
147	129
148	133
149	128
150	162
151	140
152	173
153	88
154	63
155	91
156	78
157	48
158	51
159	92
160	84
161	70
162	45
163	143
164	31
165	50
166	78
167	97
168	82
169	257
170	132
171	60
172	62
173	48
174	53
175	77
176	48
177	98
178	62
179	90
180	95
181	69
182	87
183	69
184	182
185	146
186	150
187	91
188	55
189	88
190	68
191	89
192	76
193	69
194	61
195	72
196	56
197	51
198	77
199	81
200	104
201	141
202	161
203	49
204	33
205	32
206	30
207	91
208	102
209	77
210	263
211	50
212	16
213	84
214	66
215	75
216	54
217	50
218	77
219	32
220	54
221	70
222	94
223	92
224	100
225	98
226	54
227	45
228	50
229	74
230	40
231	54
232	64
233	43
234	69
235	71
236	54
237	60
238	100
239	11
240	59
241	23
242	39
243	60
244	41
245	49
246	16
247	49
248	20
249	61
250	64
251	33
252	89
253	23
254	63
255	23
256	22
257	64
258	40
259	10
260	61
261	36
262	18
263	100
264	69
265	46
266	41
267	36
268	56
269	41
270	47
271	40
272	62
273	36
274	11
275	28
276	39
277	46
278	61
279	42
280	33
281	39
282	38
283	46
284	28
285	39
286	65
287	26
288	49
289	44
290	36
291	27
292	33
293	81
294	23
295	48
296	103
297	56
298	93
299	92
300	23
301	97
302	64
303	68
304	88
305	31
306	51
307	45
308	20
309	40
310	64
311	30
312	41
313	33
314	25
315	56
316	33
317	41
318	90
319	86
320	37
321	27
322	50
323	37
324	94
325	93
326	94
327	41
328	30
329	62
330	54
331	46
332	69
333	82
334	68
335	60
336	39
337	50
338	65
339	66
340	31
341	30
342	21
343	76
344	140
345	75
346	61
347	49
348	132
349	19
350	3
351	39
352	38
353	115
354	28
355	8
356	48
357	94
358	23
359	43
360	40
361	12
362	39
363	95
364	31
365	32
366	10
367	26
368	9
369	24
370	32
371	31
372	13
373	14
374	37
375	25
376	35
377	88
378	87
379	49
380	80
381	22
382	30
383	84
384	54
385	23
386	34
387	22
388	65
389	42
390	47
391	37
392	50
393	37
394	8
395	20
396	48
397	36
398	56
399	44
400	55
401	22
402	25
403	8
404	2
405	58
406	121
407	46
408	45
409	44
410	33
411	25
412	16
413	24
414	50
415	29
416	52
417	39
418	39
419	47
420	0
421	27
422	13
423	18
424	41
425	42
426	34
427	40
428	41
429	34
430	37
431	29
432	45
433	5
434	17
435	42
436	5
437	8
438	42
439	7
440	16
441	14
442	48
443	99
444	140
445	176
446	121
447	108
448	266
449	550
450	152
451	36
452	37
453	59
454	13
455	14
456	96
457	43
458	3
459	12
460	60
461	24
462	40
463	39
464	41
465	52
466	22
467	19
468	33
469	72
470	6
471	12
472	7
473	18
474	0
475	16
476	7
477	63
478	7
479	44
480	24
481	60
482	28
483	11
484	19
485	27
486	69
487	25
488	40
489	37
490	15
491	26
492	9
493	5
494	61
495	30
496	12
497	29
498	19
499	2
500	31
501	33
502	25
503	16
504	31
505	56
506	11
507	19
508	45
509	33
510	35
511	10
512	38
513	33
514	4
515	17
516	2
517	30
518	6
519	13
520	6
521	3
522	14
523	54
524	18
525	65
526	20
527	21
528	30
529	48
530	12
531	23
532	23
533	19
534	37
535	28
536	22
537	7
538	28
539	39
540	44
541	142
542	35
543	36
544	11
545	24
546	1
547	40
548	50
549	40
550	41
551	35
552	9
553	23
554	9
555	25
556	44
557	12
558	37
559	22
560	1
561	58
562	9
563	71
564	155
565	49
566	24
567	42
568	86
569	11
570	20
571	49
572	77
573	25
574	88
575	129
576	92
577	26
578	45
579	67
580	66
581	26
582	23
583	25
584	27
585	47
586	78
587	125
588	149
589	38
590	10
591	36
592	33
593	22
594	42
595	36
596	17
597	24
598	63
599	48
600	69
601	120
602	33
603	74
604	37
605	40
606	32
607	41
608	25
609	72
610	36
611	43
612	22
613	41
614	68
615	26
616	47
617	45
618	49
619	92
620	18
621	20
622	24
623	56
624	48
625	42
626	37
627	56
628	38
629	37
630	69
631	8
632	43
633	27
634	37
635	56
636	76
637	21
638	54
639	16
640	49
641	38
642	16
643	2
644	28
645	26
646	43
647	7
648	25
649	72
650	42
651	54
652	44
653	119
654	80
655	9
656	43
657	31
658	35
659	65
660	18
661	29
662	38
663	13
664	26
665	19
666	65
667	55
668	105
669	23
670	58
671	19
672	47
673	42
674	29
675	5
676	77
677	125
678	220
679	93
680	116
681	30
682	66
683	34
684	20
685	65
686	44
687	59
688	33
689	29
690	75
691	74
692	49
693	59
694	49
695	66
696	88
697	60
698	14
699	30
700	33
701	82
702	57
703	34
704	60
705	45
706	30
707	32
708	39
709	34
710	20
711	29
712	34
713	74
714	48
715	125
716	43
717	58
718	26
719	36
720	20
721	67
722	12
723	36
724	85
725	62
726	45
727	60
728	31
729	68
730	79
731	49
732	71
733	66
734	79
735	22
736	38
737	51
738	84
739	63
740	81
741	122
742	40
743	54
744	27
745	52
746	55
747	41
748	36
749	66
750	42
751	60
752	24
753	46
754	118
755	42
756	42
757	69
758	42
759	46
760	111
761	36
762	104
763	52
764	104
765	95
766	88
767	55
768	56
769	83
770	121
771	113
772	119
773	109
774	74
775	137
776	82
777	65
778	29
779	27
780	83
781	51
782	61
783	26
784	39
785	84
786	88
787	223
788	118
789	78
790	74
791	85
792	43
793	47
794	73
795	46
796	68
797	58
798	105
799	61
800	71
801	112
802	71
803	161
804	332
805	219
806	77
807	191
808	171
809	90
810	77
811	149
812	61
813	69
814	145
815	126
816	111
817	60
818	57
819	102
820	68
821	28
822	45
823	103
824	68
825	54
826	108
827	88
828	61
829	44
830	133
831	38
832	70
833	172
834	154
835	96
836	94
837	96
838	97
839	55
840	55
841	95
842	41
843	67
844	87
845	57
846	89
847	32
848	34
849	56
850	53
851	65
852	107
853	65
854	91
855	88
856	64
857	105
858	49
859	129
860	184
861	109
862	56
863	134
864	55
865	43
866	47
867	123
868	59
869	88
870	166
871	168
872	127
873	128
874	63
875	90
876	247
877	64
878	159
879	101
880	80
881	150
882	173
883	58
884	109
885	125
886	229
887	115
888	99
889	103
890	70
891	77
892	66
893	62
894	85
895	49
896	91
897	65
898	30
899	36
900	59
901	76
902	59
903	79
904	74
905	56
906	97
907	142
908	57
909	71
910	135
911	71
912	99
913	111
914	66
915	88
916	89
917	72
918	143
919	24
920	66
921	72
922	47
923	187
924	167
925	147
926	127
927	398
928	326
929	158
930	91
931	156
932	111
933	68
934	177
935	122
936	177
937	129
938	97
939	73
940	62
941	44
942	88
943	56
944	77
945	71
946	107
947	91
948	97
949	70
950	53
951	134
952	220
953	121
954	48
955	211
956	109
957	83
958	87
959	65
960	119
961	146
962	101
963	197
964	162
965	60
966	126
967	101
968	109
969	65
970	143
971	208
972	198
973	126
974	62
975	111
976	111
977	103
978	67
979	85
980	80
981	103
982	88
983	129
984	144
985	95
986	82
987	365
988	184
989	108
990	111
991	115
992	115
993	100
994	101
995	95
996	130
997	179
998	269
999	243
1000	443
1001	332
1002	188
1003	146
1004	111
1005	152
1006	462
1007	327
1008	166
1009	93
1010	151
1011	426
1012	148
1013	158
1014	151
1015	367
1016	270
1017	256
1018	242
1019	336
1020	424
1021	340
1022	489
1023	490
1024	951
1025	952
1026	710
1027	493
1028	186
1029	660
1030	837
1031	1088
1032	1085
1033	1177
1034	894
1035	1216
1036	1440
1037	1580
1038	1662
1039	1612
1040	1801
1041	2339
1042	2052
1043	1688
1044	2231
1045	2373
1046	3484
1047	3540
1048	2119
1049	2857
1050	2612
1051	2776
1052	1877
1053	1907
1054	2238
1055	2320
1056	2493
1057	1810
1058	1392
1059	1625
1060	1423
1061	1645
1062	1611
1063	1038
1064	1194
1065	1469
1066	1259
1067	614
1068	1220
1069	1435
1070	1591
1071	1307
1072	792
1073	726
1074	491
1075	306
1076	459
1077	317
1078	537
1079	455
1080	519
1081	161
1082	138
1083	443
1084	391
1085	444
1086	176
1087	172
1088	93
1089	126
1090	203
1091	97
1092	73
1093	143
1094	144
1095	124
1096	142
1097	163
1098	129
1099	196
1100	107
1101	100
1102	164
1103	579
1104	213
1105	200
1106	114
1107	166
1108	102
1109	113
1110	108
1111	133
1112	62
1113	73
1114	80
1115	70
1116	106
1117	89
1118	245
1119	173
1120	186
1121	144
1122	86
1123	271
1124	300
1125	173
1126	79
1127	72
1128	140
1129	56
1130	97
1131	139
1132	94
1133	146
1134	186
1135	124
1136	106
1137	96
1138	100
1139	65
1140	142
1141	125
1142	152
1143	404
1144	146
1145	100
1146	37
1147	157
1148	59
1149	142
1150	100
1151	98
1152	207
1153	100
1154	170
1155	106
1156	60
1157	79
1158	152
1159	104
1160	108
1161	75
1162	74
1163	72
1164	212
1165	193
1166	125
1167	116
1168	127
1169	268
1170	177
1171	184
1172	128
1173	96
1174	165
1175	248
1176	184
1177	209
1178	180
1179	138
1180	89
1181	131
1182	213
1183	313
1184	239
1185	87
1186	377
1187	238
1188	161
1189	171
1190	111
1191	168
1192	83
1193	75
1194	127
1195	301
1196	429
1197	283
1198	317
1199	216
1200	137
1201	144
1202	89
1203	71
1204	69
1205	161
1206	118
1207	134
1208	163
1209	235
1210	87
1211	54
1212	85
1213	68
1214	112
1215	60
1216	134
1217	40
1218	50
1219	92
1220	468
1221	98
1222	76
1223	61
1224	81
1225	70
1226	72
1227	66
1228	56
1229	108
1230	130
1231	77
1232	70
1233	92
1234	92
1235	45
1236	146
1237	84
1238	106
1239	147
1240	40
1241	39
1242	123
1243	48
1244	120
1245	188
1246	125
1247	90
1248	91
1249	151
1250	75
1251	69
1252	67
1253	148
1254	123
1255	136
1256	106
1257	123
1258	42
1259	62
1260	178
1261	247
1262	74
1263	139
1264	133
1265	69
1266	68
1267	38
1268	69
1269	93
1270	80
1271	166
1272	289
1273	202
1274	103
1275	24
1276	64
1277	69
1278	81
1279	22
1280	75
1281	71
1282	33
1283	22
1284	50
1285	298
1286	367
1287	105
1288	63
1289	148
1290	85
1291	73
1292	73
1293	78
1294	54
1295	38
1296	41
1297	99
1298	31
1299	12
1300	24
1301	57
1302	84
1303	114
1304	147
1305	75
1306	93
1307	69
1308	82
1309	153
1310	143
1311	123
1312	79
1313	70
1314	39
1315	108
1316	199
1317	52
1318	82
1319	52
1320	70
1321	80
1322	126
1323	58
1324	87
1325	77
1326	57
1327	93
1328	81
1329	213
1330	135
1331	119
1332	281
1333	122
1334	58
1335	86
1336	121
1337	181
1338	124
1339	104
1340	82
1341	104
1342	55
1343	390
1344	120
1345	63
1346	88
1347	12
1348	89
1349	163
1350	88
1351	16
1352	52
1353	84
1354	61
1355	84
1356	178
1357	82
1358	37
1359	53
1360	71
1361	192
1362	158
1363	223
1364	98
1365	74
1366	261
1367	201
1368	115
1369	192
1370	35
1371	171
1372	239
1373	108
1374	241
1375	66
1376	132
1377	232
1378	70
1379	18
1380	51
1381	38
1382	36
1383	113
1384	282
1385	42
1386	181
1387	57
1388	68
1389	36
1390	20
1391	43
1392	92
1393	147
1394	366
1395	470
1396	70
1397	102
1398	24
1399	61
1400	17
1401	56
1402	98
1403	41
1404	60
1405	170
1406	105
1407	89
1408	88
1409	96
1410	136
1411	311
1412	590
1413	372
1414	112
1415	177
1416	578
1417	269
1418	150
1419	144
1420	68
1421	90
1422	92
1423	55
1424	81
1425	97
1426	73
1427	54
1428	56
1429	32
1430	38
1431	51
1432	47
1433	197
1434	160
1435	195
1436	134
1437	102
1438	35
1439	223
1440	624
1441	412
1442	158
1443	151
1444	137
1445	120
1446	563
1447	481
1448	86
1449	72
1450	172
1451	187
1452	190
1453	226
1454	183
1455	266
1456	358
1457	438
1458	347
1459	186
1460	280
1461	244
1462	436
1463	362
1464	258
1465	420
1466	207
1467	107
1468	483
1469	230
1470	482
1471	306
1472	640
1473	618
1474	771
1475	629
1476	288
1477	536
1478	680
1479	427
1480	519
1481	875
1482	947
1483	1029
1484	850
1485	938
1486	1326
1487	784
1488	620
1489	828
1490	1111
1491	1106
1492	754
1493	540
1494	936
1495	1011
1496	986
1497	1212
1498	1022
1499	949
1500	1658
1501	2298
1502	2241
1503	1840
1504	1988
1505	2740
1506	2611
1507	2503
1508	2459
1509	2229
1510	2308
1511	2125
1512	2946
1513	4156
1514	4290
1515	3895
1516	3948
1517	4420
1518	5223
1519	6130
1520	6987
1521	6590
1522	7800
1523	8934
1524	10364
1525	11212
1526	14151
1527	15752
1528	17675
1529	21552
1530	23803
1531	26839
1532	29837
1533	30004
1534	28031
1535	26024
1536	23372
1537	19184
1538	16208
1539	15359
1540	14605
1541	14094
1542	12444
1543	12805
1544	12895
1545	12132
1546	11219
1547	8630
1548	7766
1549	9672
1550	10128
1551	11384
1552	11255
1553	9173
1554	6528
1555	3764
1556	1718
1557	813
1558	510
1559	585
1560	575
1561	290
1562	245
1563	200
1564	456
1565	294
1566	113
1567	85
1568	84
1569	34
1570	89
1571	36
1572	75
1573	55
1574	47
1575	100
1576	111
1577	60
1578	32
1579	92
1580	47
1581	28
1582	55
1583	65
1584	32
1585	179
1586	92
1587	57
1588	84
1589	32
1590	192
1591	90
1592	111
1593	109
1594	54
1595	66
1596	51
1597	30
1598	122
1599	279
1600	75
1601	66
1602	94
1603	127
1604	56
1605	75
1606	25
1607	81
1608	41
1609	51
1610	39
1611	83
1612	85
1613	53
1614	80
1615	64
1616	71
1617	52
1618	116
1619	98
1620	41
1621	49
1622	65
1623	64
1624	54
1625	55
1626	114
1627	57
1628	36
1629	123
1630	200
1631	114
1632	120
1633	106
1634	66
1635	56
1636	114
1637	59
1638	112
1639	72
1640	135
1641	101
1642	123
1643	102
1644	92
1645	54
1646	39
1647	45
1648	90
1649	55
1650	100
1651	87
1652	73
1653	42
1654	127
1655	80
1656	58
1657	40
1658	79
1659	41
1660	78
1661	61
1662	90
1663	50
1664	73
1665	85
1666	41
1667	133
1668	93
1669	51
1670	110
1671	113
1672	91
1673	72
1674	117
1675	134
1676	170
1677	174
1678	95
1679	44
1680	96
1681	108
1682	66
1683	86
1684	93
1685	79
1686	113
1687	124
1688	105
1689	74
1690	26
1691	57
1692	79
1693	86
1694	96
1695	61
1696	86
1697	81
1698	169
1699	67
1700	61
1701	42
1702	99
1703	105
1704	76
1705	118
1706	75
1707	104
1708	52
1709	76
1710	77
1711	95
1712	71
1713	92
1714	48
1715	75
1716	96
1717	160
1718	136
1719	76
1720	83
1721	89
1722	49
1723	90
1724	61
1725	59
1726	80
1727	82
1728	49
1729	146
1730	85
1731	134
1732	76
1733	35
1734	94
1735	71
1736	68
1737	42
1738	122
1739	99
1740	34
1741	132
1742	74
1743	106
1744	92
1745	76
1746	123
1747	54
1748	84
1749	148
1750	103
1751	149
1752	79
1753	106
1754	59
1755	86
1756	64
1757	83
1758	63
1759	62
1760	101
1761	82
1762	59
1763	115
1764	40
1765	47
1766	68
1767	54
1768	69
1769	50
1770	50
1771	57
1772	67
1773	76
1774	87
1775	54
1776	107
1777	91
1778	136
1779	141
1780	71
1781	97
1782	56
1783	124
1784	65
1785	190
1786	84
1787	84
1788	83
1789	97
1790	60
1791	58
1792	73
1793	88
1794	75
1795	67
1796	94
1797	109
1798	89
1799	114
1800	46
1801	69
1802	86
1803	66
1804	98
1805	121
1806	113
1807	100
1808	66
1809	295
1810	82
1811	64
1812	68
1813	38
1814	97
1815	145
1816	87
1817	101
1818	50
1819	173
1820	113
1821	131
1822	90
1823	72
1824	98
1825	90
1826	93
1827	116
1828	65
1829	101
1830	87
1831	81
1832	104
1833	108
1834	49
1835	56
1836	124
1837	75
1838	145
1839	79
1840	90
1841	88
1842	70
1843	115
1844	114
1845	146
1846	95
1847	100
1848	58
1849	95
1850	148
1851	46
1852	77
1853	82
1854	98
1855	82
1856	108
1857	76
1858	145
1859	122
1860	131
1861	115
1862	351
1863	194
1864	106
1865	178
1866	126
1867	150
1868	79
1869	114
1870	121
1871	105
1872	146
1873	59
1874	83
1875	106
1876	132
1877	160
1878	109
1879	100
1880	113
1881	170
1882	120
1883	81
1884	87
1885	161
1886	79
1887	106
1888	142
1889	153
1890	167
1891	147
1892	138
1893	117
1894	117
1895	118
1896	154
1897	137
1898	134
1899	139
1900	121
1901	104
1902	127
1903	138
1904	151
1905	157
1906	206
1907	133
1908	153
1909	223
1910	177
1911	115
1912	101
1913	118
1914	141
1915	169
1916	148
1917	164
1918	161
1919	162
1920	128
1921	112
1922	144
1923	80
1924	110
1925	108
1926	132
1927	156
1928	147
1929	189
1930	171
1931	108
1932	136
1933	116
1934	103
1935	190
1936	165
1937	168
1938	135
1939	199
1940	247
1941	158
1942	130
1943	225
1944	178
1945	148
1946	187
1947	194
1948	198
1949	143
1950	163
1951	135
1952	238
1953	163
1954	200
1955	124
1956	159
1957	133
1958	192
1959	193
1960	183
1961	86
1962	125
1963	184
1964	171
1965	116
1966	219
1967	145
1968	123
1969	210
1970	219
1971	206
1972	192
1973	235
1974	208
1975	234
1976	150
1977	199
1978	207
1979	259
1980	183
1981	154
1982	153
1983	149
1984	223
1985	261
1986	204
1987	174
1988	140
1989	244
1990	166
1991	185
1992	161
1993	169
1994	150
1995	137
1996	181
1997	133
1998	89
1999	109
2000	110
2001	182
2002	89
2003	203
2004	206
2005	196
2006	255
2007	198
2008	249
2009	157
2010	167
2011	222
2012	183
2013	216
2014	171
2015	189
2016	170
2017	209
2018	161
2019	176
2020	192
2021	116
2022	195
2023	275
2024	219
2025	141
2026	162
2027	317
2028	225
2029	115
2030	179
2031	101
2032	180
2033	128
2034	133
2035	114
2036	102
2037	116
2038	86
2039	115
2040	110
2041	119
2042	82
2043	178
2044	143
2045	197
2046	199
2047	211
