Instrument: Andor
X Size: 2048
Y Size: 64
Total Flux: 0.000
Total Counts: 493076
Background: 335.000000
Curvature: 0.0
Clipped to ROI: No
ROI: 1309 526 2539 1627
X	Counts
0	303
1	177
2	376
3	318
4	173
5	329
6	323
7	569
8	542
9	688
10	763
11	591
12	669
13	666
14	841
15	920
16	939
17	954
18	826
19	560
20	959
21	1268
22	1071
23	696
24	926
25	1215
26	1272
27	1039
28	1193
29	1432
30	1263
31	1085
32	1130
33	1074
34	1819
35	1617
36	1290
37	1348
38	1441
39	1623
40	1205
41	1162
42	1385
43	1528
44	1277
45	1729
46	1890
47	1716
48	1857
49	2150
50	2441
51	2521
52	2684
53	3572
54	3551
55	3346
56	4312
57	4892
58	4839
59	4209
60	4955
61	5269
62	4815
63	4474
64	4232
65	4130
66	4248
67	4950
68	4568
69	4093
70	4350
71	4762
72	3651
73	2535
74	3059
75	3484
76	2437
77	2569
78	2650
79	1993
80	1804
81	2252
82	1912
83	1360
84	1479
85	1598
86	1752
87	1356
88	925
89	910
90	785
91	903
92	1085
93	1126
94	612
95	392
96	544
97	779
98	893
99	1016
100	874
101	652
102	878
103	739
104	1020
105	752
106	688
107	709
108	328
109	419
110	298
111	355
112	543
113	260
114	197
115	326
116	421
117	219
118	168
119	164
120	534
121	410
122	296
123	288
124	156
125	131
126	248
127	115
128	278
129	120
130	89
131	133
132	117
133	90
134	129
135	80
136	263
137	121
138	95
139	138
140	109
141	30
142	63
143	82
144	82
145	105
146	205
147	173
148	91
149	115
150	129
151	101
152	81
153	137
154	57
155	87
156	64
157	125
158	80
159	192
160	182
161	204
162	103
163	282
164	77
165	193
166	123
167	110
168	120
169	70
170	54
171	70
172	68
173	112
174	99
175	39
176	70
177	108
178	101
179	95
180	40
181	113
182	74
183	92
184	80
185	90
186	87
187	44
188	60
189	95
190	136
191	115
192	82
193	46
194	82
195	107
196	90
197	90
198	72
199	88
200	79
201	72
202	67
203	96
204	65
205	51
206	124
207	113
208	122
209	47
210	98
211	73
212	50
213	88
214	71
215	63
216	86
217	92
218	35
219	47
220	200
221	210
222	138
223	112
224	144
225	66
226	79
227	98
228	42
229	90
230	115
231	202
232	160
233	71
234	126
235	52
236	72
237	88
238	53
239	35
240	62
241	73
242	68
243	78
244	101
245	31
246	43
247	107
248	37
249	85
250	9
251	65
252	113
253	55
254	62
255	76
256	40
257	13
258	40
259	36
260	71
261	81
262	59
263	78
264	83
265	30
266	64
267	40
268	51
269	65
270	44
271	61
272	39
273	49
274	87
275	98
276	35
277	34
278	27
279	42
280	64
281	79
282	53
283	31
284	5
285	67
286	51
287	81
288	32
289	104
290	38
291	17
292	39
293	77
294	22
295	59
296	40
297	53
298	37
299	48
300	51
301	81
302	76
303	65
304	89
305	35
306	28
307	82
308	62
309	53
310	65
311	46
312	67
313	52
314	18
315	38
316	32
317	74
318	58
319	65
320	31
321	56
322	40
323	44
324	53
325	44
326	43
327	37
328	36
329	21
330	24
331	50
332	51
333	42
334	52
335	46
336	50
337	49
338	29
339	49
340	44
341	80
342	54
343	51
344	61
345	110
346	60
347	40
348	66
349	39
350	60
351	44
352	18
353	39
354	51
355	42
356	38
357	41
358	23
359	27
360	38
361	19
362	43
363	43
364	33
365	94
366	37
367	49
368	38
369	32
370	30
371	45
372	35
373	33
374	39
375	25
376	37
377	25
378	102
379	58
380	34
381	39
382	52
383	44
384	24
385	15
386	35
387	40
388	54
389	18
390	75
391	37
392	26
393	40
394	21
395	59
396	43
397	72
398	68
399	44
400	67
401	17
402	31
403	77
404	49
405	60
406	21
407	34
408	44
409	24
410	14
411	16
412	13
413	48
414	14
415	29
416	71
417	63
418	49
419	95
420	59
421	50
422	26
423	37
424	33
425	26
426	31
427	35
428	24
429	29
430	28
431	34
432	51
433	35
434	37
435	48
436	15
437	37
438	64
439	25
440	41
441	36
442	37
443	83
444	33
445	20
446	32
447	48
448	33
449	51
450	10
451	36
452	76
453	51
454	30
455	31
456	82
457	53
458	30
459	25
460	42
461	32
462	6
463	47
464	40
465	28
466	14
467	15
468	34
469	168
470	18
471	6
472	12
473	53
474	15
475	26
476	51
477	56
478	52
479	7
480	27
481	6
482	53
483	17
484	33
485	19
486	96
487	28
488	20
489	10
490	19
491	36
492	35
493	38
494	58
495	31
496	20
497	28
498	32
499	5
500	53
501	32
502	19
503	13
504	75
505	19
506	40
507	47
508	33
509	5
510	31
511	31
512	21
513	30
514	13
515	21
516	31
517	7
518	38
519	49
520	35
521	27
522	17
523	6
524	42
525	54
526	21
527	35
528	197
529	202
530	74
531	28
532	18
533	15
534	42
535	29
536	52
537	41
538	33
539	10
540	26
541	116
542	23
543	3
544	38
545	100
546	19
547	59
548	124
549	96
550	56
551	52
552	40
553	58
554	89
555	130
556	53
557	15
558	39
559	27
560	29
561	27
562	15
563	22
564	58
565	34
566	37
567	36
568	39
569	28
570	47
571	44
572	92
573	27
574	14
575	37
576	57
577	45
578	42
579	86
580	47
581	69
582	36
583	53
584	52
585	12
586	55
587	27
588	40
589	17
590	49
591	50
592	32
593	89
594	83
595	21
596	26
597	66
598	51
599	69
600	11
601	60
602	54
603	52
604	181
605	63
606	67
607	68
608	36
609	36
610	45
611	50
612	36
613	50
614	99
615	7
616	34
617	76
618	59
619	10
620	46
621	33
622	17
623	59
624	81
625	31
626	34
627	50
628	18
629	142
630	119
631	61
632	19
633	31
634	20
635	15
636	61
637	7
638	49
639	45
640	8
641	24
642	20
643	41
644	47
645	35
646	58
647	48
648	43
649	72
650	20
651	41
652	32
653	64
654	44
655	58
656	59
657	65
658	16
659	37
660	102
661	65
662	27
663	28
664	45
665	45
666	27
667	17
668	68
669	74
670	101
671	70
672	40
673	5
674	34
675	32
676	35
677	59
678	92
679	45
680	39
681	62
682	73
683	80
684	87
685	101
686	139
687	156
688	197
689	232
690	141
691	110
692	92
693	131
694	36
695	73
696	53
697	68
698	33
699	34
700	25
701	88
702	184
703	60
704	68
705	59
706	31
707	35
708	51
709	61
710	71
711	59
712	80
713	26
714	56
715	48
716	19
717	25
718	59
719	72
720	69
721	67
722	50
723	196
724	130
725	63
726	47
727	62
728	45
729	62
730	48
731	93
732	172
733	137
734	44
735	36
736	30
737	58
738	59
739	50
740	47
741	98
742	66
743	84
744	35
745	48
746	82
747	90
748	80
749	66
750	105
751	90
752	94
753	53
754	72
755	34
756	59
757	89
758	90
759	114
760	157
761	54
762	87
763	47
764	120
765	145
766	63
767	65
768	72
769	87
770	40
771	93
772	54
773	101
774	237
775	185
776	68
777	98
778	68
779	107
780	60
781	80
782	114
783	63
784	69
785	130
786	204
787	114
788	91
789	158
790	142
791	62
792	58
793	74
794	118
795	108
796	72
797	79
798	119
799	79
800	53
801	88
802	61
803	73
804	188
805	161
806	70
807	95
808	51
809	49
810	74
811	132
812	121
813	148
814	98
815	64
816	92
817	77
818	113
819	101
820	107
821	41
822	50
823	91
824	89
825	60
826	64
827	86
828	112
829	97
830	89
831	38
832	82
833	76
834	50
835	92
836	70
837	147
838	144
839	76
840	66
841	83
842	70
843	90
844	86
845	83
846	105
847	72
848	73
849	82
850	97
851	128
852	137
853	71
854	55
855	67
856	38
857	75
858	76
859	65
860	82
861	183
862	105
863	89
864	90
865	108
866	101
867	99
868	45
869	36
870	112
871	152
872	86
873	70
874	75
875	101
876	92
877	67
878	109
879	50
880	130
881	138
882	75
883	43
884	64
885	80
886	94
887	133
888	139
889	68
890	65
891	99
892	39
893	113
894	77
895	100
896	96
897	74
898	46
899	44
900	108
901	138
902	115
903	61
904	94
905	75
906	48
907	129
908	93
909	108
910	109
911	42
912	120
913	143
914	111
915	98
916	34
917	115
918	122
919	162
920	96
921	124
922	110
923	148
924	86
925	57
926	25
927	167
928	134
929	103
930	140
931	211
932	81
933	74
934	74
935	91
936	72
937	110
938	92
939	142
940	107
941	99
942	89
943	155
944	91
945	85
946	123
947	135
948	151
949	111
950	67
951	75
952	49
953	106
954	96
955	187
956	102
957	157
958	138
959	121
960	164
961	130
962	169
963	172
964	133
965	48
966	44
967	162
968	131
969	102
970	108
971	164
972	126
973	97
974	48
975	110
976	60
977	81
978	118
979	149
980	93
981	92
982	120
983	111
984	102
985	136
986	76
987	90
988	91
989	125
990	160
991	254
992	111
993	87
994	115
995	133
996	106
997	186
998	135
999	87
1000	228
1001	275
1002	115
1003	113
1004	106
1005	97
1006	145
1007	152
1008	120
1009	163
1010	75
1011	160
1012	154
1013	131
1014	91
1015	71
1016	151
1017	152
1018	155
1019	156
1020	260
1021	175
1022	241
1023	120
1024	123
1025	126
1026	117
1027	204
1028	442
1029	301
1030	337
1031	309
1032	735
1033	626
1034	729
1035	500
1036	633
1037	673
1038	1002
1039	1042
1040	1228
1041	871
1042	866
1043	1265
1044	1131
1045	1106
1046	1429
1047	1317
1048	1185
1049	802
1050	691
1051	712
1052	565
1053	588
1054	812
1055	348
1056	880
1057	514
1058	441
1059	281
1060	244
1061	173
1062	114
1063	201
1064	253
1065	123
1066	363
1067	332
1068	267
1069	307
1070	229
1071	376
1072	408
1073	346
1074	211
1075	76
1076	85
1077	117
1078	154
1079	97
1080	197
1081	100
1082	93
1083	110
1084	103
1085	190
1086	204
1087	217
1088	186
1089	125
1090	103
1091	138
1092	119
1093	99
1094	109
1095	109
1096	109
1097	186
1098	85
1099	160
1100	177
1101	187
1102	164
1103	138
1104	115
1105	96
1106	86
1107	135
1108	113
1109	122
1110	116
1111	111
1112	86
1113	74
1114	131
1115	79
1116	149
1117	82
1118	125
1119	39
1120	114
1121	142
1122	73
1123	95
1124	90
1125	80
1126	94
1127	70
1128	32
1129	105
1130	110
1131	77
1132	124
1133	312
1134	145
1135	49
1136	111
1137	127
1138	113
1139	141
1140	118
1141	74
1142	190
1143	70
1144	126
1145	58
1146	60
1147	175
1148	135
1149	88
1150	80
1151	136
1152	121
1153	72
1154	89
1155	124
1156	70
1157	94
1158	115
1159	102
1160	160
1161	97
1162	54
1163	46
1164	156
1165	65
1166	46
1167	88
1168	87
1169	199
1170	116
1171	124
1172	98
1173	241
1174	418
1175	108
1176	160
1177	454
1178	275
1179	185
1180	132
1181	118
1182	109
1183	89
1184	107
1185	133
1186	116
1187	43
1188	159
1189	122
1190	70
1191	109
1192	127
1193	174
1194	171
1195	231
1196	555
1197	102
1198	81
1199	149
1200	174
1201	112
1202	155
1203	101
1204	112
1205	100
1206	78
1207	227
1208	391
1209	191
1210	136
1211	133
1212	90
1213	52
1214	51
1215	67
1216	68
1217	84
1218	89
1219	102
1220	134
1221	110
1222	90
1223	82
1224	202
1225	81
1226	56
1227	86
1228	175
1229	93
1230	109
1231	81
1232	51
1233	67
1234	77
1235	36
1236	103
1237	97
1238	95
1239	64
1240	35
1241	74
1242	95
1243	156
1244	147
1245	80
1246	148
1247	212
1248	90
1249	161
1250	211
1251	79
1252	102
1253	122
1254	211
1255	193
1256	100
1257	40
1258	110
1259	55
1260	74
1261	115
1262	298
1263	218
1264	108
1265	91
1266	76
1267	118
1268	117
1269	137
1270	195
1271	218
1272	265
1273	73
1274	56
1275	120
1276	128
1277	176
1278	65
1279	113
1280	76
1281	74
1282	87
1283	87
1284	75
1285	148
1286	88
1287	93
1288	79
1289	71
1290	154
1291	170
1292	241
1293	203
1294	124
1295	96
1296	97
1297	61
1298	67
1299	406
1300	99
1301	94
1302	29
1303	54
1304	55
1305	140
1306	91
1307	74
1308	93
1309	170
1310	112
1311	152
1312	63
1313	109
1314	79
1315	79
1316	59
1317	94
1318	92
1319	69
1320	60
1321	114
1322	94
1323	49
1324	68
1325	180
1326	217
1327	68
1328	90
1329	119
1330	166
1331	100
1332	127
1333	83
1334	73
1335	87
1336	127
1337	47
1338	76
1339	54
1340	50
1341	88
1342	43
1343	46
1344	49
1345	78
1346	138
1347	93
1348	75
1349	57
1350	43
1351	103
1352	92
1353	107
1354	24
1355	69
1356	43
1357	33
1358	66
1359	129
1360	62
1361	58
1362	94
1363	95
1364	96
1365	85
1366	61
1367	112
1368	52
1369	179
1370	85
1371	67
1372	72
1373	58
1374	111
1375	47
1376	42
1377	58
1378	86
1379	28
1380	50
1381	48
1382	73
1383	142
1384	96
1385	40
1386	68
1387	97
1388	95
1389	12
1390	66
1391	37
1392	66
1393	26
1394	71
1395	33
1396	47
1397	43
1398	93
1399	38
1400	56
1401	79
1402	79
1403	56
1404	26
1405	43
1406	69
1407	138
1408	61
1409	115
1410	68
1411	105
1412	65
1413	71
1414	85
1415	39
1416	61
1417	70
1418	61
1419	102
1420	50
1421	30
1422	67
1423	39
1424	48
1425	38
1426	44
1427	78
1428	69
1429	43
1430	63
1431	43
1432	49
1433	40
1434	9
1435	126
1436	115
1437	59
1438	75
1439	100
1440	67
1441	122
1442	50
1443	42
1444	94
1445	52
1446	60
1447	56
1448	21
1449	48
1450	117
1451	70
1452	50
1453	113
1454	115
1455	61
1456	87
1457	59
1458	27
1459	44
1460	47
1461	50
1462	71
1463	69
1464	69
1465	119
1466	99
1467	149
1468	32
1469	69
1470	78
1471	116
1472	84
1473	77
1474	173
1475	89
1476	71
1477	53
1478	169
1479	182
1480	70
1481	111
1482	181
1483	41
1484	82
1485	253
1486	216
1487	317
1488	144
1489	129
1490	77
1491	115
1492	154
1493	243
1494	98
1495	260
1496	224
1497	168
1498	282
1499	563
1500	601
1501	957
1502	316
1503	470
1504	573
1505	498
1506	613
1507	638
1508	532
1509	702
1510	791
1511	697
1512	683
1513	1171
1514	1312
1515	1078
1516	1267
1517	815
1518	1010
1519	2394
1520	3029
1521	3010
1522	3461
1523	4982
1524	7840
1525	8685
1526	8351
1527	9900
1528	8416
1529	5394
1530	1757
1531	704
1532	571
1533	419
1534	488
1535	612
1536	466
1537	212
1538	581
1539	240
1540	535
1541	557
1542	194
1543	185
1544	49
1545	22
1546	79
1547	92
1548	57
1549	57
1550	56
1551	154
1552	108
1553	97
1554	57
1555	88
1556	90
1557	91
1558	56
1559	101
1560	53
1561	39
1562	54
1563	41
1564	74
1565	115
1566	81
1567	115
1568	22
1569	24
1570	75
1571	69
1572	117
1573	25
1574	34
1575	70
1576	48
1577	68
1578	104
1579	70
1580	75
1581	50
1582	60
1583	95
1584	54
1585	33
1586	73
1587	110
1588	67
1589	37
1590	107
1591	81
1592	128
1593	30
1594	77
1595	68
1596	85
1597	69
1598	82
1599	74
1600	46
1601	75
1602	157
1603	82
1604	47
1605	71
1606	46
1607	66
1608	37
1609	27
1610	81
1611	91
1612	88
1613	71
1614	78
1615	88
1616	88
1617	47
1618	134
1619	82
1620	34
1621	54
1622	19
1623	30
1624	96
1625	138
1626	98
1627	107
1628	92
1629	73
1630	75
1631	74
1632	103
1633	50
1634	75
1635	58
1636	90
1637	83
1638	76
1639	61
1640	200
1641	73
1642	94
1643	85
1644	71
1645	65
1646	60
1647	29
1648	120
1649	77
1650	92
1651	60
1652	43
1653	108
1654	51
1655	79
1656	107
1657	73
1658	71
1659	46
1660	86
1661	103
1662	88
1663	78
1664	130
1665	46
1666	85
1667	116
1668	66
1669	125
1670	106
1671	91
1672	37
1673	92
1674	93
1675	35
1676	163
1677	65
1678	68
1679	89
1680	105
1681	130
1682	92
1683	89
1684	96
1685	126
1686	37
1687	76
1688	76
1689	73
1690	131
1691	113
1692	109
1693	65
1694	79
1695	106
1696	57
1697	107
1698	211
1699	49
1700	91
1701	151
1702	98
1703	59
1704	109
1705	137
1706	94
1707	98
1708	74
1709	44
1710	76
1711	92
1712	93
1713	64
1714	136
1715	79
1716	113
1717	118
1718	73
1719	119
1720	97
1721	103
1722	92
1723	64
1724	68
1725	99
1726	46
1727	72
1728	62
1729	107
1730	136
1731	103
1732	62
1733	101
1734	167
1735	77
1736	102
1737	95
1738	101
1739	89
1740	106
1741	124
1742	97
1743	73
1744	151
1745	119
1746	105
1747	96
1748	111
1749	63
1750	137
1751	123
1752	79
1753	95
1754	86
1755	90
1756	64
1757	150
1758	102
1759	80
1760	94
1761	92
1762	121
1763	90
1764	37
1765	58
1766	110
1767	63
1768	73
1769	109
1770	67
1771	73
1772	68
1773	96
1774	87
1775	80
1776	115
1777	144
1778	119
1779	215
1780	140
1781	92
1782	95
1783	107
1784	96
1785	67
1786	96
1787	82
1788	140
1789	89
1790	102
1791	128
1792	133
1793	271
1794	307
1795	87
1796	79
1797	71
1798	90
1799	92
1800	199
1801	161
1802	139
1803	115
1804	58
1805	134
1806	86
1807	39
1808	105
1809	101
1810	178
1811	127
1812	68
1813	61
1814	91
1815	151
1816	133
1817	103
1818	47
1819	120
1820	124
1821	95
1822	151
1823	96
1824	173
1825	87
1826	115
1827	80
1828	112
1829	144
1830	51
1831	127
1832	108
1833	150
1834	91
1835	108
1836	112
1837	73
1838	126
1839	97
1840	174
1841	98
1842	114
1843	128
1844	101
1845	133
1846	119
1847	144
1848	122
1849	87
1850	54
1851	116
1852	142
1853	83
1854	106
1855	153
1856	228
1857	129
1858	205
1859	170
1860	175
1861	140
1862	246
1863	181
1864	148
1865	140
1866	141
1867	203
1868	108
1869	152
1870	214
1871	137
1872	133
1873	162
1874	116
1875	70
1876	102
1877	150
1878	151
1879	195
1880	124
1881	180
1882	133
1883	137
1884	129
1885	101
1886	196
1887	108
1888	131
1889	99
1890	203
1891	124
1892	334
1893	169
1894	127
1895	248
1896	218
1897	160
1898	139
1899	215
1900	160
1901	165
1902	182
1903	188
1904	153
1905	157
1906	192
1907	177
1908	150
1909	264
1910	151
1911	175
1912	117
1913	141
1914	152
1915	141
1916	127
1917	208
1918	200
1919	179
1920	193
1921	100
1922	155
1923	110
1924	131
1925	155
1926	190
1927	138
1928	210
1929	216
1930	112
1931	145
1932	245
1933	162
1934	298
1935	166
1936	178
1937	205
1938	158
1939	191
1940	245
1941	181
1942	82
1943	136
1944	164
1945	143
1946	160
1947	213
1948	147
1949	166
1950	183
1951	211
1952	320
1953	213
1954	142
1955	166
1956	190
1957	188
1958	206
1959	146
1960	237
1961	190
1962	165
1963	223
1964	149
1965	112
1966	317
1967	175
1968	261
1969	225
1970	184
1971	262
1972	246
1973	283
1974	228
1975	267
1976	212
1977	308
1978	162
1979	217
1980	266
1981	249
1982	179
1983	241
1984	186
1985	267
1986	225
1987	112
1988	191
1989	175
1990	180
1991	215
1992	190
1993	239
1994	175
1995	234
1996	255
1997	177
1998	293
1999	202
2000	161
2001	191
2002	211
2003	161
2004	382
2005	277
2006	325
2007	147
2008	196
2009	265
2010	196
2011	211
2012	263
2013	240
2014	222
2015	264
2016	238
2017	191
2018	189
2019	200
2020	186
2021	205
2022	277
2023	210
2024	222
2025	243
2026	222
2027	193
2028	200
2029	192
2030	162
2031	139
2032	136
2033	127
2034	137
2035	148
2036	154
2037	118
2038	145
2039	93
2040	166
2041	130
2042	147
2043	169
2044	169
2045	249
2046	169
2047	186
