Instrument: Andor
X Size: 2048
Y Size: 64
Total Flux: 0.000
Total Counts: 2030236
Background: 335.000000
Curvature: 0.0
Clipped to ROI: No
ROI: 1309 526 2539 1627
X	Counts
0	140
1	77
2	31
3	207
4	82
5	62
6	331
7	85
8	121
9	271
10	180
11	426
12	136
13	95
14	270
15	279
16	209
17	158
18	283
19	611
20	705
21	720
22	613
23	851
24	749
25	225
26	589
27	646
28	270
29	649
30	893
31	530
32	378
33	391
34	565
35	830
36	1000
37	1206
38	922
39	919
40	1006
41	1042
42	1095
43	1431
44	959
45	942
46	1655
47	1313
48	1111
49	1535
50	1602
51	1522
52	1635
53	1846
54	1987
55	2402
56	2628
57	2288
58	1991
59	2022
60	2802
61	2462
62	2052
63	2296
64	1818
65	2481
66	2537
67	2194
68	2751
69	2337
70	2402
71	2343
72	2048
73	1552
74	1252
75	1267
76	1068
77	885
78	1015
79	1035
80	933
81	850
82	751
83	1066
84	693
85	696
86	1035
87	878
88	381
89	237
90	225
91	281
92	776
93	276
94	383
95	467
96	212
97	490
98	643
99	412
100	691
101	674
102	342
103	170
104	155
105	122
106	281
107	1005
108	574
109	535
110	238
111	371
112	247
113	126
114	271
115	223
116	182
117	291
118	413
119	154
120	229
121	85
122	139
123	95
124	94
125	90
126	167
127	60
128	160
129	163
130	72
131	51
132	73
133	142
134	97
135	106
136	84
137	98
138	94
139	94
140	46
141	88
142	101
143	95
144	121
145	95
146	82
147	122
148	171
149	149
150	157
151	118
152	61
153	133
154	64
155	94
156	105
157	252
158	313
159	131
160	107
161	78
162	34
163	134
164	66
165	138
166	101
167	135
168	228
169	313
170	141
171	129
172	72
173	61
174	51
175	78
176	97
177	109
178	84
179	93
180	59
181	82
182	41
183	125
184	151
185	126
186	75
187	107
188	102
189	129
190	82
191	79
192	56
193	70
194	86
195	72
196	61
197	66
198	177
199	90
200	78
201	130
202	70
203	50
204	94
205	65
206	75
207	199
208	169
209	145
210	127
211	110
212	89
213	92
214	110
215	87
216	239
217	212
218	112
219	72
220	59
221	77
222	100
223	93
224	181
225	89
226	104
227	71
228	54
229	37
230	93
231	79
232	190
233	90
234	131
235	72
236	97
237	57
238	74
239	46
240	99
241	131
242	66
243	89
244	70
245	42
246	55
247	58
248	58
249	38
250	49
251	47
252	72
253	71
254	58
255	43
256	89
257	74
258	89
259	91
260	106
261	126
262	56
263	165
264	66
265	81
266	83
267	99
268	70
269	64
270	112
271	152
272	104
273	80
274	59
275	62
276	58
277	62
278	84
279	66
280	81
281	103
282	65
283	71
284	79
285	72
286	60
287	133
288	24
289	49
290	49
291	46
292	58
293	84
294	56
295	55
296	75
297	117
298	130
299	102
300	119
301	177
302	81
303	110
304	161
305	37
306	43
307	22
308	72
309	55
310	45
311	63
312	24
313	64
314	105
315	107
316	69
317	139
318	62
319	126
320	205
321	69
322	65
323	57
324	107
325	12
326	89
327	144
328	56
329	37
330	26
331	40
332	66
333	64
334	61
335	89
336	67
337	44
338	39
339	30
340	16
341	60
342	54
343	29
344	103
345	72
346	89
347	57
348	121
349	104
350	206
351	110
352	65
353	68
354	82
355	42
356	92
357	100
358	50
359	69
360	57
361	43
362	41
363	98
364	134
365	49
366	27
367	148
368	194
369	63
370	40
371	38
372	54
373	40
374	54
375	89
376	41
377	92
378	73
379	39
380	71
381	66
382	149
383	68
384	37
385	55
386	58
387	41
388	77
389	102
390	98
391	30
392	94
393	42
394	47
395	22
396	65
397	30
398	49
399	82
400	45
401	50
402	58
403	37
404	21
405	29
406	34
407	32
408	49
409	55
410	23
411	42
412	28
413	18
414	37
415	66
416	98
417	51
418	34
419	29
420	35
421	81
422	32
423	48
424	47
425	38
426	26
427	176
428	100
429	70
430	20
431	62
432	92
433	263
434	53
435	35
436	23
437	39
438	87
439	338
440	29
441	35
442	78
443	26
444	84
445	30
446	48
447	151
448	131
449	35
450	74
451	34
452	47
453	198
454	73
455	50
456	53
457	24
458	80
459	42
460	56
461	61
462	13
463	22
464	20
465	5
466	14
467	24
468	49
469	223
470	193
471	108
472	48
473	38
474	24
475	62
476	19
477	28
478	37
479	56
480	37
481	20
482	27
483	30
484	37
485	41
486	119
487	46
488	50
489	10
490	43
491	45
492	36
493	39
494	37
495	73
496	295
497	260
498	34
499	32
500	238
501	98
502	126
503	32
504	45
505	30
506	46
507	41
508	22
509	28
510	34
511	33
512	27
513	48
514	31
515	9
516	48
517	39
518	6
519	17
520	50
521	16
522	76
523	85
524	69
525	180
526	81
527	75
528	17
529	73
530	51
531	39
532	47
533	29
534	13
535	62
536	39
537	73
538	90
539	40
540	31
541	91
542	47
543	42
544	49
545	62
546	23
547	39
548	61
549	75
550	58
551	113
552	11
553	32
554	35
555	80
556	49
557	67
558	23
559	23
560	45
561	205
562	36
563	53
564	49
565	107
566	126
567	144
568	70
569	27
570	64
571	173
572	68
573	31
574	41
575	54
576	207
577	62
578	95
579	150
580	64
581	48
582	26
583	187
584	48
585	54
586	76
587	31
588	44
589	43
590	64
591	63
592	37
593	52
594	102
595	128
596	34
597	35
598	76
599	127
600	43
601	79
602	123
603	344
604	226
605	178
606	72
607	69
608	78
609	44
610	70
611	58
612	90
613	124
614	296
615	37
616	96
617	39
618	66
619	78
620	63
621	39
622	33
623	68
624	82
625	70
626	36
627	68
628	47
629	58
630	46
631	49
632	72
633	56
634	21
635	30
636	78
637	61
638	101
639	43
640	48
641	48
642	34
643	16
644	31
645	53
646	88
647	34
648	59
649	71
650	36
651	82
652	47
653	113
654	40
655	118
656	127
657	84
658	41
659	253
660	157
661	101
662	45
663	58
664	31
665	50
666	96
667	53
668	116
669	61
670	68
671	46
672	80
673	45
674	59
675	49
676	83
677	44
678	137
679	77
680	157
681	138
682	147
683	72
684	99
685	56
686	41
687	114
688	88
689	308
690	222
691	107
692	79
693	47
694	69
695	89
696	145
697	56
698	85
699	47
700	44
701	109
702	123
703	59
704	90
705	85
706	55
707	52
708	21
709	96
710	63
711	18
712	44
713	88
714	47
715	151
716	114
717	109
718	104
719	193
720	132
721	116
722	59
723	122
724	113
725	84
726	66
727	74
728	73
729	94
730	98
731	198
732	109
733	128
734	69
735	95
736	48
737	119
738	410
739	166
740	67
741	90
742	241
743	171
744	38
745	121
746	130
747	196
748	266
749	340
750	130
751	152
752	71
753	119
754	76
755	87
756	168
757	240
758	125
759	83
760	150
761	41
762	122
763	106
764	115
765	136
766	88
767	125
768	192
769	221
770	206
771	293
772	201
773	121
774	100
775	156
776	114
777	66
778	138
779	319
780	121
781	96
782	117
783	616
784	186
785	101
786	93
787	78
788	65
789	195
790	243
791	318
792	183
793	67
794	135
795	122
796	201
797	139
798	160
799	191
800	55
801	119
802	143
803	114
804	137
805	138
806	82
807	80
808	51
809	117
810	86
811	89
812	126
813	93
814	75
815	143
816	173
817	486
818	214
819	136
820	134
821	59
822	62
823	77
824	128
825	189
826	249
827	104
828	184
829	104
830	61
831	69
832	150
833	242
834	143
835	106
836	140
837	163
838	221
839	304
840	141
841	84
842	122
843	174
844	175
845	111
846	97
847	98
848	129
849	294
850	199
851	150
852	180
853	105
854	48
855	99
856	146
857	103
858	102
859	199
860	116
861	154
862	123
863	112
864	188
865	88
866	149
867	152
868	60
869	80
870	173
871	167
872	230
873	168
874	85
875	94
876	140
877	275
878	260
879	107
880	89
881	164
882	124
883	316
884	139
885	119
886	118
887	156
888	225
889	102
890	147
891	84
892	84
893	91
894	147
895	128
896	428
897	217
898	228
899	161
900	134
901	61
902	125
903	60
904	135
905	130
906	226
907	355
908	130
909	65
910	114
911	99
912	166
913	239
914	186
915	188
916	146
917	220
918	111
919	202
920	225
921	117
922	98
923	138
924	76
925	58
926	111
927	174
928	99
929	172
930	266
931	426
932	143
933	112
934	86
935	65
936	142
937	101
938	95
939	100
940	144
941	134
942	315
943	163
944	119
945	118
946	217
947	289
948	281
949	506
950	535
951	494
952	183
953	196
954	396
955	633
956	271
957	121
958	192
959	157
960	124
961	165
962	213
963	215
964	180
965	132
966	206
967	192
968	534
969	249
970	211
971	151
972	146
973	136
974	235
975	485
976	662
977	291
978	155
979	265
980	330
981	137
982	214
983	413
984	464
985	497
986	321
987	542
988	761
989	459
990	246
991	502
992	616
993	700
994	543
995	265
996	247
997	251
998	153
999	253
1000	305
1001	343
1002	301
1003	348
1004	602
1005	566
1006	622
1007	791
1008	730
1009	947
1010	729
1011	604
1012	287
1013	254
1014	631
1015	490
1016	794
1017	1018
1018	542
1019	575
1020	827
1021	1496
1022	1119
1023	1182
1024	1753
1025	2417
1026	2337
1027	2146
1028	1996
1029	1961
1030	2203
1031	2085
1032	2772
1033	3173
1034	3118
1035	3519
1036	4282
1037	4554
1038	4294
1039	4452
1040	5175
1041	4714
1042	6089
1043	6442
1044	5692
1045	6688
1046	6802
1047	7432
1048	8253
1049	7207
1050	7986
1051	8346
1052	8752
1053	8297
1054	8574
1055	8094
1056	7067
1057	7245
1058	6538
1059	5104
1060	4829
1061	5018
1062	4220
1063	3488
1064	2898
1065	3172
1066	2665
1067	2103
1068	1384
1069	1637
1070	1278
1071	994
1072	981
1073	1130
1074	1030
1075	1051
1076	728
1077	1020
1078	941
1079	713
1080	895
1081	674
1082	677
1083	906
1084	2343
1085	1131
1086	914
1087	869
1088	709
1089	986
1090	694
1091	660
1092	783
1093	394
1094	212
1095	220
1096	281
1097	699
1098	697
1099	431
1100	473
1101	376
1102	166
1103	111
1104	149
1105	321
1106	486
1107	256
1108	172
1109	256
1110	406
1111	167
1112	384
1113	592
1114	258
1115	244
1116	199
1117	138
1118	342
1119	221
1120	165
1121	224
1122	110
1123	96
1124	224
1125	415
1126	427
1127	577
1128	467
1129	143
1130	152
1131	195
1132	142
1133	116
1134	285
1135	212
1136	189
1137	293
1138	324
1139	249
1140	478
1141	484
1142	238
1143	108
1144	106
1145	106
1146	156
1147	516
1148	176
1149	190
1150	185
1151	260
1152	301
1153	120
1154	150
1155	251
1156	99
1157	72
1158	110
1159	180
1160	409
1161	177
1162	120
1163	141
1164	154
1165	203
1166	174
1167	144
1168	67
1169	116
1170	131
1171	251
1172	132
1173	133
1174	258
1175	108
1176	168
1177	157
1178	104
1179	257
1180	232
1181	369
1182	524
1183	353
1184	197
1185	281
1186	255
1187	381
1188	612
1189	563
1190	644
1191	457
1192	236
1193	455
1194	208
1195	143
1196	217
1197	119
1198	117
1199	386
1200	422
1201	604
1202	233
1203	677
1204	142
1205	237
1206	292
1207	341
1208	311
1209	163
1210	108
1211	129
1212	279
1213	184
1214	142
1215	99
1216	153
1217	294
1218	215
1219	177
1220	242
1221	123
1222	151
1223	283
1224	337
1225	520
1226	249
1227	87
1228	101
1229	87
1230	110
1231	64
1232	154
1233	77
1234	49
1235	125
1236	345
1237	159
1238	119
1239	103
1240	87
1241	130
1242	201
1243	98
1244	168
1245	160
1246	348
1247	316
1248	108
1249	209
1250	628
1251	144
1252	199
1253	305
1254	120
1255	102
1256	205
1257	178
1258	133
1259	259
1260	141
1261	208
1262	235
1263	246
1264	91
1265	99
1266	88
1267	78
1268	55
1269	124
1270	469
1271	555
1272	575
1273	301
1274	129
1275	109
1276	141
1277	267
1278	194
1279	242
1280	179
1281	392
1282	568
1283	230
1284	171
1285	288
1286	237
1287	73
1288	178
1289	143
1290	141
1291	299
1292	436
1293	468
1294	218
1295	141
1296	88
1297	73
1298	101
1299	86
1300	123
1301	202
1302	234
1303	304
1304	168
1305	116
1306	268
1307	223
1308	229
1309	237
1310	150
1311	182
1312	227
1313	250
1314	80
1315	83
1316	139
1317	76
1318	92
1319	147
1320	176
1321	347
1322	694
1323	345
1324	161
1325	157
1326	177
1327	147
1328	149
1329	304
1330	425
1331	301
1332	195
1333	78
1334	103
1335	108
1336	109
1337	176
1338	288
1339	231
1340	195
1341	226
1342	72
1343	87
1344	105
1345	331
1346	268
1347	365
1348	512
1349	114
1350	141
1351	277
1352	232
1353	206
1354	144
1355	450
1356	551
1357	170
1358	331
1359	511
1360	661
1361	410
1362	561
1363	584
1364	134
1365	190
1366	281
1367	167
1368	126
1369	321
1370	233
1371	124
1372	100
1373	124
1374	137
1375	166
1376	86
1377	178
1378	279
1379	240
1380	317
1381	182
1382	68
1383	358
1384	390
1385	239
1386	620
1387	620
1388	446
1389	2277
1390	428
1391	399
1392	650
1393	271
1394	89
1395	60
1396	139
1397	216
1398	457
1399	309
1400	499
1401	627
1402	246
1403	113
1404	179
1405	108
1406	292
1407	640
1408	356
1409	737
1410	228
1411	307
1412	306
1413	56
1414	158
1415	412
1416	589
1417	755
1418	380
1419	566
1420	172
1421	232
1422	600
1423	558
1424	180
1425	63
1426	110
1427	117
1428	786
1429	722
1430	76
1431	124
1432	365
1433	661
1434	659
1435	558
1436	288
1437	426
1438	509
1439	662
1440	843
1441	672
1442	682
1443	1030
1444	1218
1445	1166
1446	1185
1447	540
1448	637
1449	882
1450	1201
1451	716
1452	848
1453	818
1454	526
1455	1107
1456	657
1457	572
1458	744
1459	675
1460	516
1461	1023
1462	596
1463	376
1464	759
1465	827
1466	633
1467	842
1468	851
1469	806
1470	1588
1471	1665
1472	1034
1473	1189
1474	868
1475	654
1476	1148
1477	503
1478	759
1479	1014
1480	809
1481	880
1482	1500
1483	1096
1484	1318
1485	1352
1486	1388
1487	1945
1488	1804
1489	2108
1490	3057
1491	2498
1492	2140
1493	2242
1494	2240
1495	2975
1496	3595
1497	3254
1498	3505
1499	3588
1500	4608
1501	5320
1502	4362
1503	5021
1504	6067
1505	7223
1506	7126
1507	9050
1508	9699
1509	9232
1510	8920
1511	8072
1512	8023
1513	8427
1514	9854
1515	10874
1516	10535
1517	10540
1518	10247
1519	10743
1520	11374
1521	14596
1522	17121
1523	21099
1524	24843
1525	29674
1526	34819
1527	38022
1528	48087
1529	58900
1530	63708
1531	64451
1532	57339
1533	53962
1534	59875
1535	67520
1536	74772
1537	77895
1538	86937
1539	91262
1540	77864
1541	34164
1542	10698
1543	6422
1544	4586
1545	3254
1546	2474
1547	1751
1548	2445
1549	2143
1550	1212
1551	1708
1552	1167
1553	1384
1554	1275
1555	1193
1556	1344
1557	723
1558	957
1559	446
1560	912
1561	462
1562	428
1563	441
1564	893
1565	333
1566	141
1567	272
1568	366
1569	131
1570	396
1571	834
1572	583
1573	126
1574	262
1575	197
1576	132
1577	140
1578	66
1579	160
1580	100
1581	81
1582	148
1583	43
1584	160
1585	235
1586	95
1587	137
1588	140
1589	100
1590	348
1591	491
1592	217
1593	143
1594	125
1595	86
1596	159
1597	355
1598	410
1599	136
1600	58
1601	51
1602	168
1603	84
1604	72
1605	91
1606	86
1607	60
1608	122
1609	59
1610	92
1611	50
1612	112
1613	82
1614	221
1615	158
1616	117
1617	112
1618	110
1619	103
1620	44
1621	41
1622	82
1623	69
1624	80
1625	105
1626	67
1627	129
1628	132
1629	131
1630	160
1631	127
1632	122
1633	85
1634	149
1635	75
1636	115
1637	90
1638	77
1639	97
1640	148
1641	108
1642	114
1643	99
1644	74
1645	107
1646	47
1647	45
1648	117
1649	142
1650	75
1651	140
1652	108
1653	135
1654	87
1655	109
1656	88
1657	102
1658	143
1659	105
1660	82
1661	170
1662	165
1663	237
1664	227
1665	267
1666	196
1667	192
1668	166
1669	101
1670	85
1671	286
1672	212
1673	190
1674	116
1675	134
1676	214
1677	102
1678	133
1679	112
1680	195
1681	162
1682	57
1683	74
1684	81
1685	101
1686	103
1687	84
1688	111
1689	107
1690	111
1691	159
1692	107
1693	145
1694	77
1695	89
1696	111
1697	72
1698	136
1699	77
1700	140
1701	199
1702	173
1703	98
1704	235
1705	121
1706	80
1707	145
1708	91
1709	83
1710	107
1711	120
1712	97
1713	86
1714	125
1715	82
1716	115
1717	133
1718	121
1719	113
1720	56
1721	75
1722	119
1723	107
1724	57
1725	83
1726	132
1727	45
1728	102
1729	82
1730	64
1731	129
1732	64
1733	53
1734	79
1735	118
1736	108
1737	134
1738	103
1739	107
1740	91
1741	148
1742	150
1743	86
1744	96
1745	106
1746	123
1747	109
1748	121
1749	82
1750	113
1751	138
1752	123
1753	134
1754	140
1755	134
1756	143
1757	161
1758	136
1759	108
1760	117
1761	106
1762	68
1763	89
1764	97
1765	90
1766	137
1767	81
1768	117
1769	66
1770	148
1771	346
1772	111
1773	79
1774	90
1775	55
1776	137
1777	183
1778	161
1779	174
1780	105
1781	146
1782	178
1783	140
1784	83
1785	155
1786	48
1787	113
1788	119
1789	142
1790	84
1791	86
1792	95
1793	122
1794	131
1795	125
1796	75
1797	83
1798	167
1799	121
1800	181
1801	78
1802	59
1803	87
1804	134
1805	115
1806	117
1807	100
1808	74
1809	107
1810	159
1811	63
1812	235
1813	89
1814	125
1815	155
1816	93
1817	145
1818	113
1819	134
1820	133
1821	139
1822	146
1823	114
1824	101
1825	135
1826	128
1827	198
1828	172
1829	159
1830	125
1831	145
1832	137
1833	160
1834	182
1835	114
1836	174
1837	81
1838	109
1839	170
1840	160
1841	120
1842	123
1843	124
1844	142
1845	160
1846	113
1847	141
1848	120
1849	87
1850	106
1851	100
1852	139
1853	93
1854	169
1855	122
1856	192
1857	135
1858	153
1859	158
1860	215
1861	184
1862	200
1863	210
1864	203
1865	196
1866	145
1867	224
1868	124
1869	162
1870	202
1871	166
1872	106
1873	229
1874	161
1875	142
1876	115
1877	142
1878	160
1879	135
1880	157
1881	115
1882	177
1883	197
1884	126
1885	150
1886	176
1887	118
1888	128
1889	111
1890	194
1891	165
1892	148
1893	190
1894	168
1895	169
1896	182
1897	162
1898	204
1899	311
1900	218
1901	225
1902	288
1903	128
1904	222
1905	192
1906	368
1907	135
1908	149
1909	230
1910	143
1911	234
1912	104
1913	190
1914	145
1915	250
1916	222
1917	232
1918	216
1919	203
1920	148
1921	186
1922	159
1923	147
1924	164
1925	201
1926	164
1927	175
1928	212
1929	165
1930	160
1931	190
1932	208
1933	168
1934	204
1935	196
1936	228
1937	190
1938	239
1939	221
1940	309
1941	205
1942	203
1943	208
1944	244
1945	244
1946	163
1947	288
1948	183
1949	216
1950	245
1951	259
1952	248
1953	215
1954	165
1955	170
1956	190
1957	197
1958	156
1959	218
1960	284
1961	118
1962	209
1963	173
1964	160
1965	177
1966	248
1967	191
1968	207
1969	218
1970	198
1971	200
1972	307
1973	176
1974	215
1975	292
1976	272
1977	252
1978	229
1979	251
1980	202
1981	218
1982	229
1983	251
1984	251
1985	242
1986	250
1987	213
1988	170
1989	176
1990	212
1991	213
1992	255
1993	145
1994	215
1995	217
1996	317
1997	311
1998	207
1999	170
2000	160
2001	172
2002	216
2003	216
2004	319
2005	640
2006	416
2007	245
2008	213
2009	186
2010	226
2011	175
2012	200
2013	244
2014	187
2015	319
2016	275
2017	190
2018	199
2019	251
2020	178
2021	247
2022	301
2023	210
2024	277
2025	232
2026	268
2027	363
2028	343
2029	183
2030	214
2031	189
2032	129
2033	177
2034	287
2035	149
2036	217
2037	123
2038	157
2039	177
2040	108
2041	163
2042	195
2043	172
2044	160
2045	271
2046	151
2047	294
