Instrument: Andor
X Size: 2048
Y Size: 64
Total Flux: 0.000
Total Counts: 713180
Background: 334.000000
Curvature: 0.0
Clipped to ROI: No
ROI: 1309 526 2539 1627
X	Counts
0	351
1	146
2	196
3	252
4	376
5	208
6	429
7	636
8	580
9	345
10	377
11	404
12	570
13	525
14	549
15	628
16	409
17	433
18	330
19	759
20	745
21	841
22	926
23	1344
24	1286
25	1533
26	1234
27	1119
28	1404
29	1600
30	1231
31	804
32	962
33	1123
34	1271
35	1360
36	1032
37	1624
38	1698
39	1503
40	1821
41	2253
42	2023
43	2315
44	1971
45	1396
46	1724
47	2447
48	2942
49	2778
50	3182
51	3359
52	2955
53	3182
54	4126
55	4162
56	4749
57	4632
58	4329
59	4513
60	5400
61	5002
62	4094
63	4538
64	4765
65	4602
66	4800
67	3682
68	3648
69	4941
70	4774
71	4576
72	4318
73	3677
74	3492
75	2690
76	2484
77	2559
78	2557
79	1645
80	1627
81	1731
82	1414
83	1524
84	1228
85	818
86	863
87	814
88	760
89	416
90	830
91	789
92	716
93	867
94	631
95	603
96	444
97	650
98	671
99	652
100	463
101	961
102	1344
103	1205
104	1132
105	741
106	708
107	240
108	283
109	785
110	561
111	345
112	523
113	361
114	191
115	285
116	172
117	84
118	172
119	126
120	158
121	137
122	323
123	146
124	77
125	196
126	144
127	45
128	99
129	317
130	202
131	161
132	122
133	271
134	262
135	127
136	78
137	88
138	80
139	111
140	141
141	243
142	217
143	139
144	169
145	129
146	126
147	238
148	223
149	187
150	101
151	85
152	93
153	109
154	122
155	71
156	107
157	117
158	111
159	117
160	140
161	107
162	92
163	308
164	98
165	53
166	136
167	156
168	168
169	72
170	153
171	115
172	89
173	78
174	118
175	86
176	86
177	109
178	77
179	92
180	71
181	109
182	70
183	76
184	73
185	107
186	118
187	66
188	96
189	46
190	87
191	83
192	42
193	97
194	146
195	71
196	84
197	79
198	100
199	392
200	1053
201	1106
202	296
203	200
204	112
205	62
206	90
207	85
208	97
209	51
210	57
211	114
212	54
213	102
214	193
215	86
216	56
217	54
218	66
219	95
220	109
221	158
222	92
223	51
224	112
225	76
226	60
227	62
228	82
229	88
230	56
231	113
232	91
233	72
234	45
235	91
236	61
237	49
238	45
239	15
240	72
241	77
242	78
243	123
244	91
245	37
246	83
247	96
248	31
249	44
250	51
251	81
252	95
253	89
254	77
255	50
256	78
257	105
258	56
259	117
260	171
261	115
262	81
263	78
264	76
265	58
266	103
267	51
268	90
269	96
270	36
271	53
272	82
273	45
274	105
275	116
276	48
277	66
278	66
279	70
280	24
281	69
282	144
283	77
284	40
285	55
286	99
287	177
288	140
289	89
290	55
291	52
292	51
293	67
294	57
295	75
296	67
297	74
298	57
299	76
300	89
301	100
302	57
303	92
304	41
305	78
306	107
307	36
308	67
309	60
310	36
311	57
312	39
313	77
314	48
315	56
316	79
317	54
318	52
319	95
320	13
321	73
322	48
323	19
324	41
325	86
326	144
327	102
328	82
329	76
330	66
331	45
332	90
333	15
334	22
335	70
336	91
337	35
338	66
339	50
340	19
341	17
342	60
343	40
344	79
345	53
346	55
347	62
348	68
349	15
350	42
351	101
352	47
353	46
354	69
355	75
356	109
357	78
358	12
359	49
360	51
361	56
362	41
363	27
364	40
365	95
366	43
367	32
368	66
369	56
370	47
371	43
372	63
373	32
374	68
375	85
376	108
377	57
378	61
379	26
380	102
381	40
382	80
383	73
384	37
385	36
386	30
387	43
388	61
389	40
390	33
391	42
392	49
393	62
394	13
395	61
396	58
397	26
398	43
399	21
400	145
401	36
402	32
403	27
404	51
405	55
406	115
407	76
408	45
409	51
410	86
411	36
412	56
413	39
414	56
415	51
416	53
417	56
418	61
419	33
420	42
421	38
422	29
423	60
424	93
425	65
426	50
427	52
428	27
429	78
430	64
431	61
432	36
433	28
434	42
435	22
436	28
437	17
438	38
439	48
440	18
441	36
442	65
443	72
444	57
445	34
446	51
447	31
448	56
449	43
450	42
451	76
452	47
453	89
454	35
455	54
456	39
457	17
458	7
459	28
460	35
461	66
462	2
463	69
464	20
465	34
466	12
467	24
468	38
469	45
470	26
471	30
472	23
473	42
474	82
475	57
476	42
477	29
478	46
479	93
480	13
481	28
482	64
483	57
484	20
485	39
486	92
487	51
488	37
489	16
490	32
491	49
492	28
493	30
494	33
495	69
496	23
497	70
498	44
499	22
500	56
501	44
502	74
503	10
504	45
505	51
506	27
507	37
508	32
509	61
510	187
511	103
512	49
513	103
514	41
515	26
516	46
517	48
518	22
519	58
520	12
521	2
522	17
523	49
524	23
525	50
526	61
527	91
528	88
529	57
530	12
531	28
532	45
533	31
534	31
535	78
536	38
537	39
538	46
539	42
540	77
541	81
542	29
543	40
544	57
545	39
546	23
547	90
548	129
549	104
550	90
551	54
552	9
553	26
554	31
555	34
556	32
557	12
558	16
559	21
560	33
561	126
562	19
563	34
564	31
565	27
566	52
567	53
568	35
569	59
570	26
571	58
572	39
573	63
574	77
575	19
576	39
577	21
578	23
579	50
580	11
581	41
582	64
583	64
584	6
585	49
586	73
587	43
588	46
589	19
590	28
591	45
592	33
593	25
594	38
595	81
596	40
597	38
598	71
599	44
600	51
601	123
602	68
603	95
604	175
605	38
606	82
607	54
608	70
609	46
610	80
611	91
612	52
613	84
614	79
615	43
616	89
617	54
618	46
619	37
620	74
621	36
622	88
623	48
624	54
625	80
626	12
627	83
628	90
629	50
630	64
631	44
632	60
633	74
634	39
635	61
636	60
637	36
638	86
639	39
640	78
641	169
642	32
643	78
644	84
645	86
646	129
647	65
648	72
649	44
650	70
651	86
652	104
653	45
654	56
655	94
656	59
657	58
658	70
659	75
660	30
661	68
662	69
663	16
664	38
665	40
666	51
667	33
668	47
669	32
670	34
671	35
672	36
673	14
674	53
675	46
676	93
677	68
678	91
679	31
680	89
681	50
682	112
683	62
684	66
685	28
686	42
687	71
688	61
689	63
690	99
691	106
692	95
693	71
694	79
695	63
696	108
697	34
698	78
699	59
700	84
701	57
702	107
703	49
704	58
705	58
706	47
707	62
708	58
709	89
710	45
711	56
712	102
713	72
714	111
715	47
716	75
717	85
718	79
719	44
720	67
721	119
722	63
723	52
724	105
725	98
726	48
727	103
728	93
729	72
730	69
731	73
732	64
733	146
734	83
735	106
736	64
737	109
738	98
739	18
740	77
741	77
742	92
743	227
744	73
745	95
746	42
747	71
748	85
749	58
750	98
751	76
752	100
753	101
754	150
755	65
756	94
757	110
758	64
759	93
760	130
761	66
762	111
763	52
764	113
765	137
766	46
767	121
768	59
769	131
770	117
771	72
772	55
773	120
774	54
775	95
776	94
777	108
778	75
779	91
780	94
781	75
782	64
783	67
784	37
785	53
786	59
787	99
788	35
789	90
790	159
791	120
792	85
793	101
794	100
795	56
796	152
797	108
798	194
799	104
800	93
801	118
802	79
803	139
804	111
805	67
806	83
807	107
808	62
809	87
810	99
811	123
812	77
813	102
814	76
815	124
816	78
817	105
818	64
819	51
820	80
821	120
822	87
823	144
824	103
825	40
826	111
827	115
828	127
829	89
830	89
831	125
832	115
833	105
834	106
835	103
836	111
837	198
838	117
839	90
840	106
841	72
842	54
843	153
844	108
845	133
846	108
847	89
848	39
849	125
850	77
851	66
852	108
853	90
854	95
855	87
856	134
857	82
858	53
859	58
860	123
861	78
862	78
863	84
864	136
865	193
866	209
867	180
868	78
869	113
870	75
871	124
872	85
873	75
874	32
875	115
876	92
877	109
878	134
879	102
880	106
881	90
882	110
883	81
884	82
885	101
886	129
887	94
888	82
889	128
890	92
891	85
892	59
893	62
894	89
895	117
896	119
897	95
898	59
899	43
900	112
901	85
902	93
903	115
904	113
905	87
906	61
907	135
908	88
909	79
910	65
911	106
912	66
913	161
914	107
915	108
916	88
917	152
918	68
919	99
920	102
921	111
922	114
923	174
924	34
925	90
926	40
927	162
928	115
929	119
930	106
931	120
932	141
933	46
934	65
935	80
936	154
937	87
938	82
939	107
940	122
941	72
942	143
943	153
944	258
945	308
946	145
947	158
948	159
949	152
950	81
951	141
952	116
953	61
954	108
955	160
956	111
957	90
958	145
959	132
960	151
961	118
962	71
963	167
964	119
965	96
966	111
967	75
968	70
969	147
970	127
971	189
972	77
973	83
974	55
975	104
976	142
977	53
978	136
979	188
980	140
981	204
982	132
983	179
984	107
985	165
986	108
987	175
988	228
989	369
990	174
991	286
992	181
993	142
994	234
995	193
996	160
997	150
998	215
999	90
1000	131
1001	155
1002	88
1003	220
1004	127
1005	141
1006	128
1007	231
1008	124
1009	162
1010	137
1011	285
1012	198
1013	332
1014	113
1015	103
1016	218
1017	255
1018	204
1019	152
1020	371
1021	310
1022	677
1023	220
1024	205
1025	410
1026	609
1027	468
1028	515
1029	769
1030	805
1031	486
1032	637
1033	949
1034	738
1035	424
1036	1082
1037	1338
1038	1379
1039	1391
1040	1417
1041	1758
1042	2520
1043	2400
1044	2415
1045	3027
1046	3174
1047	3464
1048	3153
1049	2300
1050	2535
1051	2043
1052	1587
1053	1040
1054	745
1055	706
1056	911
1057	534
1058	908
1059	1034
1060	816
1061	906
1062	867
1063	618
1064	649
1065	537
1066	797
1067	889
1068	735
1069	777
1070	754
1071	381
1072	193
1073	583
1074	259
1075	181
1076	344
1077	368
1078	300
1079	193
1080	139
1081	320
1082	499
1083	210
1084	93
1085	214
1086	149
1087	269
1088	262
1089	135
1090	152
1091	347
1092	180
1093	232
1094	156
1095	146
1096	164
1097	143
1098	182
1099	164
1100	164
1101	159
1102	130
1103	76
1104	126
1105	205
1106	112
1107	171
1108	125
1109	172
1110	125
1111	127
1112	66
1113	89
1114	91
1115	52
1116	121
1117	141
1118	107
1119	193
1120	117
1121	55
1122	106
1123	122
1124	81
1125	153
1126	118
1127	126
1128	26
1129	112
1130	66
1131	115
1132	106
1133	83
1134	111
1135	125
1136	123
1137	164
1138	85
1139	89
1140	225
1141	99
1142	107
1143	112
1144	69
1145	133
1146	84
1147	92
1148	89
1149	106
1150	101
1151	115
1152	120
1153	77
1154	96
1155	115
1156	99
1157	74
1158	209
1159	207
1160	100
1161	65
1162	150
1163	88
1164	176
1165	143
1166	132
1167	88
1168	128
1169	155
1170	93
1171	162
1172	109
1173	119
1174	212
1175	228
1176	258
1177	196
1178	111
1179	70
1180	153
1181	248
1182	292
1183	187
1184	53
1185	142
1186	104
1187	194
1188	207
1189	419
1190	426
1191	207
1192	303
1193	476
1194	306
1195	224
1196	174
1197	69
1198	125
1199	116
1200	434
1201	316
1202	553
1203	487
1204	190
1205	350
1206	225
1207	316
1208	208
1209	310
1210	430
1211	177
1212	86
1213	161
1214	70
1215	63
1216	98
1217	55
1218	97
1219	131
1220	120
1221	185
1222	100
1223	120
1224	110
1225	108
1226	58
1227	65
1228	140
1229	127
1230	346
1231	522
1232	136
1233	57
1234	137
1235	88
1236	94
1237	54
1238	122
1239	108
1240	88
1241	62
1242	76
1243	89
1244	111
1245	81
1246	146
1247	310
1248	183
1249	108
1250	194
1251	74
1252	120
1253	187
1254	101
1255	67
1256	110
1257	141
1258	428
1259	315
1260	114
1261	138
1262	103
1263	110
1264	74
1265	80
1266	85
1267	150
1268	77
1269	153
1270	95
1271	61
1272	95
1273	64
1274	83
1275	219
1276	230
1277	202
1278	141
1279	147
1280	98
1281	228
1282	263
1283	550
1284	162
1285	411
1286	95
1287	85
1288	78
1289	71
1290	111
1291	54
1292	99
1293	147
1294	48
1295	210
1296	169
1297	169
1298	112
1299	123
1300	113
1301	73
1302	116
1303	116
1304	75
1305	89
1306	60
1307	76
1308	65
1309	67
1310	73
1311	100
1312	53
1313	81
1314	86
1315	75
1316	187
1317	71
1318	81
1319	111
1320	91
1321	188
1322	113
1323	65
1324	157
1325	82
1326	91
1327	98
1328	104
1329	61
1330	65
1331	59
1332	97
1333	147
1334	98
1335	129
1336	160
1337	82
1338	44
1339	124
1340	103
1341	176
1342	108
1343	33
1344	130
1345	107
1346	171
1347	119
1348	103
1349	62
1350	48
1351	79
1352	51
1353	71
1354	64
1355	58
1356	43
1357	72
1358	48
1359	90
1360	97
1361	51
1362	101
1363	255
1364	129
1365	56
1366	37
1367	102
1368	108
1369	141
1370	44
1371	137
1372	124
1373	95
1374	253
1375	128
1376	73
1377	40
1378	102
1379	57
1380	51
1381	103
1382	86
1383	68
1384	78
1385	28
1386	107
1387	124
1388	157
1389	243
1390	137
1391	70
1392	109
1393	56
1394	57
1395	30
1396	58
1397	176
1398	63
1399	70
1400	94
1401	98
1402	157
1403	93
1404	94
1405	278
1406	263
1407	307
1408	188
1409	118
1410	75
1411	91
1412	120
1413	67
1414	40
1415	26
1416	82
1417	171
1418	121
1419	115
1420	90
1421	96
1422	65
1423	64
1424	92
1425	85
1426	190
1427	83
1428	61
1429	59
1430	69
1431	62
1432	64
1433	71
1434	71
1435	70
1436	107
1437	83
1438	66
1439	55
1440	66
1441	80
1442	52
1443	40
1444	73
1445	192
1446	364
1447	150
1448	86
1449	204
1450	323
1451	101
1452	60
1453	80
1454	102
1455	70
1456	123
1457	130
1458	294
1459	296
1460	309
1461	149
1462	118
1463	114
1464	224
1465	394
1466	106
1467	113
1468	129
1469	418
1470	443
1471	103
1472	133
1473	248
1474	200
1475	89
1476	300
1477	467
1478	233
1479	166
1480	235
1481	444
1482	497
1483	234
1484	513
1485	269
1486	106
1487	295
1488	820
1489	883
1490	495
1491	559
1492	295
1493	898
1494	844
1495	550
1496	358
1497	558
1498	1010
1499	1309
1500	1176
1501	905
1502	1692
1503	1800
1504	1352
1505	1411
1506	1424
1507	1354
1508	1885
1509	1830
1510	1485
1511	1578
1512	1563
1513	1173
1514	1500
1515	1564
1516	1812
1517	2148
1518	2677
1519	2713
1520	3395
1521	5166
1522	5509
1523	5102
1524	6116
1525	8623
1526	10248
1527	14968
1528	18343
1529	23399
1530	28025
1531	27195
1532	20716
1533	9141
1534	3213
1535	2137
1536	1228
1537	1366
1538	995
1539	1133
1540	1202
1541	699
1542	466
1543	294
1544	270
1545	356
1546	351
1547	196
1548	75
1549	134
1550	205
1551	387
1552	174
1553	88
1554	115
1555	124
1556	126
1557	311
1558	102
1559	92
1560	83
1561	129
1562	87
1563	134
1564	68
1565	60
1566	53
1567	39
1568	71
1569	164
1570	87
1571	87
1572	58
1573	70
1574	73
1575	88
1576	47
1577	40
1578	59
1579	54
1580	67
1581	68
1582	72
1583	55
1584	82
1585	91
1586	106
1587	105
1588	130
1589	43
1590	44
1591	70
1592	97
1593	77
1594	82
1595	82
1596	83
1597	75
1598	104
1599	182
1600	86
1601	92
1602	97
1603	70
1604	97
1605	79
1606	66
1607	145
1608	34
1609	72
1610	105
1611	122
1612	107
1613	86
1614	53
1615	47
1616	73
1617	88
1618	172
1619	96
1620	43
1621	74
1622	78
1623	86
1624	61
1625	104
1626	79
1627	81
1628	99
1629	112
1630	177
1631	75
1632	120
1633	116
1634	152
1635	113
1636	94
1637	106
1638	98
1639	121
1640	203
1641	92
1642	135
1643	86
1644	146
1645	106
1646	73
1647	40
1648	101
1649	118
1650	61
1651	127
1652	70
1653	92
1654	71
1655	108
1656	74
1657	106
1658	116
1659	130
1660	105
1661	145
1662	126
1663	160
1664	93
1665	136
1666	88
1667	133
1668	105
1669	82
1670	109
1671	106
1672	99
1673	104
1674	121
1675	115
1676	256
1677	171
1678	153
1679	95
1680	143
1681	121
1682	71
1683	104
1684	67
1685	146
1686	113
1687	131
1688	72
1689	85
1690	117
1691	155
1692	87
1693	101
1694	103
1695	91
1696	107
1697	95
1698	163
1699	108
1700	110
1701	67
1702	138
1703	108
1704	125
1705	95
1706	63
1707	81
1708	82
1709	70
1710	107
1711	76
1712	127
1713	75
1714	59
1715	163
1716	119
1717	152
1718	72
1719	103
1720	56
1721	121
1722	81
1723	121
1724	73
1725	97
1726	97
1727	92
1728	77
1729	84
1730	56
1731	64
1732	90
1733	117
1734	110
1735	75
1736	43
1737	121
1738	134
1739	128
1740	99
1741	147
1742	127
1743	166
1744	168
1745	241
1746	113
1747	144
1748	141
1749	179
1750	148
1751	110
1752	104
1753	124
1754	89
1755	69
1756	176
1757	111
1758	95
1759	102
1760	128
1761	127
1762	103
1763	169
1764	58
1765	90
1766	132
1767	81
1768	186
1769	127
1770	144
1771	130
1772	115
1773	118
1774	78
1775	45
1776	172
1777	141
1778	105
1779	100
1780	142
1781	67
1782	93
1783	125
1784	106
1785	160
1786	117
1787	160
1788	113
1789	155
1790	88
1791	88
1792	119
1793	156
1794	156
1795	291
1796	128
1797	116
1798	102
1799	80
1800	121
1801	142
1802	114
1803	108
1804	96
1805	140
1806	66
1807	93
1808	95
1809	86
1810	128
1811	164
1812	257
1813	194
1814	138
1815	152
1816	124
1817	184
1818	61
1819	159
1820	153
1821	138
1822	173
1823	113
1824	136
1825	85
1826	111
1827	105
1828	182
1829	107
1830	127
1831	120
1832	121
1833	117
1834	144
1835	51
1836	195
1837	113
1838	117
1839	161
1840	143
1841	150
1842	115
1843	143
1844	103
1845	199
1846	154
1847	128
1848	194
1849	97
1850	112
1851	134
1852	99
1853	173
1854	150
1855	147
1856	222
1857	144
1858	194
1859	163
1860	130
1861	191
1862	152
1863	185
1864	130
1865	168
1866	149
1867	218
1868	190
1869	263
1870	232
1871	92
1872	76
1873	127
1874	111
1875	173
1876	276
1877	175
1878	214
1879	272
1880	147
1881	197
1882	199
1883	198
1884	201
1885	218
1886	122
1887	115
1888	208
1889	162
1890	251
1891	141
1892	193
1893	197
1894	156
1895	224
1896	158
1897	210
1898	207
1899	219
1900	225
1901	189
1902	235
1903	182
1904	248
1905	203
1906	184
1907	182
1908	225
1909	165
1910	183
1911	218
1912	213
1913	175
1914	201
1915	211
1916	118
1917	199
1918	170
1919	168
1920	228
1921	145
1922	140
1923	220
1924	132
1925	170
1926	211
1927	168
1928	231
1929	224
1930	156
1931	239
1932	147
1933	167
1934	227
1935	285
1936	178
1937	225
1938	211
1939	194
1940	319
1941	160
1942	200
1943	228
1944	233
1945	193
1946	206
1947	219
1948	150
1949	200
1950	245
1951	268
1952	194
1953	253
1954	184
1955	154
1956	192
1957	169
1958	207
1959	203
1960	236
1961	161
1962	169
1963	171
1964	188
1965	135
1966	259
1967	190
1968	267
1969	231
1970	262
1971	290
1972	276
1973	303
1974	230
1975	300
1976	188
1977	267
1978	175
1979	239
1980	262
1981	160
1982	234
1983	264
1984	271
1985	264
1986	162
1987	201
1988	188
1989	183
1990	144
1991	209
1992	319
1993	198
1994	217
1995	210
1996	289
1997	207
1998	235
1999	185
2000	212
2001	158
2002	177
2003	170
2004	207
2005	220
2006	286
2007	214
2008	166
2009	232
2010	253
2011	154
2012	235
2013	249
2014	207
2015	160
2016	273
2017	192
2018	165
2019	205
2020	183
2021	208
2022	235
2023	268
2024	263
2025	213
2026	231
2027	235
2028	215
2029	261
2030	182
2031	158
2032	166
2033	202
2034	215
2035	147
2036	128
2037	109
2038	176
2039	126
2040	185
2041	154
2042	190
2043	135
2044	136
2045	197
2046	245
2047	275
