Instrument: Andor
X Size: 2048
Y Size: 64
Total Flux: 0.000
Total Counts: 373262
Background: 330.000000
Curvature: 0.0
Clipped to ROI: No
ROI: 1309 526 2539 1627
X	Counts
0	2
1	3
2	2
3	21
4	13
5	36
6	8
7	1
8	1
9	10
10	16
11	5
12	3
13	5
14	41
15	43
16	89
17	67
18	5
19	12
20	59
21	11
22	65
23	16
24	26
25	43
26	35
27	27
28	22
29	35
30	23
31	31
32	40
33	36
34	20
35	86
36	28
37	36
38	3
39	55
40	25
41	43
42	36
43	46
44	7
45	5
46	10
47	28
48	40
49	77
50	23
51	18
52	26
53	17
54	45
55	57
56	49
57	7
58	41
59	19
60	22
61	33
62	22
63	76
64	4
65	7
66	56
67	32
68	17
69	39
70	113
71	64
72	72
73	38
74	74
75	45
76	47
77	17
78	75
79	41
80	50
81	106
82	73
83	104
84	40
85	69
86	51
87	54
88	41
89	27
90	25
91	38
92	47
93	77
94	54
95	44
96	69
97	59
98	37
99	75
100	99
101	63
102	56
103	10
104	25
105	30
106	69
107	27
108	45
109	56
110	68
111	107
112	55
113	42
114	31
115	76
116	87
117	36
118	60
119	59
120	73
121	63
122	39
123	43
124	31
125	75
126	136
127	56
128	40
129	68
130	52
131	20
132	52
133	41
134	67
135	113
136	15
137	59
138	78
139	39
140	38
141	31
142	64
143	26
144	84
145	69
146	70
147	38
148	59
149	88
150	104
151	113
152	177
153	109
154	95
155	57
156	49
157	88
158	32
159	28
160	40
161	28
162	51
163	64
164	47
165	61
166	54
167	64
168	43
169	60
170	59
171	77
172	63
173	87
174	41
175	31
176	41
177	48
178	15
179	49
180	39
181	62
182	48
183	27
184	58
185	61
186	33
187	56
188	56
189	29
190	56
191	64
192	88
193	36
194	35
195	44
196	87
197	54
198	65
199	56
200	107
201	41
202	121
203	60
204	61
205	26
206	57
207	32
208	71
209	50
210	96
211	49
212	50
213	69
214	23
215	51
216	43
217	29
218	52
219	41
220	69
221	54
222	57
223	81
224	145
225	93
226	55
227	48
228	90
229	78
230	39
231	46
232	24
233	13
234	61
235	48
236	50
237	34
238	63
239	15
240	57
241	23
242	50
243	49
244	30
245	43
246	21
247	35
248	27
249	104
250	26
251	40
252	132
253	58
254	38
255	53
256	64
257	77
258	55
259	19
260	60
261	66
262	88
263	31
264	25
265	57
266	58
267	57
268	77
269	164
270	47
271	67
272	36
273	28
274	15
275	14
276	46
277	13
278	15
279	40
280	16
281	59
282	59
283	78
284	44
285	58
286	41
287	90
288	79
289	87
290	13
291	36
292	62
293	29
294	46
295	40
296	26
297	75
298	63
299	25
300	22
301	92
302	41
303	78
304	31
305	55
306	73
307	66
308	30
309	31
310	77
311	50
312	35
313	8
314	39
315	71
316	42
317	56
318	53
319	59
320	45
321	52
322	46
323	14
324	24
325	40
326	66
327	157
328	44
329	42
330	31
331	44
332	32
333	16
334	17
335	33
336	21
337	56
338	34
339	43
340	34
341	45
342	76
343	33
344	55
345	61
346	61
347	49
348	41
349	22
350	14
351	61
352	48
353	41
354	71
355	137
356	105
357	65
358	44
359	58
360	84
361	31
362	50
363	40
364	40
365	55
366	37
367	45
368	43
369	39
370	33
371	21
372	17
373	5
374	29
375	18
376	6
377	60
378	143
379	124
380	60
381	30
382	9
383	25
384	64
385	38
386	53
387	51
388	68
389	55
390	81
391	17
392	21
393	33
394	21
395	26
396	55
397	22
398	20
399	46
400	45
401	27
402	43
403	37
404	17
405	19
406	32
407	17
408	30
409	27
410	6
411	37
412	30
413	59
414	85
415	33
416	85
417	42
418	16
419	37
420	54
421	19
422	116
423	199
424	97
425	87
426	81
427	93
428	63
429	117
430	201
431	229
432	28
433	11
434	33
435	107
436	49
437	21
438	33
439	14
440	24
441	80
442	94
443	66
444	145
445	66
446	43
447	54
448	284
449	69
450	55
451	135
452	85
453	19
454	47
455	73
456	101
457	30
458	59
459	69
460	28
461	14
462	128
463	97
464	35
465	40
466	104
467	108
468	53
469	32
470	9
471	61
472	7
473	12
474	31
475	85
476	83
477	166
478	39
479	82
480	80
481	57
482	106
483	45
484	51
485	28
486	193
487	161
488	348
489	95
490	44
491	85
492	25
493	155
494	285
495	212
496	102
497	161
498	125
499	59
500	56
501	92
502	105
503	33
504	201
505	145
506	76
507	72
508	15
509	23
510	45
511	37
512	43
513	27
514	87
515	319
516	336
517	29
518	36
519	44
520	115
521	307
522	235
523	151
524	86
525	143
526	185
527	145
528	353
529	115
530	155
531	127
532	130
533	69
534	101
535	134
536	263
537	49
538	162
539	135
540	150
541	448
542	397
543	419
544	324
545	179
546	60
547	477
548	927
549	522
550	454
551	437
552	371
553	685
554	323
555	435
556	584
557	460
558	404
559	226
560	283
561	476
562	689
563	605
564	552
565	578
566	1159
567	935
568	1030
569	587
570	829
571	1160
572	916
573	1052
574	1728
575	1373
576	1233
577	1583
578	1613
579	1506
580	1392
581	1124
582	1264
583	1716
584	1903
585	1742
586	1709
587	1998
588	1956
589	2284
590	1878
591	1391
592	1421
593	1507
594	2687
595	2865
596	2908
597	2971
598	3004
599	3467
600	3203
601	3705
602	3965
603	3496
604	4277
605	4485
606	4149
607	5098
608	4687
609	4087
610	5171
611	4405
612	3609
613	3609
614	3954
615	3513
616	3099
617	3441
618	3517
619	3830
620	4016
621	3666
622	3265
623	2566
624	2328
625	1842
626	1968
627	2157
628	1772
629	1994
630	1648
631	1780
632	2212
633	1780
634	2219
635	1575
636	1366
637	1899
638	1736
639	1492
640	781
641	1513
642	1275
643	1134
644	928
645	1075
646	1144
647	849
648	594
649	855
650	620
651	674
652	585
653	463
654	631
655	745
656	581
657	506
658	502
659	418
660	324
661	181
662	300
663	105
664	153
665	105
666	335
667	373
668	374
669	151
670	309
671	119
672	224
673	191
674	107
675	137
676	123
677	115
678	289
679	111
680	111
681	59
682	71
683	65
684	55
685	33
686	19
687	101
688	21
689	74
690	116
691	147
692	82
693	155
694	123
695	104
696	127
697	42
698	42
699	28
700	34
701	16
702	44
703	58
704	63
705	99
706	50
707	110
708	42
709	54
710	22
711	33
712	9
713	17
714	70
715	94
716	82
717	51
718	40
719	58
720	41
721	66
722	48
723	44
724	34
725	66
726	79
727	44
728	43
729	68
730	50
731	31
732	50
733	30
734	41
735	100
736	64
737	31
738	59
739	19
740	24
741	20
742	58
743	45
744	27
745	93
746	56
747	71
748	33
749	22
750	95
751	52
752	26
753	56
754	101
755	32
756	39
757	50
758	80
759	42
760	113
761	114
762	61
763	12
764	88
765	62
766	53
767	47
768	40
769	49
770	73
771	86
772	87
773	75
774	52
775	42
776	52
777	63
778	36
779	81
780	83
781	93
782	77
783	23
784	33
785	61
786	68
787	35
788	69
789	54
790	81
791	65
792	57
793	54
794	70
795	44
796	73
797	40
798	103
799	99
800	80
801	71
802	24
803	67
804	58
805	110
806	113
807	53
808	15
809	68
810	59
811	47
812	139
813	64
814	44
815	28
816	53
817	102
818	57
819	60
820	66
821	68
822	42
823	97
824	58
825	19
826	50
827	67
828	98
829	64
830	84
831	65
832	66
833	83
834	73
835	108
836	85
837	133
838	68
839	45
840	82
841	56
842	31
843	60
844	100
845	62
846	60
847	49
848	63
849	43
850	127
851	55
852	67
853	94
854	69
855	64
856	81
857	72
858	27
859	48
860	45
861	41
862	60
863	42
864	37
865	60
866	82
867	122
868	87
869	77
870	82
871	79
872	80
873	97
874	51
875	66
876	39
877	53
878	106
879	67
880	88
881	86
882	85
883	66
884	53
885	55
886	38
887	75
888	73
889	103
890	78
891	100
892	80
893	70
894	116
895	91
896	101
897	70
898	91
899	108
900	86
901	78
902	60
903	86
904	165
905	84
906	88
907	116
908	73
909	57
910	28
911	92
912	97
913	95
914	151
915	185
916	97
917	101
918	110
919	69
920	139
921	139
922	133
923	135
924	101
925	135
926	152
927	100
928	86
929	149
930	109
931	131
932	111
933	72
934	98
935	86
936	92
937	59
938	96
939	97
940	109
941	46
942	73
943	77
944	78
945	62
946	114
947	101
948	78
949	64
950	70
951	104
952	85
953	137
954	107
955	86
956	54
957	66
958	94
959	44
960	84
961	96
962	82
963	188
964	137
965	85
966	136
967	64
968	94
969	123
970	148
971	21
972	59
973	51
974	32
975	114
976	95
977	53
978	65
979	35
980	81
981	62
982	151
983	138
984	98
985	98
986	101
987	47
988	79
989	80
990	77
991	93
992	81
993	90
994	88
995	64
996	81
997	84
998	95
999	56
1000	210
1001	114
1002	86
1003	97
1004	76
1005	86
1006	97
1007	108
1008	109
1009	207
1010	79
1011	106
1012	77
1013	94
1014	65
1015	78
1016	59
1017	91
1018	104
1019	63
1020	75
1021	74
1022	43
1023	79
1024	109
1025	76
1026	76
1027	96
1028	39
1029	78
1030	129
1031	86
1032	117
1033	57
1034	106
1035	67
1036	95
1037	167
1038	118
1039	80
1040	110
1041	76
1042	81
1043	90
1044	55
1045	79
1046	95
1047	63
1048	77
1049	39
1050	83
1051	89
1052	71
1053	85
1054	103
1055	56
1056	101
1057	116
1058	81
1059	90
1060	99
1061	104
1062	98
1063	58
1064	98
1065	73
1066	48
1067	68
1068	84
1069	112
1070	48
1071	107
1072	96
1073	121
1074	290
1075	55
1076	98
1077	120
1078	51
1079	101
1080	114
1081	99
1082	93
1083	48
1084	113
1085	39
1086	75
1087	59
1088	118
1089	83
1090	62
1091	42
1092	59
1093	46
1094	107
1095	76
1096	18
1097	84
1098	88
1099	157
1100	55
1101	45
1102	37
1103	69
1104	105
1105	104
1106	63
1107	121
1108	99
1109	71
1110	86
1111	73
1112	74
1113	77
1114	58
1115	74
1116	52
1117	57
1118	51
1119	68
1120	100
1121	71
1122	20
1123	57
1124	23
1125	46
1126	70
1127	85
1128	53
1129	54
1130	64
1131	63
1132	105
1133	90
1134	37
1135	64
1136	65
1137	82
1138	69
1139	89
1140	101
1141	41
1142	92
1143	76
1144	105
1145	65
1146	104
1147	97
1148	64
1149	59
1150	83
1151	125
1152	61
1153	92
1154	83
1155	85
1156	67
1157	91
1158	75
1159	77
1160	52
1161	75
1162	73
1163	64
1164	36
1165	56
1166	56
1167	117
1168	43
1169	75
1170	66
1171	91
1172	47
1173	82
1174	177
1175	94
1176	74
1177	78
1178	103
1179	116
1180	60
1181	60
1182	89
1183	91
1184	124
1185	81
1186	68
1187	43
1188	49
1189	57
1190	49
1191	30
1192	82
1193	44
1194	68
1195	54
1196	116
1197	86
1198	59
1199	81
1200	45
1201	40
1202	52
1203	83
1204	50
1205	38
1206	83
1207	89
1208	96
1209	108
1210	38
1211	72
1212	108
1213	74
1214	89
1215	108
1216	140
1217	86
1218	60
1219	57
1220	79
1221	103
1222	45
1223	74
1224	71
1225	72
1226	73
1227	72
1228	37
1229	80
1230	64
1231	81
1232	87
1233	50
1234	95
1235	33
1236	33
1237	90
1238	22
1239	86
1240	31
1241	80
1242	77
1243	50
1244	61
1245	44
1246	83
1247	54
1248	60
1249	49
1250	73
1251	30
1252	62
1253	136
1254	57
1255	34
1256	87
1257	64
1258	68
1259	83
1260	75
1261	69
1262	62
1263	69
1264	82
1265	56
1266	67
1267	66
1268	35
1269	48
1270	39
1271	66
1272	73
1273	57
1274	30
1275	68
1276	55
1277	62
1278	78
1279	64
1280	43
1281	119
1282	95
1283	90
1284	34
1285	112
1286	101
1287	48
1288	76
1289	79
1290	39
1291	84
1292	101
1293	64
1294	57
1295	109
1296	74
1297	113
1298	58
1299	64
1300	56
1301	75
1302	48
1303	20
1304	43
1305	69
1306	63
1307	162
1308	86
1309	82
1310	159
1311	150
1312	77
1313	109
1314	64
1315	56
1316	53
1317	63
1318	52
1319	29
1320	80
1321	76
1322	57
1323	57
1324	46
1325	47
1326	72
1327	41
1328	89
1329	89
1330	52
1331	62
1332	40
1333	48
1334	80
1335	56
1336	74
1337	64
1338	60
1339	58
1340	55
1341	87
1342	48
1343	34
1344	74
1345	82
1346	58
1347	46
1348	64
1349	86
1350	68
1351	51
1352	19
1353	122
1354	92
1355	66
1356	84
1357	43
1358	33
1359	69
1360	55
1361	56
1362	36
1363	72
1364	50
1365	52
1366	103
1367	62
1368	53
1369	81
1370	40
1371	53
1372	56
1373	55
1374	85
1375	55
1376	69
1377	61
1378	67
1379	39
1380	52
1381	47
1382	45
1383	49
1384	85
1385	43
1386	69
1387	43
1388	58
1389	46
1390	40
1391	63
1392	62
1393	52
1394	56
1395	49
1396	36
1397	65
1398	78
1399	47
1400	61
1401	65
1402	38
1403	69
1404	65
1405	68
1406	90
1407	49
1408	51
1409	47
1410	80
1411	46
1412	55
1413	43
1414	58
1415	64
1416	46
1417	53
1418	62
1419	35
1420	40
1421	85
1422	27
1423	58
1424	77
1425	51
1426	37
1427	51
1428	34
1429	31
1430	4
1431	28
1432	39
1433	38
1434	40
1435	56
1436	18
1437	62
1438	30
1439	66
1440	52
1441	96
1442	31
1443	60
1444	21
1445	13
1446	57
1447	38
1448	46
1449	55
1450	42
1451	64
1452	86
1453	67
1454	23
1455	69
1456	29
1457	43
1458	25
1459	76
1460	46
1461	38
1462	117
1463	41
1464	44
1465	33
1466	63
1467	96
1468	58
1469	38
1470	69
1471	42
1472	31
1473	30
1474	52
1475	25
1476	57
1477	50
1478	61
1479	54
1480	42
1481	79
1482	62
1483	51
1484	59
1485	50
1486	32
1487	43
1488	93
1489	47
1490	41
1491	85
1492	46
1493	16
1494	42
1495	44
1496	26
1497	76
1498	51
1499	44
1500	61
1501	39
1502	60
1503	57
1504	26
1505	41
1506	9
1507	58
1508	26
1509	14
1510	32
1511	62
1512	49
1513	97
1514	50
1515	71
1516	60
1517	62
1518	22
1519	41
1520	41
1521	59
1522	46
1523	55
1524	28
1525	82
1526	79
1527	38
1528	37
1529	64
1530	34
1531	37
1532	71
1533	47
1534	67
1535	26
1536	140
1537	104
1538	39
1539	36
1540	35
1541	41
1542	22
1543	85
1544	58
1545	43
1546	66
1547	51
1548	14
1549	38
1550	61
1551	68
1552	86
1553	61
1554	72
1555	49
1556	36
1557	93
1558	78
1559	71
1560	61
1561	67
1562	104
1563	47
1564	62
1565	63
1566	57
1567	112
1568	47
1569	225
1570	485
1571	151
1572	94
1573	54
1574	326
1575	75
1576	162
1577	386
1578	489
1579	572
1580	208
1581	77
1582	176
1583	219
1584	506
1585	210
1586	187
1587	497
1588	811
1589	617
1590	492
1591	635
1592	611
1593	517
1594	133
1595	258
1596	697
1597	306
1598	69
1599	232
1600	417
1601	250
1602	182
1603	106
1604	442
1605	477
1606	654
1607	225
1608	373
1609	515
1610	515
1611	423
1612	319
1613	752
1614	533
1615	397
1616	324
1617	220
1618	511
1619	322
1620	242
1621	80
1622	67
1623	54
1624	253
1625	484
1626	159
1627	185
1628	74
1629	123
1630	120
1631	149
1632	124
1633	110
1634	121
1635	64
1636	73
1637	64
1638	113
1639	68
1640	192
1641	57
1642	117
1643	124
1644	108
1645	103
1646	91
1647	41
1648	78
1649	33
1650	61
1651	117
1652	59
1653	67
1654	82
1655	69
1656	55
1657	115
1658	55
1659	61
1660	64
1661	93
1662	73
1663	157
1664	127
1665	160
1666	52
1667	114
1668	123
1669	52
1670	64
1671	140
1672	93
1673	135
1674	86
1675	68
1676	113
1677	96
1678	72
1679	66
1680	100
1681	105
1682	78
1683	89
1684	24
1685	88
1686	93
1687	97
1688	76
1689	55
1690	60
1691	57
1692	78
1693	82
1694	53
1695	41
1696	60
1697	48
1698	135
1699	53
1700	96
1701	73
1702	76
1703	80
1704	79
1705	136
1706	66
1707	83
1708	95
1709	73
1710	128
1711	52
1712	80
1713	137
1714	88
1715	96
1716	65
1717	131
1718	101
1719	62
1720	51
1721	45
1722	40
1723	77
1724	40
1725	94
1726	97
1727	86
1728	65
1729	81
1730	46
1731	68
1732	81
1733	82
1734	66
1735	90
1736	63
1737	68
1738	64
1739	86
1740	73
1741	121
1742	96
1743	80
1744	53
1745	66
1746	126
1747	89
1748	55
1749	52
1750	84
1751	54
1752	55
1753	30
1754	113
1755	95
1756	78
1757	63
1758	56
1759	56
1760	77
1761	105
1762	86
1763	63
1764	64
1765	69
1766	21
1767	56
1768	52
1769	60
1770	113
1771	62
1772	75
1773	59
1774	88
1775	57
1776	97
1777	64
1778	67
1779	82
1780	66
1781	99
1782	58
1783	95
1784	116
1785	47
1786	94
1787	40
1788	115
1789	34
1790	60
1791	87
1792	53
1793	79
1794	63
1795	79
1796	75
1797	60
1798	85
1799	56
1800	87
1801	72
1802	33
1803	66
1804	71
1805	56
1806	106
1807	62
1808	76
1809	95
1810	103
1811	113
1812	85
1813	42
1814	99
1815	121
1816	73
1817	96
1818	104
1819	130
1820	85
1821	73
1822	103
1823	87
1824	101
1825	92
1826	86
1827	53
1828	96
1829	118
1830	147
1831	57
1832	120
1833	70
1834	86
1835	76
1836	88
1837	72
1838	62
1839	109
1840	88
1841	92
1842	66
1843	116
1844	62
1845	111
1846	88
1847	104
1848	105
1849	69
1850	78
1851	64
1852	157
1853	125
1854	58
1855	74
1856	127
1857	142
1858	100
1859	88
1860	161
1861	104
1862	130
1863	99
1864	127
1865	108
1866	68
1867	139
1868	79
1869	114
1870	108
1871	98
1872	89
1873	106
1874	82
1875	83
1876	116
1877	129
1878	119
1879	131
1880	92
1881	78
1882	119
1883	79
1884	82
1885	83
1886	105
1887	93
1888	108
1889	103
1890	89
1891	114
1892	217
1893	165
1894	126
1895	115
1896	87
1897	139
1898	118
1899	133
1900	146
1901	115
1902	174
1903	162
1904	120
1905	111
1906	182
1907	106
1908	78
1909	122
1910	218
1911	183
1912	174
1913	200
1914	131
1915	127
1916	198
1917	130
1918	114
1919	130
1920	163
1921	82
1922	101
1923	157
1924	112
1925	91
1926	132
1927	110
1928	138
1929	151
1930	179
1931	164
1932	169
1933	119
1934	102
1935	203
1936	113
1937	159
1938	203
1939	202
1940	223
1941	155
1942	122
1943	133
1944	117
1945	107
1946	166
1947	136
1948	116
1949	133
1950	159
1951	150
1952	106
1953	150
1954	75
1955	122
1956	121
1957	144
1958	88
1959	78
1960	140
1961	82
1962	62
1963	93
1964	133
1965	95
1966	179
1967	170
1968	208
1969	217
1970	125
1971	119
1972	177
1973	144
1974	178
1975	180
1976	170
1977	155
1978	117
1979	204
1980	168
1981	121
1982	126
1983	188
1984	112
1985	195
1986	148
1987	163
1988	257
1989	132
1990	142
1991	141
1992	148
1993	197
1994	91
1995	183
1996	193
1997	159
1998	80
1999	156
2000	119
2001	68
2002	124
2003	97
2004	260
2005	144
2006	153
2007	176
2008	179
2009	194
2010	104
2011	127
2012	150
2013	209
2014	149
2015	223
2016	188
2017	207
2018	170
2019	181
2020	223
2021	161
2022	218
2023	136
2024	155
2025	212
2026	172
2027	173
2028	107
2029	165
2030	208
2031	209
2032	429
2033	426
2034	268
2035	121
2036	132
2037	111
2038	118
2039	109
2040	236
2041	308
2042	248
2043	237
2044	431
2045	236
2046	195
2047	187
