Instrument: Andor
X Size: 2048
Y Size: 64
Total Flux: 0.000
Total Counts: 248127
Background: 329.000000
Curvature: 0.0
Clipped to ROI: No
ROI: 1309 526 2539 1627
X	Counts
0	0
1	1
2	37
3	77
4	19
5	9
6	11
7	10
8	32
9	41
10	16
11	88
12	33
13	4
14	54
15	43
16	66
17	41
18	18
19	10
20	28
21	12
22	53
23	15
24	15
25	25
26	18
27	12
28	27
29	20
30	7
31	45
32	40
33	14
34	31
35	24
36	39
37	69
38	19
39	30
40	70
41	36
42	15
43	55
44	28
45	18
46	31
47	44
48	35
49	94
50	31
51	42
52	27
53	24
54	29
55	37
56	22
57	40
58	42
59	27
60	26
61	14
62	28
63	18
64	43
65	34
66	77
67	48
68	9
69	6
70	40
71	30
72	88
73	48
74	65
75	62
76	29
77	59
78	62
79	72
80	43
81	136
82	94
83	46
84	25
85	56
86	162
87	71
88	42
89	77
90	35
91	78
92	36
93	83
94	73
95	39
96	58
97	47
98	82
99	52
100	77
101	85
102	52
103	52
104	34
105	49
106	41
107	40
108	75
109	30
110	108
111	59
112	104
113	73
114	51
115	130
116	82
117	62
118	69
119	94
120	54
121	24
122	54
123	67
124	86
125	95
126	72
127	37
128	65
129	62
130	33
131	74
132	98
133	91
134	67
135	61
136	34
137	40
138	28
139	48
140	30
141	51
142	57
143	75
144	25
145	65
146	79
147	72
148	64
149	38
150	70
151	79
152	114
153	111
154	75
155	114
156	69
157	51
158	59
159	113
160	55
161	80
162	46
163	104
164	45
165	18
166	109
167	63
168	64
169	76
170	74
171	29
172	60
173	73
174	85
175	64
176	80
177	75
178	59
179	26
180	38
181	42
182	24
183	104
184	96
185	62
186	100
187	90
188	23
189	69
190	94
191	28
192	72
193	67
194	60
195	29
196	90
197	44
198	52
199	49
200	68
201	61
202	115
203	47
204	123
205	28
206	73
207	116
208	85
209	36
210	27
211	46
212	40
213	50
214	77
215	81
216	34
217	26
218	56
219	21
220	27
221	51
222	85
223	43
224	98
225	56
226	25
227	18
228	36
229	46
230	18
231	11
232	59
233	40
234	28
235	120
236	22
237	77
238	51
239	47
240	77
241	55
242	178
243	327
244	135
245	72
246	21
247	61
248	42
249	87
250	30
251	118
252	125
253	89
254	27
255	82
256	44
257	33
258	50
259	55
260	44
261	50
262	42
263	28
264	62
265	38
266	27
267	62
268	60
269	44
270	24
271	70
272	81
273	37
274	42
275	24
276	57
277	24
278	45
279	17
280	42
281	64
282	89
283	40
284	50
285	56
286	33
287	56
288	35
289	56
290	22
291	47
292	32
293	36
294	19
295	31
296	67
297	105
298	161
299	95
300	30
301	121
302	55
303	60
304	67
305	65
306	31
307	37
308	32
309	6
310	46
311	55
312	46
313	56
314	28
315	15
316	28
317	46
318	30
319	51
320	40
321	46
322	38
323	41
324	42
325	10
326	37
327	76
328	61
329	10
330	60
331	52
332	45
333	38
334	30
335	38
336	28
337	59
338	45
339	50
340	33
341	42
342	33
343	33
344	22
345	41
346	66
347	83
348	111
349	26
350	52
351	43
352	60
353	51
354	38
355	34
356	29
357	73
358	41
359	70
360	20
361	12
362	40
363	34
364	38
365	62
366	8
367	39
368	62
369	66
370	14
371	13
372	23
373	23
374	38
375	60
376	28
377	20
378	73
379	36
380	28
381	24
382	31
383	26
384	48
385	30
386	45
387	17
388	22
389	34
390	34
391	23
392	17
393	24
394	37
395	38
396	24
397	6
398	58
399	61
400	55
401	13
402	93
403	29
404	36
405	20
406	64
407	33
408	50
409	27
410	10
411	37
412	45
413	60
414	56
415	101
416	235
417	165
418	81
419	75
420	41
421	85
422	100
423	38
424	58
425	41
426	33
427	50
428	41
429	16
430	28
431	54
432	30
433	0
434	20
435	18
436	35
437	36
438	17
439	30
440	23
441	53
442	20
443	15
444	40
445	13
446	4
447	24
448	13
449	66
450	29
451	57
452	80
453	64
454	18
455	33
456	37
457	11
458	21
459	37
460	48
461	42
462	17
463	121
464	19
465	31
466	39
467	54
468	33
469	22
470	33
471	20
472	37
473	25
474	5
475	19
476	29
477	17
478	36
479	45
480	40
481	39
482	76
483	38
484	32
485	30
486	41
487	88
488	73
489	41
490	5
491	22
492	9
493	40
494	54
495	92
496	35
497	42
498	8
499	26
500	73
501	17
502	33
503	10
504	22
505	11
506	10
507	30
508	21
509	7
510	47
511	56
512	20
513	41
514	7
515	19
516	102
517	67
518	56
519	79
520	77
521	24
522	26
523	59
524	96
525	52
526	36
527	30
528	81
529	136
530	165
531	146
532	111
533	43
534	99
535	71
536	17
537	93
538	189
539	113
540	28
541	42
542	48
543	87
544	286
545	158
546	123
547	228
548	488
549	181
550	173
551	142
552	320
553	89
554	180
555	190
556	304
557	207
558	229
559	253
560	155
561	477
562	215
563	136
564	138
565	108
566	407
567	519
568	381
569	186
570	407
571	582
572	780
573	454
574	428
575	641
576	660
577	680
578	723
579	398
580	408
581	484
582	603
583	845
584	534
585	585
586	685
587	660
588	675
589	684
590	621
591	404
592	705
593	840
594	1228
595	1250
596	1386
597	1436
598	1312
599	1293
600	1163
601	1289
602	1727
603	1938
604	1870
605	1629
606	1641
607	2027
608	2024
609	1898
610	1763
611	1907
612	1729
613	1600
614	1789
615	1547
616	1517
617	1187
618	1304
619	1574
620	1382
621	914
622	1030
623	771
624	723
625	778
626	1239
627	1258
628	766
629	767
630	1128
631	1163
632	539
633	597
634	747
635	1023
636	847
637	601
638	566
639	784
640	647
641	162
642	87
643	404
644	438
645	533
646	214
647	91
648	189
649	266
650	304
651	310
652	431
653	223
654	189
655	196
656	66
657	68
658	208
659	295
660	123
661	56
662	26
663	27
664	38
665	67
666	219
667	90
668	319
669	127
670	103
671	63
672	100
673	12
674	49
675	57
676	45
677	68
678	52
679	54
680	52
681	50
682	48
683	28
684	122
685	105
686	49
687	52
688	100
689	51
690	25
691	41
692	44
693	95
694	49
695	38
696	13
697	54
698	40
699	40
700	37
701	77
702	51
703	44
704	23
705	36
706	10
707	76
708	77
709	34
710	37
711	41
712	49
713	50
714	51
715	46
716	111
717	92
718	72
719	70
720	42
721	81
722	58
723	54
724	82
725	54
726	62
727	74
728	54
729	73
730	47
731	83
732	43
733	77
734	33
735	34
736	53
737	50
738	51
739	28
740	57
741	142
742	156
743	65
744	29
745	43
746	9
747	95
748	45
749	51
750	64
751	62
752	24
753	82
754	68
755	68
756	61
757	77
758	35
759	23
760	113
761	71
762	110
763	25
764	96
765	98
766	60
767	91
768	36
769	82
770	72
771	67
772	59
773	121
774	65
775	70
776	82
777	32
778	38
779	57
780	26
781	87
782	48
783	40
784	42
785	25
786	37
787	44
788	46
789	21
790	53
791	90
792	86
793	91
794	39
795	97
796	62
797	29
798	60
799	109
800	56
801	65
802	72
803	68
804	121
805	99
806	53
807	85
808	73
809	69
810	30
811	68
812	130
813	49
814	37
815	41
816	56
817	59
818	32
819	72
820	60
821	45
822	58
823	84
824	35
825	34
826	73
827	57
828	45
829	52
830	130
831	60
832	43
833	48
834	76
835	48
836	68
837	142
838	66
839	60
840	63
841	62
842	47
843	51
844	87
845	47
846	58
847	94
848	42
849	92
850	67
851	68
852	85
853	40
854	57
855	102
856	70
857	64
858	39
859	62
860	98
861	85
862	35
863	58
864	83
865	28
866	42
867	58
868	44
869	20
870	109
871	110
872	64
873	66
874	107
875	57
876	68
877	47
878	104
879	80
880	109
881	68
882	80
883	38
884	106
885	56
886	79
887	93
888	108
889	67
890	63
891	57
892	80
893	36
894	57
895	125
896	78
897	129
898	74
899	107
900	80
901	99
902	113
903	140
904	141
905	90
906	104
907	140
908	149
909	194
910	88
911	134
912	76
913	135
914	72
915	93
916	143
917	144
918	153
919	55
920	127
921	105
922	120
923	170
924	164
925	108
926	137
927	122
928	106
929	74
930	115
931	157
932	86
933	127
934	153
935	113
936	132
937	65
938	105
939	117
940	90
941	60
942	97
943	90
944	136
945	102
946	91
947	71
948	82
949	106
950	87
951	72
952	90
953	122
954	65
955	101
956	43
957	78
958	88
959	59
960	72
961	89
962	42
963	89
964	92
965	109
966	111
967	94
968	33
969	70
970	48
971	68
972	61
973	91
974	80
975	86
976	81
977	77
978	106
979	44
980	89
981	83
982	48
983	93
984	110
985	123
986	83
987	89
988	100
989	113
990	58
991	72
992	75
993	84
994	101
995	81
996	112
997	132
998	84
999	96
1000	95
1001	137
1002	99
1003	87
1004	58
1005	77
1006	98
1007	63
1008	91
1009	104
1010	83
1011	76
1012	75
1013	63
1014	119
1015	62
1016	86
1017	99
1018	113
1019	80
1020	129
1021	59
1022	58
1023	86
1024	52
1025	103
1026	102
1027	106
1028	83
1029	52
1030	98
1031	82
1032	97
1033	62
1034	65
1035	57
1036	108
1037	95
1038	38
1039	62
1040	56
1041	35
1042	101
1043	56
1044	99
1045	65
1046	101
1047	82
1048	64
1049	103
1050	77
1051	85
1052	127
1053	113
1054	92
1055	54
1056	82
1057	85
1058	96
1059	86
1060	75
1061	107
1062	100
1063	33
1064	79
1065	103
1066	131
1067	86
1068	101
1069	166
1070	117
1071	98
1072	80
1073	64
1074	122
1075	68
1076	72
1077	57
1078	81
1079	96
1080	83
1081	110
1082	66
1083	79
1084	86
1085	102
1086	71
1087	52
1088	75
1089	95
1090	26
1091	49
1092	111
1093	49
1094	71
1095	107
1096	78
1097	120
1098	102
1099	82
1100	94
1101	132
1102	67
1103	116
1104	114
1105	105
1106	38
1107	119
1108	32
1109	94
1110	81
1111	119
1112	177
1113	84
1114	61
1115	43
1116	42
1117	113
1118	71
1119	52
1120	95
1121	96
1122	39
1123	40
1124	82
1125	92
1126	54
1127	76
1128	41
1129	58
1130	62
1131	51
1132	60
1133	30
1134	61
1135	81
1136	86
1137	59
1138	135
1139	75
1140	112
1141	74
1142	66
1143	83
1144	86
1145	99
1146	76
1147	66
1148	58
1149	24
1150	115
1151	64
1152	59
1153	69
1154	103
1155	88
1156	77
1157	65
1158	113
1159	92
1160	100
1161	77
1162	152
1163	41
1164	56
1165	41
1166	53
1167	79
1168	824
1169	543
1170	119
1171	83
1172	51
1173	72
1174	110
1175	81
1176	79
1177	76
1178	75
1179	63
1180	119
1181	84
1182	71
1183	50
1184	51
1185	108
1186	82
1187	110
1188	56
1189	69
1190	47
1191	84
1192	64
1193	112
1194	108
1195	56
1196	106
1197	62
1198	74
1199	71
1200	72
1201	108
1202	84
1203	89
1204	56
1205	55
1206	44
1207	76
1208	62
1209	35
1210	52
1211	63
1212	61
1213	65
1214	101
1215	100
1216	94
1217	87
1218	39
1219	70
1220	68
1221	108
1222	67
1223	76
1224	49
1225	165
1226	72
1227	58
1228	81
1229	42
1230	53
1231	80
1232	46
1233	77
1234	76
1235	39
1236	64
1237	45
1238	91
1239	68
1240	21
1241	57
1242	173
1243	93
1244	66
1245	59
1246	98
1247	87
1248	21
1249	66
1250	126
1251	72
1252	60
1253	157
1254	87
1255	87
1256	54
1257	81
1258	99
1259	85
1260	73
1261	75
1262	95
1263	93
1264	55
1265	59
1266	63
1267	58
1268	41
1269	73
1270	56
1271	57
1272	54
1273	62
1274	82
1275	53
1276	23
1277	70
1278	82
1279	65
1280	33
1281	103
1282	53
1283	94
1284	58
1285	96
1286	51
1287	53
1288	75
1289	43
1290	63
1291	55
1292	68
1293	127
1294	65
1295	117
1296	177
1297	119
1298	67
1299	58
1300	54
1301	49
1302	93
1303	62
1304	49
1305	107
1306	97
1307	125
1308	34
1309	27
1310	75
1311	101
1312	44
1313	55
1314	83
1315	43
1316	44
1317	38
1318	49
1319	49
1320	62
1321	104
1322	115
1323	30
1324	62
1325	76
1326	76
1327	49
1328	66
1329	109
1330	59
1331	80
1332	92
1333	50
1334	70
1335	72
1336	99
1337	63
1338	73
1339	69
1340	50
1341	64
1342	39
1343	89
1344	60
1345	51
1346	59
1347	42
1348	54
1349	25
1350	28
1351	66
1352	60
1353	79
1354	46
1355	54
1356	31
1357	64
1358	82
1359	70
1360	62
1361	81
1362	70
1363	87
1364	64
1365	41
1366	57
1367	38
1368	59
1369	157
1370	45
1371	65
1372	39
1373	60
1374	73
1375	61
1376	36
1377	75
1378	73
1379	45
1380	110
1381	97
1382	61
1383	57
1384	51
1385	24
1386	63
1387	23
1388	51
1389	54
1390	51
1391	35
1392	101
1393	63
1394	47
1395	28
1396	57
1397	64
1398	37
1399	33
1400	58
1401	44
1402	85
1403	47
1404	40
1405	36
1406	60
1407	63
1408	43
1409	58
1410	59
1411	32
1412	35
1413	49
1414	58
1415	85
1416	50
1417	71
1418	84
1419	66
1420	69
1421	45
1422	19
1423	75
1424	27
1425	42
1426	79
1427	43
1428	53
1429	42
1430	41
1431	40
1432	15
1433	61
1434	51
1435	45
1436	99
1437	73
1438	68
1439	46
1440	74
1441	30
1442	56
1443	81
1444	47
1445	53
1446	61
1447	46
1448	58
1449	41
1450	31
1451	21
1452	33
1453	69
1454	76
1455	20
1456	71
1457	31
1458	31
1459	21
1460	79
1461	36
1462	90
1463	32
1464	95
1465	43
1466	49
1467	40
1468	92
1469	23
1470	89
1471	50
1472	59
1473	23
1474	45
1475	80
1476	66
1477	54
1478	85
1479	98
1480	22
1481	43
1482	38
1483	48
1484	63
1485	29
1486	59
1487	62
1488	55
1489	36
1490	69
1491	44
1492	39
1493	70
1494	37
1495	36
1496	34
1497	54
1498	37
1499	62
1500	19
1501	66
1502	37
1503	71
1504	21
1505	55
1506	18
1507	14
1508	26
1509	45
1510	15
1511	56
1512	18
1513	100
1514	28
1515	49
1516	55
1517	41
1518	62
1519	66
1520	12
1521	63
1522	67
1523	85
1524	55
1525	63
1526	79
1527	75
1528	39
1529	48
1530	66
1531	63
1532	78
1533	31
1534	73
1535	72
1536	78
1537	64
1538	28
1539	48
1540	53
1541	99
1542	26
1543	71
1544	92
1545	170
1546	42
1547	51
1548	47
1549	80
1550	35
1551	92
1552	142
1553	93
1554	124
1555	56
1556	46
1557	87
1558	61
1559	125
1560	88
1561	36
1562	99
1563	441
1564	743
1565	277
1566	96
1567	77
1568	93
1569	86
1570	65
1571	44
1572	65
1573	24
1574	76
1575	197
1576	227
1577	79
1578	33
1579	139
1580	195
1581	111
1582	77
1583	103
1584	110
1585	173
1586	425
1587	629
1588	756
1589	200
1590	336
1591	547
1592	561
1593	231
1594	191
1595	455
1596	552
1597	746
1598	509
1599	839
1600	693
1601	563
1602	253
1603	106
1604	392
1605	592
1606	285
1607	358
1608	236
1609	554
1610	368
1611	492
1612	592
1613	468
1614	175
1615	234
1616	184
1617	112
1618	417
1619	203
1620	57
1621	29
1622	52
1623	56
1624	76
1625	85
1626	89
1627	128
1628	48
1629	87
1630	112
1631	103
1632	181
1633	419
1634	227
1635	103
1636	239
1637	226
1638	131
1639	94
1640	106
1641	59
1642	106
1643	115
1644	62
1645	74
1646	84
1647	125
1648	115
1649	34
1650	104
1651	79
1652	53
1653	95
1654	81
1655	83
1656	48
1657	58
1658	60
1659	90
1660	92
1661	54
1662	74
1663	78
1664	149
1665	73
1666	62
1667	79
1668	77
1669	73
1670	83
1671	87
1672	66
1673	117
1674	45
1675	75
1676	109
1677	110
1678	94
1679	67
1680	59
1681	153
1682	120
1683	81
1684	26
1685	127
1686	87
1687	77
1688	62
1689	67
1690	205
1691	151
1692	146
1693	94
1694	75
1695	50
1696	26
1697	91
1698	127
1699	51
1700	97
1701	49
1702	100
1703	54
1704	100
1705	85
1706	32
1707	151
1708	84
1709	48
1710	84
1711	114
1712	91
1713	83
1714	104
1715	94
1716	41
1717	141
1718	57
1719	79
1720	49
1721	67
1722	40
1723	77
1724	88
1725	69
1726	78
1727	41
1728	93
1729	80
1730	65
1731	59
1732	55
1733	65
1734	100
1735	121
1736	105
1737	100
1738	58
1739	48
1740	66
1741	96
1742	82
1743	127
1744	122
1745	73
1746	97
1747	57
1748	88
1749	44
1750	77
1751	68
1752	75
1753	63
1754	123
1755	80
1756	91
1757	93
1758	69
1759	121
1760	76
1761	73
1762	47
1763	117
1764	50
1765	89
1766	56
1767	38
1768	60
1769	39
1770	63
1771	102
1772	64
1773	141
1774	88
1775	77
1776	145
1777	106
1778	46
1779	104
1780	105
1781	93
1782	64
1783	114
1784	89
1785	70
1786	105
1787	74
1788	71
1789	91
1790	65
1791	104
1792	63
1793	127
1794	86
1795	79
1796	68
1797	108
1798	119
1799	77
1800	105
1801	86
1802	52
1803	99
1804	76
1805	119
1806	90
1807	78
1808	84
1809	83
1810	60
1811	114
1812	62
1813	55
1814	97
1815	104
1816	49
1817	109
1818	34
1819	62
1820	150
1821	108
1822	108
1823	113
1824	91
1825	139
1826	84
1827	95
1828	119
1829	109
1830	131
1831	81
1832	130
1833	90
1834	69
1835	88
1836	106
1837	104
1838	92
1839	122
1840	101
1841	164
1842	263
1843	118
1844	116
1845	96
1846	106
1847	82
1848	126
1849	73
1850	80
1851	147
1852	135
1853	105
1854	90
1855	135
1856	122
1857	172
1858	155
1859	128
1860	95
1861	111
1862	136
1863	132
1864	106
1865	149
1866	95
1867	98
1868	47
1869	117
1870	92
1871	160
1872	118
1873	95
1874	142
1875	88
1876	130
1877	122
1878	138
1879	126
1880	104
1881	112
1882	105
1883	97
1884	69
1885	103
1886	106
1887	126
1888	165
1889	145
1890	229
1891	98
1892	161
1893	164
1894	97
1895	127
1896	126
1897	145
1898	114
1899	189
1900	327
1901	301
1902	282
1903	134
1904	136
1905	126
1906	293
1907	162
1908	154
1909	142
1910	151
1911	187
1912	157
1913	168
1914	101
1915	209
1916	118
1917	120
1918	130
1919	148
1920	163
1921	90
1922	88
1923	97
1924	120
1925	239
1926	133
1927	106
1928	170
1929	122
1930	123
1931	112
1932	207
1933	171
1934	119
1935	205
1936	160
1937	124
1938	173
1939	212
1940	156
1941	174
1942	166
1943	183
1944	131
1945	125
1946	126
1947	135
1948	130
1949	102
1950	142
1951	140
1952	162
1953	146
1954	159
1955	152
1956	108
1957	160
1958	164
1959	77
1960	218
1961	99
1962	151
1963	144
1964	138
1965	195
1966	165
1967	135
1968	175
1969	132
1970	192
1971	218
1972	197
1973	194
1974	193
1975	200
1976	187
1977	153
1978	117
1979	201
1980	174
1981	225
1982	137
1983	177
1984	170
1985	179
1986	234
1987	162
1988	199
1989	183
1990	151
1991	178
1992	212
1993	253
1994	217
1995	259
1996	202
1997	175
1998	155
1999	185
2000	233
2001	133
2002	98
2003	105
2004	183
2005	162
2006	198
2007	154
2008	192
2009	172
2010	199
2011	206
2012	90
2013	190
2014	214
2015	167
2016	196
2017	248
2018	253
2019	217
2020	255
2021	168
2022	299
2023	136
2024	180
2025	173
2026	168
2027	195
2028	110
2029	175
2030	201
2031	163
2032	153
2033	199
2034	326
2035	268
2036	174
2037	91
2038	108
2039	54
2040	80
2041	77
2042	162
2043	230
2044	205
2045	313
2046	301
2047	187
