Instrument: Andor
X Size: 2048
Y Size: 64
Total Flux: 0.000
Total Counts: 339682
Background: 334.000000
Curvature: 0.0
Clipped to ROI: No
ROI: 1309 526 2539 1627
X	Counts
0	0
1	1
2	6
3	15
4	8
5	5
6	1
7	13
8	9
9	26
10	12
11	31
12	5
13	1
14	9
15	22
16	6
17	4
18	2
19	10
20	18
21	1
22	7
23	2
24	29
25	10
26	10
27	0
28	11
29	14
30	13
31	3
32	6
33	4
34	8
35	17
36	34
37	69
38	48
39	29
40	23
41	15
42	21
43	28
44	32
45	13
46	1
47	55
48	6
49	13
50	32
51	9
52	8
53	1
54	33
55	26
56	14
57	14
58	18
59	22
60	34
61	11
62	5
63	12
64	31
65	26
66	23
67	11
68	16
69	22
70	30
71	16
72	31
73	85
74	31
75	33
76	57
77	27
78	43
79	78
80	13
81	88
82	54
83	27
84	59
85	26
86	29
87	33
88	18
89	35
90	17
91	20
92	53
93	43
94	52
95	39
96	32
97	37
98	177
99	21
100	72
101	40
102	37
103	31
104	24
105	39
106	41
107	28
108	40
109	44
110	17
111	48
112	11
113	33
114	25
115	75
116	11
117	30
118	5
119	44
120	24
121	5
122	65
123	31
124	28
125	32
126	45
127	62
128	52
129	26
130	72
131	54
132	32
133	71
134	46
135	30
136	36
137	58
138	6
139	29
140	23
141	18
142	13
143	41
144	59
145	15
146	180
147	208
148	22
149	18
150	39
151	8
152	29
153	28
154	33
155	17
156	32
157	29
158	4
159	29
160	8
161	47
162	19
163	66
164	15
165	34
166	8
167	25
168	27
169	35
170	36
171	20
172	9
173	16
174	20
175	28
176	16
177	26
178	31
179	16
180	32
181	38
182	42
183	40
184	50
185	17
186	19
187	37
188	22
189	24
190	20
191	28
192	55
193	42
194	9
195	9
196	63
197	15
198	24
199	52
200	22
201	16
202	68
203	13
204	35
205	38
206	34
207	53
208	32
209	38
210	24
211	44
212	11
213	4
214	49
215	4
216	35
217	23
218	20
219	30
220	35
221	112
222	94
223	67
224	66
225	35
226	25
227	43
228	10
229	18
230	20
231	12
232	20
233	28
234	50
235	21
236	6
237	11
238	17
239	17
240	61
241	99
242	30
243	23
244	13
245	9
246	5
247	19
248	12
249	28
250	7
251	9
252	12
253	23
254	14
255	14
256	7
257	13
258	10
259	16
260	23
261	41
262	15
263	12
264	32
265	9
266	36
267	29
268	51
269	2
270	41
271	74
272	46
273	23
274	91
275	28
276	17
277	32
278	19
279	23
280	10
281	8
282	30
283	14
284	10
285	16
286	17
287	10
288	47
289	11
290	1
291	13
292	16
293	1
294	5
295	31
296	0
297	35
298	34
299	35
300	29
301	35
302	22
303	49
304	53
305	45
306	93
307	2
308	11
309	45
310	22
311	0
312	24
313	7
314	9
315	24
316	9
317	8
318	64
319	51
320	45
321	16
322	1
323	6
324	26
325	13
326	19
327	65
328	29
329	33
330	19
331	12
332	4
333	28
334	8
335	55
336	33
337	29
338	89
339	61
340	17
341	18
342	4
343	1
344	13
345	17
346	11
347	49
348	104
349	7
350	5
351	17
352	19
353	37
354	14
355	0
356	13
357	41
358	30
359	50
360	36
361	15
362	38
363	33
364	10
365	21
366	1
367	28
368	48
369	72
370	117
371	49
372	101
373	14
374	45
375	46
376	15
377	10
378	19
379	1
380	27
381	36
382	25
383	14
384	22
385	52
386	144
387	68
388	60
389	22
390	19
391	2
392	9
393	5
394	5
395	7
396	9
397	15
398	18
399	8
400	12
401	0
402	18
403	84
404	26
405	34
406	24
407	18
408	19
409	10
410	51
411	43
412	9
413	11
414	34
415	13
416	13
417	13
418	3
419	13
420	2
421	23
422	41
423	35
424	47
425	44
426	24
427	30
428	34
429	30
430	12
431	8
432	2
433	1
434	112
435	92
436	0
437	24
438	8
439	10
440	3
441	4
442	22
443	15
444	83
445	25
446	3
447	8
448	47
449	29
450	13
451	28
452	6
453	65
454	36
455	20
456	67
457	69
458	89
459	42
460	20
461	12
462	15
463	26
464	18
465	1
466	24
467	24
468	4
469	23
470	10
471	207
472	38
473	12
474	0
475	0
476	12
477	76
478	134
479	119
480	97
481	16
482	9
483	85
484	114
485	160
486	34
487	18
488	32
489	3
490	6
491	7
492	0
493	1
494	8
495	5
496	41
497	84
498	27
499	2
500	73
501	33
502	36
503	21
504	141
505	24
506	13
507	10
508	23
509	11
510	84
511	252
512	47
513	30
514	77
515	63
516	110
517	25
518	62
519	107
520	65
521	26
522	22
523	6
524	3
525	105
526	129
527	118
528	174
529	15
530	19
531	286
532	153
533	108
534	163
535	65
536	4
537	49
538	33
539	11
540	19
541	47
542	44
543	170
544	356
545	259
546	286
547	390
548	144
549	203
550	519
551	245
552	369
553	429
554	213
555	215
556	178
557	235
558	516
559	397
560	552
561	433
562	79
563	357
564	395
565	416
566	497
567	675
568	309
569	300
570	559
571	504
572	387
573	435
574	794
575	924
576	786
577	1173
578	691
579	524
580	750
581	779
582	1142
583	638
584	556
585	842
586	845
587	722
588	626
589	796
590	805
591	925
592	721
593	1015
594	1357
595	1644
596	1879
597	1986
598	2093
599	2454
600	1881
601	1628
602	2246
603	2300
604	1967
605	1940
606	1801
607	1596
608	2340
609	2337
610	1812
611	2681
612	2928
613	2497
614	2128
615	2008
616	1952
617	1996
618	1847
619	1973
620	1901
621	1488
622	1432
623	1299
624	1318
625	1159
626	869
627	1155
628	1085
629	1339
630	1109
631	1199
632	1153
633	975
634	850
635	959
636	313
637	441
638	528
639	557
640	521
641	699
642	812
643	990
644	610
645	486
646	425
647	384
648	475
649	672
650	341
651	204
652	303
653	87
654	145
655	102
656	142
657	296
658	162
659	89
660	25
661	200
662	108
663	38
664	77
665	94
666	162
667	105
668	248
669	153
670	305
671	179
672	61
673	27
674	5
675	22
676	35
677	197
678	52
679	108
680	34
681	4
682	5
683	11
684	12
685	20
686	9
687	66
688	15
689	124
690	158
691	93
692	1
693	48
694	27
695	13
696	50
697	53
698	31
699	38
700	44
701	7
702	20
703	40
704	38
705	40
706	15
707	33
708	23
709	6
710	22
711	11
712	20
713	45
714	70
715	38
716	16
717	24
718	37
719	17
720	18
721	57
722	32
723	102
724	89
725	41
726	11
727	4
728	21
729	23
730	12
731	12
732	70
733	4
734	33
735	22
736	32
737	36
738	34
739	7
740	17
741	42
742	16
743	61
744	22
745	48
746	35
747	39
748	5
749	6
750	30
751	42
752	15
753	66
754	20
755	11
756	27
757	63
758	24
759	10
760	45
761	27
762	32
763	44
764	13
765	16
766	33
767	38
768	7
769	35
770	23
771	44
772	26
773	44
774	12
775	37
776	17
777	36
778	52
779	3
780	43
781	51
782	49
783	42
784	51
785	21
786	5
787	23
788	11
789	95
790	30
791	27
792	73
793	12
794	45
795	14
796	58
797	35
798	40
799	39
800	65
801	17
802	30
803	43
804	34
805	45
806	33
807	37
808	30
809	49
810	29
811	24
812	44
813	44
814	61
815	34
816	29
817	30
818	29
819	9
820	16
821	22
822	12
823	18
824	20
825	20
826	50
827	69
828	50
829	23
830	59
831	21
832	24
833	51
834	29
835	21
836	59
837	119
838	58
839	5
840	49
841	20
842	25
843	14
844	35
845	12
846	16
847	55
848	31
849	9
850	42
851	41
852	86
853	40
854	10
855	41
856	42
857	34
858	1
859	61
860	23
861	27
862	26
863	24
864	57
865	34
866	20
867	115
868	49
869	11
870	61
871	60
872	22
873	53
874	36
875	54
876	37
877	40
878	18
879	56
880	82
881	20
882	57
883	22
884	44
885	21
886	84
887	45
888	67
889	50
890	83
891	46
892	7
893	44
894	78
895	58
896	68
897	75
898	32
899	13
900	41
901	34
902	36
903	90
904	75
905	67
906	64
907	56
908	84
909	74
910	32
911	42
912	58
913	59
914	89
915	84
916	68
917	93
918	19
919	46
920	45
921	98
922	60
923	105
924	74
925	72
926	95
927	114
928	53
929	73
930	82
931	194
932	129
933	129
934	73
935	30
936	97
937	51
938	32
939	26
940	66
941	67
942	30
943	56
944	115
945	46
946	69
947	70
948	34
949	44
950	31
951	56
952	63
953	54
954	69
955	80
956	53
957	18
958	71
959	31
960	59
961	38
962	34
963	25
964	28
965	19
966	31
967	22
968	50
969	39
970	75
971	39
972	49
973	31
974	19
975	41
976	32
977	27
978	63
979	38
980	26
981	16
982	123
983	99
984	67
985	68
986	33
987	49
988	78
989	73
990	71
991	101
992	43
993	35
994	44
995	46
996	32
997	64
998	58
999	25
1000	97
1001	37
1002	34
1003	23
1004	39
1005	24
1006	77
1007	27
1008	15
1009	92
1010	32
1011	62
1012	39
1013	36
1014	80
1015	72
1016	50
1017	50
1018	114
1019	56
1020	173
1021	55
1022	55
1023	37
1024	42
1025	16
1026	47
1027	38
1028	36
1029	64
1030	52
1031	46
1032	51
1033	51
1034	30
1035	59
1036	63
1037	64
1038	53
1039	71
1040	82
1041	32
1042	63
1043	43
1044	19
1045	21
1046	32
1047	30
1048	76
1049	24
1050	36
1051	51
1052	42
1053	49
1054	51
1055	22
1056	52
1057	87
1058	80
1059	65
1060	45
1061	34
1062	56
1063	78
1064	63
1065	46
1066	40
1067	22
1068	23
1069	42
1070	41
1071	33
1072	32
1073	37
1074	50
1075	29
1076	62
1077	82
1078	48
1079	34
1080	109
1081	68
1082	53
1083	48
1084	37
1085	64
1086	71
1087	48
1088	69
1089	53
1090	33
1091	33
1092	41
1093	30
1094	37
1095	47
1096	46
1097	27
1098	65
1099	68
1100	45
1101	50
1102	60
1103	40
1104	75
1105	80
1106	30
1107	27
1108	52
1109	44
1110	27
1111	24
1112	40
1113	60
1114	29
1115	39
1116	33
1117	14
1118	64
1119	32
1120	18
1121	34
1122	22
1123	36
1124	53
1125	70
1126	80
1127	45
1128	27
1129	42
1130	32
1131	124
1132	134
1133	61
1134	65
1135	47
1136	43
1137	43
1138	43
1139	71
1140	58
1141	32
1142	44
1143	51
1144	76
1145	101
1146	174
1147	77
1148	30
1149	42
1150	44
1151	52
1152	32
1153	67
1154	36
1155	64
1156	30
1157	55
1158	47
1159	25
1160	43
1161	52
1162	47
1163	32
1164	29
1165	110
1166	57
1167	67
1168	33
1169	40
1170	29
1171	56
1172	33
1173	42
1174	86
1175	44
1176	41
1177	44
1178	17
1179	54
1180	29
1181	51
1182	38
1183	74
1184	29
1185	17
1186	55
1187	47
1188	42
1189	11
1190	62
1191	40
1192	42
1193	43
1194	28
1195	28
1196	74
1197	44
1198	23
1199	35
1200	28
1201	51
1202	48
1203	1
1204	33
1205	14
1206	38
1207	58
1208	58
1209	48
1210	39
1211	96
1212	86
1213	74
1214	77
1215	34
1216	78
1217	66
1218	45
1219	110
1220	88
1221	26
1222	36
1223	53
1224	43
1225	40
1226	17
1227	34
1228	51
1229	28
1230	34
1231	38
1232	47
1233	35
1234	40
1235	25
1236	62
1237	94
1238	12
1239	18
1240	19
1241	33
1242	38
1243	86
1244	32
1245	38
1246	50
1247	51
1248	13
1249	27
1250	41
1251	45
1252	48
1253	52
1254	47
1255	24
1256	13
1257	56
1258	21
1259	14
1260	35
1261	24
1262	49
1263	19
1264	43
1265	38
1266	29
1267	40
1268	33
1269	7
1270	68
1271	7
1272	20
1273	32
1274	24
1275	12
1276	37
1277	48
1278	42
1279	14
1280	37
1281	59
1282	23
1283	94
1284	23
1285	43
1286	34
1287	36
1288	109
1289	64
1290	20
1291	30
1292	37
1293	28
1294	17
1295	51
1296	86
1297	35
1298	40
1299	16
1300	57
1301	58
1302	15
1303	18
1304	17
1305	16
1306	52
1307	86
1308	72
1309	90
1310	77
1311	135
1312	26
1313	26
1314	40
1315	28
1316	40
1317	21
1318	36
1319	87
1320	39
1321	94
1322	63
1323	78
1324	49
1325	32
1326	8
1327	36
1328	6
1329	30
1330	59
1331	11
1332	47
1333	53
1334	30
1335	54
1336	40
1337	35
1338	53
1339	126
1340	30
1341	33
1342	31
1343	33
1344	119
1345	63
1346	13
1347	28
1348	7
1349	42
1350	51
1351	73
1352	12
1353	52
1354	19
1355	39
1356	36
1357	33
1358	40
1359	28
1360	27
1361	53
1362	68
1363	48
1364	35
1365	32
1366	20
1367	55
1368	42
1369	83
1370	34
1371	82
1372	33
1373	10
1374	47
1375	41
1376	41
1377	18
1378	67
1379	14
1380	57
1381	34
1382	42
1383	13
1384	31
1385	21
1386	23
1387	20
1388	33
1389	25
1390	36
1391	15
1392	83
1393	15
1394	38
1395	3
1396	13
1397	19
1398	44
1399	71
1400	42
1401	34
1402	45
1403	41
1404	15
1405	33
1406	16
1407	49
1408	31
1409	50
1410	30
1411	48
1412	39
1413	14
1414	39
1415	55
1416	32
1417	58
1418	33
1419	34
1420	3
1421	33
1422	25
1423	74
1424	29
1425	12
1426	66
1427	29
1428	29
1429	70
1430	39
1431	51
1432	61
1433	7
1434	17
1435	16
1436	45
1437	56
1438	47
1439	27
1440	74
1441	33
1442	11
1443	39
1444	31
1445	22
1446	97
1447	42
1448	45
1449	15
1450	70
1451	65
1452	16
1453	32
1454	38
1455	23
1456	17
1457	21
1458	22
1459	18
1460	30
1461	18
1462	75
1463	36
1464	129
1465	65
1466	11
1467	49
1468	106
1469	75
1470	35
1471	24
1472	43
1473	84
1474	32
1475	22
1476	41
1477	27
1478	184
1479	86
1480	38
1481	81
1482	138
1483	12
1484	5
1485	1
1486	20
1487	35
1488	7
1489	18
1490	63
1491	29
1492	24
1493	78
1494	52
1495	40
1496	80
1497	53
1498	37
1499	23
1500	21
1501	49
1502	8
1503	32
1504	87
1505	132
1506	27
1507	4
1508	44
1509	21
1510	25
1511	19
1512	12
1513	58
1514	9
1515	89
1516	40
1517	23
1518	28
1519	46
1520	7
1521	38
1522	174
1523	150
1524	87
1525	68
1526	41
1527	40
1528	27
1529	29
1530	6
1531	25
1532	29
1533	15
1534	66
1535	76
1536	70
1537	73
1538	57
1539	27
1540	43
1541	36
1542	45
1543	22
1544	28
1545	90
1546	130
1547	82
1548	161
1549	188
1550	94
1551	254
1552	526
1553	560
1554	208
1555	192
1556	399
1557	161
1558	165
1559	202
1560	351
1561	101
1562	347
1563	669
1564	235
1565	449
1566	189
1567	350
1568	383
1569	372
1570	521
1571	284
1572	804
1573	376
1574	314
1575	758
1576	702
1577	544
1578	973
1579	822
1580	746
1581	1021
1582	1281
1583	1312
1584	1038
1585	976
1586	1143
1587	1523
1588	1760
1589	1731
1590	2364
1591	2859
1592	2933
1593	2566
1594	2769
1595	2566
1596	2720
1597	2662
1598	2407
1599	2202
1600	2241
1601	2597
1602	2217
1603	2620
1604	2010
1605	2034
1606	2572
1607	2045
1608	2112
1609	2327
1610	2034
1611	1568
1612	1650
1613	1717
1614	1381
1615	1435
1616	658
1617	698
1618	1015
1619	1669
1620	1455
1621	1190
1622	1208
1623	1015
1624	897
1625	1196
1626	684
1627	685
1628	1026
1629	301
1630	482
1631	593
1632	874
1633	1035
1634	893
1635	863
1636	713
1637	273
1638	289
1639	882
1640	547
1641	409
1642	190
1643	50
1644	100
1645	158
1646	126
1647	257
1648	218
1649	62
1650	48
1651	66
1652	50
1653	176
1654	202
1655	431
1656	224
1657	363
1658	106
1659	60
1660	58
1661	20
1662	46
1663	195
1664	80
1665	144
1666	131
1667	229
1668	109
1669	51
1670	43
1671	126
1672	52
1673	78
1674	64
1675	54
1676	285
1677	367
1678	163
1679	86
1680	359
1681	342
1682	169
1683	90
1684	40
1685	43
1686	102
1687	69
1688	76
1689	17
1690	44
1691	46
1692	33
1693	40
1694	45
1695	43
1696	27
1697	26
1698	79
1699	23
1700	83
1701	392
1702	154
1703	73
1704	29
1705	81
1706	72
1707	121
1708	118
1709	30
1710	154
1711	131
1712	44
1713	20
1714	83
1715	70
1716	58
1717	107
1718	69
1719	79
1720	91
1721	127
1722	18
1723	32
1724	82
1725	62
1726	57
1727	47
1728	28
1729	27
1730	24
1731	33
1732	22
1733	37
1734	64
1735	30
1736	25
1737	37
1738	103
1739	48
1740	54
1741	37
1742	14
1743	48
1744	30
1745	62
1746	29
1747	63
1748	26
1749	63
1750	59
1751	44
1752	59
1753	25
1754	86
1755	45
1756	26
1757	67
1758	27
1759	88
1760	92
1761	68
1762	155
1763	229
1764	213
1765	145
1766	38
1767	31
1768	41
1769	190
1770	271
1771	99
1772	34
1773	17
1774	41
1775	26
1776	142
1777	130
1778	35
1779	81
1780	77
1781	59
1782	63
1783	53
1784	26
1785	48
1786	99
1787	33
1788	71
1789	81
1790	56
1791	42
1792	21
1793	51
1794	38
1795	127
1796	46
1797	28
1798	33
1799	46
1800	56
1801	40
1802	70
1803	44
1804	21
1805	47
1806	120
1807	229
1808	160
1809	142
1810	89
1811	19
1812	30
1813	44
1814	85
1815	131
1816	54
1817	83
1818	50
1819	50
1820	76
1821	96
1822	35
1823	97
1824	52
1825	27
1826	37
1827	59
1828	102
1829	159
1830	177
1831	48
1832	86
1833	83
1834	34
1835	26
1836	48
1837	49
1838	19
1839	85
1840	39
1841	72
1842	119
1843	48
1844	128
1845	153
1846	92
1847	45
1848	103
1849	70
1850	131
1851	177
1852	152
1853	204
1854	27
1855	75
1856	131
1857	87
1858	206
1859	125
1860	51
1861	148
1862	139
1863	117
1864	82
1865	156
1866	44
1867	69
1868	35
1869	77
1870	118
1871	45
1872	140
1873	219
1874	114
1875	99
1876	187
1877	172
1878	84
1879	150
1880	112
1881	145
1882	207
1883	158
1884	96
1885	169
1886	97
1887	77
1888	66
1889	64
1890	164
1891	86
1892	149
1893	287
1894	256
1895	192
1896	109
1897	114
1898	61
1899	109
1900	56
1901	52
1902	82
1903	127
1904	62
1905	106
1906	197
1907	125
1908	201
1909	235
1910	235
1911	287
1912	239
1913	351
1914	144
1915	122
1916	77
1917	86
1918	166
1919	65
1920	143
1921	175
1922	93
1923	157
1924	273
1925	178
1926	90
1927	84
1928	100
1929	171
1930	197
1931	192
1932	253
1933	195
1934	184
1935	345
1936	388
1937	212
1938	222
1939	230
1940	115
1941	180
1942	304
1943	179
1944	123
1945	110
1946	56
1947	95
1948	54
1949	94
1950	89
1951	116
1952	129
1953	89
1954	82
1955	101
1956	83
1957	113
1958	120
1959	90
1960	88
1961	37
1962	109
1963	113
1964	197
1965	136
1966	195
1967	195
1968	170
1969	162
1970	461
1971	258
1972	159
1973	182
1974	228
1975	102
1976	282
1977	682
1978	218
1979	363
1980	359
1981	338
1982	647
1983	539
1984	205
1985	225
1986	227
1987	241
1988	142
1989	157
1990	174
1991	240
1992	164
1993	150
1994	280
1995	281
1996	290
1997	131
1998	121
1999	375
2000	404
2001	184
2002	472
2003	499
2004	357
2005	522
2006	317
2007	139
2008	228
2009	348
2010	290
2011	182
2012	426
2013	607
2014	182
2015	102
2016	103
2017	139
2018	118
2019	141
2020	133
2021	261
2022	505
2023	268
2024	625
2025	565
2026	364
2027	124
2028	240
2029	296
2030	187
2031	698
2032	704
2033	571
2034	572
2035	413
2036	671
2037	706
2038	530
2039	292
2040	560
2041	408
2042	1007
2043	1047
2044	1152
2045	1480
2046	1746
2047	1487
