Instrument: Andor
X Size: 2048
Y Size: 64
Total Flux: 0.000
Total Counts: 341682
Background: 332.000000
Curvature: 0.0
Clipped to ROI: No
ROI: 1309 526 2539 1627
X	Counts
0	4
1	2
2	1
3	10
4	0
5	7
6	6
7	1
8	3
9	18
10	21
11	6
12	34
13	30
14	16
15	10
16	15
17	13
18	3
19	17
20	45
21	15
22	47
23	64
24	56
25	83
26	226
27	97
28	228
29	35
30	15
31	2
32	10
33	20
34	59
35	21
36	22
37	44
38	23
39	24
40	143
41	26
42	52
43	119
44	15
45	20
46	4
47	22
48	32
49	41
50	5
51	14
52	34
53	58
54	52
55	39
56	10
57	48
58	3
59	18
60	16
61	31
62	23
63	12
64	10
65	17
66	26
67	22
68	48
69	55
70	63
71	50
72	104
73	51
74	31
75	33
76	19
77	58
78	47
79	50
80	58
81	247
82	164
83	323
84	68
85	20
86	30
87	47
88	11
89	29
90	14
91	26
92	73
93	30
94	35
95	64
96	41
97	35
98	54
99	10
100	45
101	57
102	58
103	9
104	51
105	12
106	31
107	74
108	30
109	21
110	19
111	72
112	72
113	15
114	32
115	52
116	46
117	26
118	22
119	64
120	36
121	63
122	35
123	36
124	55
125	61
126	24
127	7
128	90
129	38
130	73
131	47
132	29
133	42
134	5
135	32
136	59
137	42
138	47
139	66
140	9
141	31
142	54
143	60
144	67
145	28
146	59
147	50
148	82
149	72
150	46
151	66
152	66
153	62
154	60
155	36
156	27
157	34
158	52
159	48
160	33
161	40
162	31
163	120
164	39
165	29
166	46
167	38
168	33
169	12
170	87
171	42
172	38
173	46
174	40
175	47
176	38
177	39
178	34
179	23
180	1
181	48
182	40
183	86
184	35
185	31
186	62
187	64
188	12
189	42
190	44
191	53
192	56
193	54
194	18
195	34
196	38
197	50
198	42
199	33
200	46
201	37
202	111
203	36
204	87
205	51
206	48
207	54
208	67
209	14
210	27
211	6
212	37
213	62
214	61
215	44
216	63
217	50
218	119
219	91
220	62
221	98
222	14
223	65
224	37
225	26
226	13
227	25
228	16
229	50
230	56
231	50
232	108
233	40
234	101
235	56
236	60
237	6
238	66
239	39
240	37
241	33
242	33
243	32
244	49
245	36
246	6
247	41
248	19
249	17
250	12
251	4
252	80
253	18
254	34
255	26
256	66
257	46
258	24
259	29
260	18
261	62
262	15
263	33
264	42
265	71
266	232
267	71
268	61
269	8
270	26
271	18
272	36
273	28
274	50
275	52
276	34
277	37
278	19
279	35
280	27
281	35
282	20
283	53
284	11
285	8
286	16
287	38
288	39
289	13
290	11
291	17
292	7
293	26
294	17
295	11
296	36
297	30
298	47
299	32
300	17
301	93
302	29
303	21
304	20
305	27
306	40
307	127
308	141
309	29
310	26
311	21
312	23
313	2
314	6
315	32
316	22
317	14
318	7
319	83
320	42
321	7
322	16
323	33
324	46
325	14
326	10
327	40
328	15
329	17
330	39
331	6
332	26
333	18
334	23
335	40
336	18
337	23
338	29
339	31
340	8
341	16
342	4
343	13
344	22
345	51
346	26
347	5
348	20
349	8
350	26
351	47
352	18
353	12
354	41
355	21
356	11
357	53
358	16
359	32
360	12
361	24
362	4
363	23
364	9
365	12
366	22
367	24
368	26
369	21
370	48
371	32
372	19
373	12
374	13
375	28
376	15
377	34
378	39
379	54
380	21
381	17
382	31
383	33
384	27
385	9
386	26
387	45
388	11
389	30
390	26
391	32
392	10
393	39
394	5
395	14
396	29
397	59
398	1
399	31
400	24
401	12
402	16
403	21
404	34
405	49
406	104
407	21
408	24
409	19
410	2
411	19
412	28
413	67
414	171
415	50
416	13
417	12
418	39
419	73
420	7
421	25
422	84
423	27
424	12
425	35
426	11
427	72
428	11
429	11
430	23
431	46
432	29
433	46
434	3
435	9
436	16
437	100
438	56
439	95
440	33
441	11
442	42
443	54
444	59
445	15
446	25
447	46
448	72
449	90
450	50
451	77
452	33
453	33
454	32
455	37
456	57
457	16
458	21
459	46
460	77
461	17
462	10
463	203
464	223
465	125
466	140
467	144
468	43
469	57
470	47
471	12
472	8
473	17
474	22
475	51
476	46
477	9
478	64
479	50
480	28
481	17
482	10
483	13
484	7
485	28
486	43
487	33
488	46
489	6
490	18
491	165
492	31
493	58
494	60
495	122
496	39
497	18
498	29
499	183
500	87
501	6
502	24
503	39
504	80
505	83
506	73
507	72
508	123
509	182
510	68
511	3
512	1
513	16
514	8
515	0
516	36
517	14
518	65
519	55
520	5
521	15
522	55
523	80
524	51
525	214
526	183
527	231
528	116
529	30
530	26
531	51
532	163
533	85
534	219
535	108
536	52
537	5
538	142
539	186
540	26
541	59
542	9
543	44
544	170
545	159
546	234
547	376
548	649
549	103
550	58
551	93
552	219
553	169
554	296
555	321
556	394
557	90
558	79
559	287
560	304
561	489
562	502
563	491
564	344
565	205
566	620
567	975
568	575
569	462
570	391
571	624
572	832
573	644
574	655
575	891
576	797
577	837
578	1217
579	877
580	888
581	1127
582	1042
583	861
584	801
585	957
586	1135
587	1147
588	1221
589	1406
590	1403
591	803
592	1222
593	1556
594	1652
595	1485
596	1231
597	1464
598	2155
599	1495
600	1825
601	2235
602	2260
603	1918
604	2430
605	2098
606	2630
607	2953
608	2822
609	2679
610	2406
611	2161
612	1557
613	2205
614	2847
615	2583
616	2172
617	2517
618	2321
619	1732
620	1737
621	1403
622	678
623	886
624	1436
625	1802
626	1390
627	1375
628	1441
629	1906
630	1420
631	724
632	755
633	997
634	650
635	1101
636	1019
637	834
638	1006
639	578
640	727
641	800
642	657
643	630
644	1054
645	977
646	835
647	440
648	580
649	632
650	212
651	344
652	404
653	145
654	152
655	160
656	113
657	220
658	310
659	450
660	340
661	103
662	331
663	527
664	382
665	189
666	158
667	269
668	307
669	140
670	28
671	4
672	58
673	32
674	78
675	82
676	92
677	116
678	11
679	35
680	30
681	38
682	38
683	31
684	42
685	37
686	53
687	79
688	123
689	119
690	109
691	62
692	10
693	25
694	39
695	33
696	105
697	108
698	40
699	78
700	31
701	29
702	70
703	70
704	34
705	29
706	42
707	25
708	104
709	104
710	24
711	15
712	53
713	84
714	62
715	46
716	32
717	41
718	49
719	68
720	101
721	163
722	39
723	90
724	70
725	59
726	132
727	125
728	63
729	114
730	64
731	26
732	23
733	68
734	58
735	57
736	47
737	39
738	51
739	37
740	19
741	22
742	27
743	38
744	4
745	35
746	15
747	46
748	27
749	8
750	62
751	22
752	14
753	21
754	22
755	30
756	89
757	150
758	73
759	67
760	128
761	38
762	74
763	18
764	87
765	61
766	61
767	31
768	39
769	33
770	35
771	22
772	35
773	106
774	37
775	39
776	72
777	30
778	38
779	77
780	64
781	69
782	42
783	23
784	26
785	31
786	28
787	80
788	29
789	64
790	39
791	35
792	44
793	29
794	62
795	22
796	34
797	32
798	23
799	51
800	27
801	68
802	65
803	37
804	63
805	47
806	55
807	30
808	44
809	38
810	62
811	37
812	49
813	46
814	41
815	57
816	25
817	35
818	20
819	10
820	54
821	45
822	38
823	44
824	63
825	55
826	37
827	64
828	38
829	18
830	63
831	59
832	94
833	51
834	77
835	54
836	50
837	56
838	45
839	25
840	78
841	70
842	47
843	80
844	8
845	53
846	65
847	8
848	11
849	48
850	54
851	25
852	66
853	13
854	52
855	48
856	34
857	26
858	11
859	69
860	38
861	19
862	33
863	58
864	53
865	21
866	58
867	107
868	38
869	36
870	73
871	57
872	52
873	71
874	36
875	42
876	80
877	37
878	107
879	44
880	47
881	69
882	46
883	40
884	29
885	47
886	67
887	40
888	64
889	34
890	67
891	10
892	48
893	24
894	38
895	63
896	128
897	47
898	102
899	40
900	51
901	28
902	113
903	92
904	71
905	62
906	71
907	50
908	142
909	84
910	57
911	65
912	70
913	91
914	112
915	84
916	86
917	90
918	90
919	89
920	67
921	111
922	68
923	108
924	59
925	88
926	50
927	109
928	85
929	127
930	86
931	109
932	72
933	70
934	62
935	78
936	74
937	64
938	61
939	74
940	71
941	99
942	193
943	91
944	97
945	55
946	118
947	88
948	66
949	65
950	92
951	29
952	66
953	76
954	38
955	85
956	131
957	168
958	116
959	60
960	39
961	87
962	83
963	87
964	36
965	50
966	52
967	25
968	33
969	54
970	80
971	38
972	85
973	40
974	32
975	88
976	86
977	19
978	49
979	13
980	17
981	52
982	23
983	25
984	58
985	76
986	80
987	57
988	119
989	83
990	28
991	57
992	50
993	62
994	112
995	42
996	41
997	73
998	68
999	29
1000	137
1001	60
1002	57
1003	74
1004	48
1005	48
1006	86
1007	76
1008	57
1009	96
1010	72
1011	85
1012	72
1013	47
1014	114
1015	72
1016	90
1017	86
1018	79
1019	50
1020	55
1021	58
1022	41
1023	78
1024	32
1025	52
1026	62
1027	124
1028	41
1029	35
1030	85
1031	41
1032	64
1033	85
1034	48
1035	75
1036	27
1037	138
1038	58
1039	41
1040	100
1041	49
1042	51
1043	64
1044	42
1045	23
1046	27
1047	53
1048	50
1049	74
1050	60
1051	73
1052	68
1053	66
1054	69
1055	79
1056	79
1057	62
1058	40
1059	70
1060	112
1061	59
1062	127
1063	58
1064	77
1065	58
1066	54
1067	34
1068	69
1069	93
1070	51
1071	70
1072	51
1073	45
1074	43
1075	73
1076	47
1077	69
1078	53
1079	46
1080	56
1081	77
1082	46
1083	55
1084	54
1085	82
1086	59
1087	169
1088	470
1089	120
1090	40
1091	44
1092	37
1093	55
1094	25
1095	60
1096	55
1097	30
1098	49
1099	57
1100	41
1101	75
1102	156
1103	152
1104	74
1105	55
1106	32
1107	57
1108	51
1109	82
1110	36
1111	17
1112	32
1113	57
1114	19
1115	24
1116	29
1117	45
1118	45
1119	71
1120	53
1121	22
1122	36
1123	19
1124	41
1125	67
1126	46
1127	74
1128	42
1129	102
1130	65
1131	33
1132	49
1133	69
1134	148
1135	102
1136	79
1137	94
1138	88
1139	80
1140	100
1141	57
1142	122
1143	70
1144	106
1145	90
1146	120
1147	51
1148	55
1149	38
1150	48
1151	46
1152	76
1153	31
1154	43
1155	60
1156	72
1157	229
1158	172
1159	41
1160	76
1161	51
1162	81
1163	58
1164	109
1165	62
1166	37
1167	51
1168	19
1169	62
1170	32
1171	35
1172	43
1173	26
1174	47
1175	87
1176	56
1177	65
1178	43
1179	49
1180	26
1181	56
1182	43
1183	180
1184	116
1185	66
1186	47
1187	49
1188	63
1189	74
1190	31
1191	34
1192	68
1193	47
1194	36
1195	69
1196	120
1197	181
1198	124
1199	99
1200	30
1201	27
1202	52
1203	55
1204	30
1205	24
1206	31
1207	42
1208	81
1209	58
1210	75
1211	38
1212	78
1213	60
1214	51
1215	49
1216	56
1217	79
1218	31
1219	87
1220	180
1221	92
1222	25
1223	35
1224	77
1225	73
1226	63
1227	28
1228	28
1229	30
1230	116
1231	69
1232	53
1233	59
1234	29
1235	26
1236	40
1237	43
1238	11
1239	33
1240	86
1241	90
1242	41
1243	47
1244	31
1245	50
1246	84
1247	70
1248	29
1249	56
1250	41
1251	21
1252	60
1253	51
1254	40
1255	18
1256	41
1257	51
1258	26
1259	50
1260	38
1261	120
1262	30
1263	31
1264	60
1265	27
1266	45
1267	45
1268	26
1269	48
1270	36
1271	52
1272	29
1273	37
1274	30
1275	48
1276	17
1277	32
1278	54
1279	39
1280	36
1281	20
1282	42
1283	83
1284	44
1285	60
1286	72
1287	139
1288	64
1289	34
1290	49
1291	43
1292	81
1293	52
1294	49
1295	47
1296	96
1297	65
1298	18
1299	51
1300	76
1301	49
1302	26
1303	38
1304	30
1305	21
1306	34
1307	57
1308	46
1309	84
1310	62
1311	88
1312	24
1313	36
1314	22
1315	54
1316	38
1317	33
1318	38
1319	26
1320	29
1321	61
1322	114
1323	42
1324	47
1325	42
1326	67
1327	76
1328	109
1329	70
1330	29
1331	55
1332	45
1333	46
1334	47
1335	61
1336	27
1337	21
1338	52
1339	36
1340	58
1341	34
1342	35
1343	60
1344	50
1345	53
1346	9
1347	23
1348	17
1349	40
1350	37
1351	46
1352	28
1353	118
1354	29
1355	37
1356	7
1357	25
1358	30
1359	29
1360	34
1361	12
1362	77
1363	95
1364	73
1365	47
1366	34
1367	96
1368	33
1369	144
1370	59
1371	42
1372	39
1373	31
1374	9
1375	31
1376	53
1377	15
1378	20
1379	16
1380	54
1381	45
1382	43
1383	7
1384	16
1385	34
1386	30
1387	96
1388	54
1389	11
1390	31
1391	39
1392	46
1393	36
1394	42
1395	17
1396	25
1397	33
1398	30
1399	39
1400	34
1401	84
1402	120
1403	17
1404	33
1405	56
1406	46
1407	30
1408	41
1409	55
1410	11
1411	42
1412	60
1413	24
1414	58
1415	29
1416	24
1417	37
1418	57
1419	29
1420	38
1421	32
1422	36
1423	32
1424	56
1425	39
1426	20
1427	28
1428	21
1429	15
1430	10
1431	47
1432	56
1433	141
1434	25
1435	136
1436	259
1437	453
1438	424
1439	86
1440	60
1441	48
1442	7
1443	55
1444	35
1445	29
1446	52
1447	27
1448	68
1449	39
1450	56
1451	29
1452	33
1453	28
1454	38
1455	50
1456	51
1457	14
1458	34
1459	32
1460	33
1461	33
1462	60
1463	30
1464	18
1465	28
1466	35
1467	59
1468	78
1469	70
1470	144
1471	129
1472	53
1473	66
1474	35
1475	77
1476	30
1477	51
1478	43
1479	50
1480	25
1481	37
1482	71
1483	31
1484	58
1485	35
1486	49
1487	83
1488	31
1489	41
1490	33
1491	86
1492	36
1493	132
1494	195
1495	83
1496	60
1497	58
1498	47
1499	37
1500	16
1501	10
1502	18
1503	51
1504	20
1505	24
1506	2
1507	44
1508	41
1509	72
1510	44
1511	110
1512	67
1513	229
1514	78
1515	110
1516	156
1517	20
1518	26
1519	161
1520	384
1521	120
1522	41
1523	58
1524	52
1525	18
1526	44
1527	20
1528	22
1529	16
1530	31
1531	32
1532	62
1533	12
1534	132
1535	53
1536	34
1537	120
1538	25
1539	12
1540	93
1541	217
1542	442
1543	212
1544	63
1545	15
1546	50
1547	9
1548	37
1549	94
1550	58
1551	45
1552	85
1553	91
1554	116
1555	108
1556	34
1557	133
1558	45
1559	49
1560	103
1561	202
1562	195
1563	201
1564	92
1565	222
1566	382
1567	200
1568	344
1569	171
1570	343
1571	419
1572	262
1573	216
1574	592
1575	595
1576	444
1577	268
1578	689
1579	506
1580	350
1581	625
1582	875
1583	1012
1584	1215
1585	1302
1586	1446
1587	1155
1588	1538
1589	1875
1590	2124
1591	2269
1592	2484
1593	2872
1594	2489
1595	1896
1596	1874
1597	1137
1598	1859
1599	1715
1600	907
1601	1461
1602	1654
1603	1278
1604	1069
1605	1340
1606	1226
1607	1553
1608	1022
1609	1014
1610	1175
1611	1236
1612	1609
1613	1577
1614	1072
1615	1449
1616	1961
1617	1215
1618	843
1619	724
1620	522
1621	760
1622	620
1623	418
1624	751
1625	1014
1626	535
1627	607
1628	563
1629	594
1630	703
1631	451
1632	566
1633	303
1634	213
1635	234
1636	72
1637	55
1638	212
1639	233
1640	159
1641	30
1642	104
1643	171
1644	94
1645	136
1646	75
1647	79
1648	171
1649	156
1650	86
1651	91
1652	98
1653	380
1654	120
1655	29
1656	42
1657	143
1658	156
1659	50
1660	56
1661	51
1662	70
1663	179
1664	213
1665	294
1666	65
1667	32
1668	32
1669	42
1670	118
1671	118
1672	48
1673	143
1674	94
1675	61
1676	106
1677	78
1678	94
1679	193
1680	429
1681	67
1682	81
1683	49
1684	48
1685	69
1686	143
1687	258
1688	208
1689	140
1690	79
1691	60
1692	81
1693	16
1694	94
1695	51
1696	78
1697	70
1698	111
1699	29
1700	59
1701	146
1702	124
1703	64
1704	75
1705	63
1706	43
1707	63
1708	47
1709	133
1710	112
1711	83
1712	64
1713	41
1714	96
1715	102
1716	54
1717	87
1718	122
1719	66
1720	52
1721	60
1722	54
1723	74
1724	88
1725	38
1726	88
1727	62
1728	65
1729	78
1730	91
1731	38
1732	70
1733	55
1734	83
1735	39
1736	28
1737	58
1738	90
1739	28
1740	34
1741	64
1742	82
1743	56
1744	68
1745	59
1746	73
1747	127
1748	66
1749	68
1750	56
1751	29
1752	70
1753	78
1754	122
1755	63
1756	40
1757	133
1758	191
1759	379
1760	272
1761	336
1762	259
1763	311
1764	111
1765	6
1766	22
1767	25
1768	64
1769	25
1770	81
1771	182
1772	62
1773	20
1774	86
1775	39
1776	115
1777	81
1778	71
1779	53
1780	47
1781	64
1782	61
1783	53
1784	31
1785	40
1786	44
1787	59
1788	67
1789	57
1790	41
1791	89
1792	56
1793	104
1794	81
1795	204
1796	120
1797	48
1798	42
1799	54
1800	118
1801	96
1802	50
1803	78
1804	49
1805	95
1806	102
1807	68
1808	98
1809	158
1810	156
1811	162
1812	75
1813	46
1814	56
1815	130
1816	70
1817	149
1818	96
1819	17
1820	86
1821	52
1822	25
1823	134
1824	94
1825	78
1826	61
1827	84
1828	94
1829	100
1830	109
1831	100
1832	110
1833	56
1834	85
1835	59
1836	89
1837	41
1838	51
1839	88
1840	74
1841	111
1842	97
1843	61
1844	61
1845	131
1846	43
1847	216
1848	107
1849	121
1850	113
1851	98
1852	73
1853	135
1854	66
1855	69
1856	91
1857	84
1858	198
1859	125
1860	177
1861	93
1862	85
1863	84
1864	72
1865	137
1866	72
1867	111
1868	76
1869	142
1870	80
1871	76
1872	95
1873	129
1874	73
1875	45
1876	127
1877	170
1878	95
1879	96
1880	71
1881	76
1882	136
1883	124
1884	89
1885	77
1886	119
1887	174
1888	162
1889	62
1890	132
1891	122
1892	155
1893	166
1894	82
1895	147
1896	65
1897	165
1898	160
1899	407
1900	210
1901	115
1902	125
1903	90
1904	93
1905	143
1906	104
1907	71
1908	94
1909	220
1910	157
1911	106
1912	151
1913	261
1914	117
1915	115
1916	114
1917	98
1918	74
1919	98
1920	62
1921	83
1922	122
1923	83
1924	57
1925	67
1926	181
1927	181
1928	174
1929	221
1930	123
1931	105
1932	136
1933	89
1934	169
1935	141
1936	123
1937	145
1938	257
1939	185
1940	191
1941	120
1942	138
1943	116
1944	159
1945	96
1946	129
1947	105
1948	148
1949	137
1950	133
1951	98
1952	247
1953	271
1954	178
1955	87
1956	141
1957	96
1958	83
1959	45
1960	205
1961	479
1962	441
1963	145
1964	113
1965	133
1966	160
1967	148
1968	137
1969	222
1970	117
1971	190
1972	243
1973	119
1974	162
1975	209
1976	297
1977	196
1978	171
1979	305
1980	323
1981	296
1982	480
1983	127
1984	239
1985	536
1986	196
1987	128
1988	244
1989	197
1990	273
1991	267
1992	223
1993	280
1994	199
1995	299
1996	414
1997	291
1998	442
1999	401
2000	369
2001	77
2002	118
2003	221
2004	617
2005	211
2006	197
2007	210
2008	243
2009	401
2010	633
2011	451
2012	348
2013	592
2014	358
2015	609
2016	741
2017	580
2018	718
2019	734
2020	475
2021	258
2022	316
2023	305
2024	862
2025	319
2026	236
2027	598
2028	399
2029	508
2030	369
2031	440
2032	1041
2033	743
2034	516
2035	320
2036	346
2037	288
2038	555
2039	666
2040	1035
2041	1025
2042	614
2043	754
2044	989
2045	1013
2046	1091
2047	983
