Instrument: Andor
X Size: 2048
Y Size: 64
Total Flux: 0.000
Total Counts: 260224
Background: 313.000000
Curvature: 0.0
Clipped to ROI: No
ROI: 1309 526 2539 1627
X	Counts
0	71
1	80
2	115
3	90
4	89
5	70
6	104
7	68
8	115
9	97
10	89
11	124
12	107
13	62
14	92
15	111
16	121
17	82
18	81
19	63
20	89
21	100
22	83
23	59
24	77
25	74
26	87
27	61
28	92
29	107
30	72
31	91
32	79
33	109
34	95
35	59
36	78
37	68
38	119
39	95
40	88
41	76
42	87
43	84
44	98
45	105
46	125
47	76
48	58
49	83
50	131
51	119
52	94
53	77
54	86
55	106
56	77
57	93
58	98
59	102
60	71
61	69
62	79
63	83
64	83
65	64
66	79
67	100
68	89
69	105
70	84
71	90
72	69
73	79
74	94
75	118
76	105
77	103
78	79
79	92
80	96
81	127
82	88
83	100
84	113
85	79
86	93
87	84
88	82
89	44
90	98
91	75
92	93
93	81
94	84
95	112
96	125
97	54
98	95
99	84
100	92
101	85
102	97
103	69
104	96
105	77
106	96
107	69
108	90
109	74
110	66
111	74
112	58
113	129
114	189
115	103
116	118
117	91
118	83
119	96
120	93
121	122
122	88
123	83
124	65
125	101
126	64
127	76
128	79
129	92
130	91
131	73
132	57
133	87
134	86
135	109
136	83
137	75
138	83
139	75
140	87
141	94
142	85
143	117
144	97
145	54
146	117
147	84
148	78
149	73
150	92
151	100
152	107
153	82
154	68
155	100
156	85
157	63
158	81
159	125
160	66
161	64
162	75
163	80
164	94
165	96
166	89
167	93
168	83
169	117
170	77
171	82
172	94
173	67
174	94
175	68
176	69
177	89
178	87
179	83
180	84
181	71
182	73
183	97
184	70
185	94
186	73
187	92
188	98
189	93
190	117
191	83
192	52
193	83
194	73
195	65
196	41
197	75
198	66
199	65
200	62
201	80
202	81
203	60
204	54
205	86
206	76
207	74
208	94
209	80
210	67
211	43
212	60
213	76
214	69
215	85
216	67
217	33
218	85
219	95
220	63
221	48
222	47
223	61
224	35
225	85
226	59
227	93
228	95
229	61
230	90
231	72
232	34
233	63
234	54
235	95
236	55
237	48
238	103
239	59
240	76
241	67
242	91
243	69
244	69
245	69
246	66
247	68
248	70
249	70
250	48
251	52
252	77
253	58
254	92
255	74
256	76
257	85
258	60
259	52
260	75
261	62
262	78
263	61
264	55
265	63
266	62
267	125
268	79
269	118
270	84
271	85
272	109
273	65
274	87
275	121
276	89
277	59
278	96
279	48
280	69
281	85
282	93
283	66
284	72
285	65
286	75
287	58
288	36
289	56
290	66
291	49
292	50
293	67
294	55
295	66
296	71
297	83
298	132
299	128
300	61
301	75
302	93
303	66
304	71
305	67
306	76
307	74
308	43
309	67
310	63
311	69
312	101
313	73
314	65
315	49
316	64
317	67
318	87
319	32
320	51
321	96
322	68
323	92
324	66
325	91
326	62
327	53
328	42
329	72
330	86
331	45
332	75
333	78
334	52
335	67
336	68
337	48
338	79
339	56
340	102
341	62
342	43
343	51
344	71
345	61
346	100
347	52
348	69
349	70
350	69
351	47
352	69
353	55
354	64
355	72
356	54
357	56
358	89
359	70
360	55
361	110
362	121
363	108
364	47
365	64
366	93
367	80
368	55
369	61
370	72
371	67
372	68
373	57
374	79
375	69
376	67
377	82
378	58
379	79
380	56
381	56
382	71
383	80
384	56
385	52
386	72
387	94
388	79
389	69
390	74
391	86
392	55
393	35
394	52
395	74
396	69
397	56
398	96
399	71
400	61
401	90
402	32
403	104
404	61
405	56
406	65
407	66
408	48
409	78
410	44
411	87
412	61
413	65
414	50
415	74
416	64
417	57
418	90
419	68
420	61
421	76
422	93
423	73
424	81
425	56
426	62
427	63
428	80
429	56
430	63
431	53
432	80
433	92
434	70
435	52
436	53
437	53
438	69
439	48
440	54
441	39
442	95
443	51
444	74
445	60
446	61
447	38
448	112
449	49
450	71
451	117
452	68
453	51
454	58
455	72
456	78
457	84
458	65
459	73
460	88
461	62
462	49
463	53
464	85
465	89
466	121
467	113
468	180
469	131
470	87
471	89
472	74
473	70
474	53
475	64
476	97
477	57
478	82
479	135
480	85
481	63
482	74
483	72
484	67
485	93
486	86
487	76
488	60
489	67
490	74
491	63
492	59
493	78
494	89
495	76
496	102
497	63
498	64
499	87
500	26
501	105
502	68
503	68
504	63
505	88
506	78
507	82
508	72
509	84
510	101
511	93
512	84
513	91
514	70
515	83
516	86
517	99
518	74
519	49
520	87
521	75
522	81
523	32
524	69
525	57
526	119
527	79
528	103
529	56
530	86
531	40
532	51
533	56
534	97
535	97
536	73
537	160
538	91
539	99
540	49
541	82
542	49
543	99
544	79
545	97
546	107
547	75
548	85
549	57
550	92
551	68
552	65
553	135
554	149
555	114
556	89
557	90
558	66
559	87
560	42
561	70
562	88
563	84
564	104
565	72
566	80
567	78
568	68
569	74
570	73
571	89
572	78
573	72
574	50
575	66
576	45
577	86
578	59
579	69
580	73
581	39
582	74
583	77
584	62
585	75
586	60
587	82
588	80
589	69
590	86
591	76
592	88
593	65
594	86
595	97
596	61
597	68
598	89
599	63
600	77
601	66
602	125
603	78
604	81
605	76
606	49
607	75
608	82
609	94
610	100
611	113
612	75
613	70
614	89
615	36
616	81
617	68
618	61
619	52
620	63
621	86
622	191
623	222
624	109
625	89
626	86
627	100
628	86
629	132
630	65
631	86
632	97
633	101
634	82
635	79
636	82
637	62
638	68
639	95
640	103
641	81
642	75
643	102
644	97
645	217
646	160
647	69
648	89
649	81
650	71
651	102
652	41
653	73
654	142
655	119
656	93
657	87
658	98
659	103
660	183
661	151
662	98
663	59
664	57
665	66
666	82
667	115
668	310
669	209
670	128
671	231
672	135
673	129
674	196
675	104
676	82
677	106
678	139
679	161
680	176
681	150
682	91
683	125
684	208
685	158
686	130
687	55
688	103
689	67
690	62
691	129
692	291
693	155
694	171
695	98
696	95
697	81
698	97
699	65
700	69
701	116
702	85
703	61
704	142
705	74
706	56
707	101
708	110
709	85
710	53
711	65
712	81
713	82
714	70
715	93
716	62
717	108
718	97
719	74
720	72
721	108
722	103
723	41
724	87
725	89
726	107
727	52
728	85
729	109
730	106
731	73
732	79
733	97
734	100
735	120
736	120
737	73
738	89
739	95
740	118
741	90
742	125
743	88
744	148
745	95
746	89
747	77
748	61
749	68
750	86
751	56
752	90
753	60
754	79
755	97
756	77
757	103
758	53
759	52
760	45
761	84
762	86
763	72
764	74
765	99
766	54
767	84
768	86
769	122
770	72
771	77
772	102
773	72
774	76
775	71
776	87
777	72
778	104
779	95
780	75
781	104
782	75
783	65
784	83
785	111
786	86
787	113
788	113
789	120
790	201
791	146
792	142
793	171
794	115
795	82
796	117
797	78
798	75
799	70
800	64
801	72
802	64
803	107
804	63
805	94
806	72
807	114
808	186
809	139
810	109
811	90
812	72
813	109
814	87
815	99
816	73
817	99
818	73
819	82
820	114
821	76
822	97
823	88
824	82
825	110
826	71
827	58
828	92
829	72
830	93
831	63
832	81
833	96
834	104
835	94
836	120
837	105
838	107
839	83
840	76
841	78
842	68
843	83
844	98
845	78
846	87
847	63
848	73
849	85
850	73
851	95
852	115
853	79
854	112
855	91
856	109
857	108
858	83
859	102
860	78
861	64
862	92
863	96
864	92
865	78
866	109
867	95
868	85
869	87
870	78
871	80
872	71
873	92
874	109
875	104
876	102
877	110
878	66
879	103
880	117
881	194
882	160
883	91
884	93
885	82
886	83
887	122
888	141
889	145
890	180
891	88
892	70
893	91
894	85
895	111
896	105
897	84
898	94
899	85
900	93
901	84
902	90
903	87
904	98
905	130
906	101
907	104
908	84
909	81
910	111
911	116
912	124
913	115
914	79
915	85
916	115
917	65
918	111
919	65
920	93
921	109
922	90
923	76
924	74
925	60
926	109
927	97
928	70
929	77
930	78
931	78
932	61
933	91
934	89
935	102
936	100
937	95
938	85
939	77
940	108
941	111
942	74
943	85
944	141
945	111
946	108
947	92
948	73
949	83
950	96
951	175
952	295
953	116
954	95
955	78
956	65
957	91
958	67
959	72
960	87
961	96
962	118
963	76
964	165
965	66
966	84
967	136
968	395
969	504
970	180
971	72
972	101
973	122
974	102
975	77
976	90
977	97
978	114
979	78
980	97
981	74
982	117
983	71
984	76
985	74
986	104
987	67
988	87
989	101
990	55
991	98
992	98
993	88
994	75
995	83
996	88
997	101
998	98
999	117
1000	130
1001	112
1002	76
1003	95
1004	118
1005	107
1006	88
1007	91
1008	91
1009	91
1010	93
1011	87
1012	113
1013	101
1014	91
1015	98
1016	110
1017	150
1018	214
1019	108
1020	108
1021	98
1022	117
1023	87
1024	93
1025	90
1026	60
1027	128
1028	108
1029	93
1030	86
1031	95
1032	117
1033	95
1034	99
1035	145
1036	76
1037	110
1038	103
1039	107
1040	89
1041	107
1042	93
1043	68
1044	89
1045	96
1046	120
1047	68
1048	90
1049	124
1050	96
1051	95
1052	122
1053	74
1054	95
1055	116
1056	119
1057	86
1058	96
1059	109
1060	111
1061	95
1062	110
1063	80
1064	77
1065	131
1066	93
1067	89
1068	118
1069	98
1070	112
1071	102
1072	134
1073	67
1074	96
1075	85
1076	50
1077	83
1078	83
1079	134
1080	126
1081	87
1082	98
1083	80
1084	125
1085	118
1086	110
1087	135
1088	170
1089	168
1090	90
1091	69
1092	94
1093	143
1094	83
1095	81
1096	68
1097	76
1098	127
1099	101
1100	118
1101	152
1102	105
1103	93
1104	110
1105	114
1106	90
1107	101
1108	113
1109	110
1110	124
1111	96
1112	181
1113	119
1114	75
1115	71
1116	107
1117	74
1118	86
1119	70
1120	81
1121	119
1122	138
1123	165
1124	131
1125	113
1126	150
1127	66
1128	103
1129	112
1130	82
1131	122
1132	89
1133	125
1134	91
1135	88
1136	109
1137	64
1138	113
1139	97
1140	93
1141	135
1142	100
1143	95
1144	96
1145	62
1146	126
1147	64
1148	98
1149	90
1150	110
1151	118
1152	78
1153	132
1154	101
1155	95
1156	134
1157	110
1158	106
1159	195
1160	313
1161	194
1162	160
1163	171
1164	100
1165	106
1166	152
1167	104
1168	152
1169	147
1170	152
1171	111
1172	226
1173	432
1174	403
1175	199
1176	107
1177	229
1178	195
1179	193
1180	131
1181	163
1182	274
1183	327
1184	245
1185	144
1186	213
1187	674
1188	950
1189	307
1190	127
1191	137
1192	351
1193	687
1194	328
1195	282
1196	504
1197	388
1198	370
1199	255
1200	328
1201	316
1202	438
1203	390
1204	653
1205	689
1206	492
1207	928
1208	1183
1209	1182
1210	1082
1211	1133
1212	1754
1213	2088
1214	2362
1215	2162
1216	2286
1217	2160
1218	2252
1219	1701
1220	1133
1221	1087
1222	641
1223	540
1224	473
1225	214
1226	129
1227	134
1228	191
1229	278
1230	362
1231	397
1232	306
1233	155
1234	201
1235	143
1236	180
1237	393
1238	192
1239	205
1240	179
1241	107
1242	105
1243	140
1244	113
1245	134
1246	171
1247	137
1248	125
1249	264
1250	133
1251	180
1252	363
1253	289
1254	283
1255	181
1256	310
1257	251
1258	213
1259	212
1260	141
1261	257
1262	719
1263	658
1264	629
1265	350
1266	423
1267	398
1268	361
1269	299
1270	329
1271	316
1272	412
1273	320
1274	382
1275	636
1276	333
1277	261
1278	234
1279	154
1280	160
1281	142
1282	278
1283	185
1284	217
1285	291
1286	297
1287	480
1288	256
1289	150
1290	225
1291	211
1292	247
1293	377
1294	269
1295	186
1296	115
1297	114
1298	115
1299	97
1300	298
1301	206
1302	95
1303	150
1304	168
1305	206
1306	221
1307	140
1308	96
1309	120
1310	107
1311	105
1312	159
1313	193
1314	140
1315	124
1316	130
1317	154
1318	97
1319	119
1320	140
1321	79
1322	105
1323	86
1324	163
1325	121
1326	140
1327	70
1328	114
1329	124
1330	190
1331	173
1332	99
1333	110
1334	119
1335	148
1336	103
1337	135
1338	105
1339	125
1340	113
1341	149
1342	120
1343	100
1344	110
1345	107
1346	131
1347	89
1348	75
1349	98
1350	124
1351	135
1352	164
1353	133
1354	88
1355	77
1356	135
1357	108
1358	137
1359	99
1360	127
1361	92
1362	103
1363	149
1364	119
1365	112
1366	120
1367	116
1368	128
1369	104
1370	110
1371	111
1372	113
1373	125
1374	124
1375	120
1376	156
1377	59
1378	135
1379	112
1380	91
1381	123
1382	128
1383	143
1384	116
1385	120
1386	106
1387	107
1388	68
1389	111
1390	130
1391	128
1392	118
1393	119
1394	114
1395	106
1396	107
1397	153
1398	150
1399	117
1400	118
1401	73
1402	127
1403	101
1404	79
1405	88
1406	145
1407	122
1408	117
1409	103
1410	113
1411	116
1412	99
1413	92
1414	133
1415	97
1416	88
1417	119
1418	118
1419	98
1420	103
1421	67
1422	131
1423	126
1424	146
1425	103
1426	130
1427	101
1428	119
1429	154
1430	157
1431	148
1432	183
1433	76
1434	132
1435	104
1436	87
1437	111
1438	113
1439	87
1440	91
1441	135
1442	93
1443	114
1444	97
1445	96
1446	115
1447	129
1448	94
1449	162
1450	142
1451	146
1452	83
1453	71
1454	111
1455	119
1456	82
1457	131
1458	102
1459	113
1460	136
1461	81
1462	138
1463	106
1464	145
1465	100
1466	149
1467	108
1468	154
1469	147
1470	103
1471	86
1472	111
1473	97
1474	108
1475	130
1476	151
1477	99
1478	102
1479	99
1480	109
1481	108
1482	119
1483	95
1484	97
1485	69
1486	120
1487	98
1488	97
1489	79
1490	113
1491	137
1492	103
1493	123
1494	110
1495	88
1496	114
1497	120
1498	116
1499	99
1500	135
1501	118
1502	120
1503	121
1504	112
1505	100
1506	86
1507	100
1508	122
1509	131
1510	127
1511	120
1512	128
1513	103
1514	109
1515	101
1516	140
1517	93
1518	115
1519	135
1520	130
1521	82
1522	102
1523	96
1524	115
1525	110
1526	145
1527	134
1528	101
1529	114
1530	122
1531	87
1532	117
1533	91
1534	110
1535	119
1536	119
1537	129
1538	100
1539	116
1540	117
1541	110
1542	110
1543	91
1544	148
1545	343
1546	276
1547	191
1548	133
1549	153
1550	133
1551	112
1552	131
1553	136
1554	104
1555	110
1556	170
1557	114
1558	163
1559	136
1560	131
1561	134
1562	69
1563	100
1564	139
1565	84
1566	126
1567	116
1568	134
1569	115
1570	105
1571	124
1572	130
1573	111
1574	129
1575	115
1576	105
1577	102
1578	115
1579	106
1580	74
1581	112
1582	167
1583	86
1584	107
1585	111
1586	119
1587	136
1588	104
1589	132
1590	109
1591	85
1592	136
1593	153
1594	122
1595	127
1596	124
1597	112
1598	139
1599	112
1600	140
1601	125
1602	101
1603	188
1604	136
1605	118
1606	93
1607	115
1608	161
1609	138
1610	144
1611	133
1612	136
1613	153
1614	117
1615	105
1616	111
1617	120
1618	165
1619	97
1620	135
1621	86
1622	124
1623	143
1624	128
1625	108
1626	138
1627	140
1628	123
1629	68
1630	120
1631	136
1632	99
1633	102
1634	127
1635	123
1636	110
1637	131
1638	162
1639	121
1640	184
1641	159
1642	115
1643	147
1644	111
1645	125
1646	177
1647	168
1648	103
1649	116
1650	108
1651	136
1652	136
1653	147
1654	132
1655	131
1656	127
1657	132
1658	130
1659	124
1660	169
1661	115
1662	72
1663	94
1664	124
1665	105
1666	122
1667	136
1668	110
1669	115
1670	119
1671	103
1672	145
1673	103
1674	99
1675	125
1676	98
1677	164
1678	91
1679	124
1680	140
1681	129
1682	140
1683	127
1684	132
1685	153
1686	121
1687	98
1688	104
1689	92
1690	111
1691	121
1692	133
1693	134
1694	149
1695	168
1696	118
1697	115
1698	121
1699	117
1700	93
1701	128
1702	97
1703	142
1704	126
1705	117
1706	108
1707	137
1708	160
1709	80
1710	121
1711	150
1712	111
1713	96
1714	111
1715	168
1716	141
1717	126
1718	127
1719	160
1720	119
1721	111
1722	139
1723	162
1724	130
1725	93
1726	110
1727	150
1728	125
1729	130
1730	209
1731	219
1732	139
1733	105
1734	91
1735	176
1736	135
1737	120
1738	140
1739	164
1740	165
1741	200
1742	132
1743	196
1744	127
1745	154
1746	134
1747	130
1748	131
1749	120
1750	130
1751	119
1752	128
1753	109
1754	143
1755	169
1756	111
1757	112
1758	129
1759	151
1760	148
1761	167
1762	124
1763	129
1764	137
1765	122
1766	148
1767	123
1768	125
1769	135
1770	117
1771	145
1772	119
1773	169
1774	174
1775	86
1776	160
1777	143
1778	165
1779	146
1780	97
1781	137
1782	149
1783	137
1784	153
1785	125
1786	132
1787	125
1788	119
1789	127
1790	118
1791	139
1792	165
1793	128
1794	110
1795	145
1796	124
1797	107
1798	147
1799	139
1800	125
1801	106
1802	129
1803	86
1804	116
1805	121
1806	131
1807	140
1808	137
1809	101
1810	115
1811	135
1812	135
1813	142
1814	162
1815	138
1816	96
1817	121
1818	127
1819	127
1820	167
1821	162
1822	160
1823	129
1824	112
1825	173
1826	131
1827	158
1828	116
1829	126
1830	110
1831	143
1832	125
1833	131
1834	121
1835	135
1836	143
1837	134
1838	102
1839	186
1840	99
1841	122
1842	169
1843	135
1844	156
1845	187
1846	113
1847	136
1848	128
1849	127
1850	126
1851	183
1852	130
1853	102
1854	163
1855	138
1856	131
1857	173
1858	133
1859	178
1860	191
1861	101
1862	162
1863	113
1864	132
1865	140
1866	119
1867	110
1868	179
1869	200
1870	213
1871	210
1872	127
1873	175
1874	157
1875	255
1876	123
1877	192
1878	141
1879	150
1880	155
1881	162
1882	113
1883	143
1884	141
1885	165
1886	104
1887	190
1888	256
1889	142
1890	146
1891	175
1892	226
1893	144
1894	137
1895	114
1896	216
1897	157
1898	147
1899	158
1900	173
1901	201
1902	133
1903	165
1904	130
1905	159
1906	151
1907	158
1908	163
1909	111
1910	158
1911	148
1912	99
1913	122
1914	190
1915	177
1916	147
1917	162
1918	117
1919	127
1920	157
1921	115
1922	178
1923	92
1924	114
1925	161
1926	158
1927	147
1928	108
1929	167
1930	180
1931	194
1932	120
1933	139
1934	127
1935	215
1936	154
1937	118
1938	153
1939	196
1940	168
1941	153
1942	115
1943	141
1944	191
1945	147
1946	127
1947	143
1948	157
1949	163
1950	220
1951	134
1952	148
1953	193
1954	148
1955	179
1956	149
1957	154
1958	132
1959	123
1960	151
1961	205
1962	147
1963	191
1964	129
1965	179
1966	129
1967	112
1968	132
1969	146
1970	163
1971	174
1972	194
1973	153
1974	140
1975	149
1976	200
1977	162
1978	98
1979	161
1980	219
1981	197
1982	162
1983	130
1984	84
1985	188
1986	204
1987	189
1988	185
1989	149
1990	170
1991	151
1992	136
1993	149
1994	173
1995	135
1996	144
1997	182
1998	138
1999	133
2000	155
2001	225
2002	151
2003	169
2004	162
2005	156
2006	131
2007	88
2008	150
2009	182
2010	155
2011	125
2012	181
2013	119
2014	125
2015	142
2016	125
2017	157
2018	127
2019	118
2020	161
2021	138
2022	190
2023	109
2024	112
2025	113
2026	109
2027	135
2028	125
2029	211
2030	168
2031	77
2032	82
2033	123
2034	121
2035	100
2036	94
2037	83
2038	74
2039	172
2040	107
2041	77
2042	80
2043	72
2044	92
2045	65
2046	70
2047	58
