Instrument: Andor
X Size: 2048
Y Size: 64
Total Flux: 0.000
Total Counts: 173082
Background: 313.000000
Curvature: 0.0
Clipped to ROI: No
ROI: 1309 526 2539 1627
X	Counts
0	70
1	105
2	65
3	63
4	46
5	44
6	67
7	55
8	75
9	53
10	65
11	74
12	65
13	70
14	64
15	72
16	72
17	75
18	86
19	37
20	64
21	65
22	85
23	66
24	89
25	79
26	78
27	68
28	61
29	65
30	52
31	40
32	63
33	56
34	66
35	53
36	49
37	56
38	93
39	74
40	80
41	55
42	64
43	48
44	55
45	46
46	71
47	86
48	77
49	86
50	86
51	88
52	35
53	80
54	53
55	69
56	59
57	53
58	66
59	65
60	73
61	72
62	48
63	50
64	96
65	56
66	49
67	55
68	24
69	61
70	59
71	78
72	61
73	75
74	71
75	44
76	48
77	49
78	66
79	78
80	57
81	74
82	64
83	93
84	45
85	47
86	51
87	70
88	46
89	25
90	79
91	55
92	48
93	76
94	60
95	55
96	80
97	35
98	43
99	70
100	81
101	58
102	53
103	76
104	96
105	72
106	77
107	59
108	82
109	75
110	72
111	44
112	65
113	73
114	70
115	64
116	60
117	50
118	51
119	72
120	47
121	52
122	63
123	52
124	41
125	53
126	85
127	45
128	46
129	57
130	42
131	61
132	47
133	88
134	55
135	98
136	37
137	52
138	74
139	54
140	46
141	54
142	70
143	88
144	71
145	43
146	74
147	74
148	56
149	44
150	41
151	64
152	95
153	79
154	33
155	77
156	49
157	48
158	32
159	55
160	79
161	88
162	45
163	81
164	58
165	53
166	73
167	56
168	43
169	49
170	45
171	55
172	68
173	57
174	44
175	72
176	45
177	52
178	45
179	50
180	62
181	50
182	48
183	38
184	31
185	67
186	63
187	39
188	73
189	53
190	87
191	58
192	71
193	37
194	37
195	56
196	42
197	35
198	57
199	38
200	38
201	44
202	74
203	56
204	45
205	38
206	53
207	33
208	56
209	52
210	79
211	45
212	38
213	46
214	52
215	31
216	43
217	63
218	86
219	43
220	53
221	61
222	41
223	47
224	48
225	52
226	75
227	53
228	39
229	54
230	59
231	55
232	28
233	71
234	37
235	73
236	49
237	32
238	42
239	25
240	52
241	53
242	48
243	49
244	44
245	71
246	39
247	48
248	49
249	53
250	31
251	55
252	35
253	75
254	40
255	46
256	70
257	72
258	53
259	60
260	61
261	37
262	44
263	59
264	31
265	71
266	27
267	47
268	25
269	40
270	62
271	54
272	53
273	44
274	48
275	54
276	41
277	50
278	48
279	41
280	46
281	28
282	45
283	44
284	23
285	47
286	54
287	40
288	65
289	45
290	39
291	47
292	48
293	55
294	62
295	41
296	68
297	55
298	64
299	55
300	59
301	43
302	52
303	50
304	36
305	32
306	50
307	64
308	36
309	64
310	49
311	60
312	69
313	58
314	41
315	79
316	38
317	39
318	73
319	37
320	48
321	53
322	37
323	53
324	58
325	42
326	57
327	33
328	66
329	52
330	43
331	34
332	70
333	36
334	52
335	39
336	63
337	49
338	37
339	54
340	69
341	39
342	38
343	51
344	56
345	54
346	86
347	48
348	41
349	44
350	64
351	41
352	60
353	36
354	57
355	29
356	27
357	29
358	81
359	50
360	49
361	45
362	55
363	60
364	31
365	52
366	47
367	40
368	35
369	20
370	130
371	115
372	88
373	72
374	52
375	72
376	42
377	45
378	37
379	58
380	51
381	52
382	51
383	62
384	34
385	54
386	44
387	38
388	63
389	29
390	18
391	48
392	32
393	54
394	55
395	36
396	59
397	19
398	50
399	23
400	37
401	41
402	35
403	42
404	63
405	58
406	56
407	56
408	48
409	36
410	58
411	44
412	41
413	55
414	41
415	49
416	64
417	39
418	40
419	63
420	50
421	60
422	53
423	76
424	54
425	50
426	59
427	60
428	87
429	69
430	23
431	67
432	49
433	59
434	53
435	49
436	34
437	51
438	54
439	32
440	50
441	42
442	50
443	46
444	38
445	65
446	35
447	40
448	62
449	32
450	35
451	46
452	52
453	36
454	44
455	44
456	40
457	69
458	62
459	63
460	60
461	73
462	52
463	43
464	44
465	46
466	51
467	45
468	43
469	52
470	73
471	58
472	47
473	57
474	50
475	48
476	49
477	55
478	47
479	65
480	55
481	52
482	73
483	50
484	43
485	41
486	58
487	52
488	65
489	48
490	51
491	49
492	48
493	58
494	42
495	40
496	51
497	37
498	60
499	48
500	56
501	41
502	59
503	46
504	65
505	53
506	50
507	39
508	79
509	53
510	74
511	54
512	28
513	35
514	41
515	40
516	46
517	65
518	57
519	57
520	43
521	49
522	50
523	76
524	34
525	56
526	53
527	41
528	33
529	64
530	25
531	75
532	101
533	45
534	60
535	53
536	38
537	50
538	75
539	72
540	122
541	41
542	55
543	39
544	54
545	50
546	60
547	59
548	61
549	75
550	59
551	78
552	66
553	55
554	48
555	38
556	66
557	84
558	24
559	53
560	69
561	59
562	68
563	33
564	38
565	57
566	64
567	48
568	56
569	56
570	73
571	84
572	39
573	24
574	41
575	33
576	38
577	61
578	47
579	45
580	73
581	41
582	36
583	61
584	52
585	65
586	46
587	64
588	63
589	68
590	54
591	44
592	50
593	66
594	66
595	25
596	39
597	36
598	63
599	57
600	43
601	46
602	69
603	53
604	49
605	51
606	48
607	62
608	58
609	50
610	44
611	84
612	64
613	79
614	39
615	37
616	32
617	34
618	53
619	61
620	53
621	61
622	57
623	66
624	47
625	46
626	53
627	63
628	55
629	62
630	61
631	73
632	37
633	48
634	42
635	54
636	64
637	59
638	64
639	43
640	50
641	61
642	56
643	45
644	78
645	33
646	52
647	53
648	52
649	33
650	84
651	25
652	22
653	56
654	67
655	36
656	62
657	58
658	68
659	207
660	97
661	47
662	51
663	50
664	70
665	45
666	56
667	50
668	41
669	71
670	145
671	101
672	66
673	61
674	36
675	63
676	68
677	69
678	65
679	69
680	59
681	86
682	78
683	133
684	103
685	89
686	50
687	57
688	53
689	33
690	38
691	58
692	46
693	68
694	51
695	40
696	54
697	58
698	53
699	61
700	42
701	41
702	61
703	50
704	60
705	50
706	60
707	113
708	30
709	52
710	71
711	51
712	49
713	41
714	76
715	78
716	65
717	70
718	61
719	50
720	68
721	79
722	87
723	37
724	62
725	72
726	34
727	50
728	72
729	68
730	58
731	26
732	62
733	60
734	49
735	69
736	63
737	45
738	57
739	77
740	69
741	67
742	93
743	56
744	68
745	44
746	70
747	60
748	57
749	32
750	35
751	58
752	58
753	56
754	46
755	64
756	47
757	84
758	48
759	59
760	61
761	45
762	79
763	69
764	55
765	37
766	50
767	73
768	56
769	53
770	68
771	50
772	71
773	74
774	60
775	92
776	69
777	43
778	50
779	34
780	77
781	71
782	65
783	71
784	64
785	48
786	51
787	45
788	44
789	35
790	72
791	80
792	70
793	59
794	64
795	69
796	65
797	71
798	68
799	45
800	64
801	58
802	50
803	59
804	47
805	50
806	60
807	59
808	70
809	50
810	65
811	86
812	53
813	48
814	40
815	76
816	55
817	50
818	64
819	69
820	60
821	44
822	39
823	67
824	63
825	46
826	81
827	71
828	53
829	91
830	54
831	103
832	59
833	43
834	69
835	78
836	72
837	61
838	90
839	72
840	73
841	62
842	87
843	55
844	79
845	77
846	59
847	33
848	53
849	63
850	61
851	86
852	89
853	46
854	78
855	85
856	56
857	72
858	63
859	54
860	53
861	41
862	41
863	62
864	63
865	54
866	74
867	98
868	44
869	62
870	80
871	65
872	50
873	43
874	59
875	91
876	55
877	76
878	49
879	54
880	68
881	59
882	66
883	74
884	60
885	47
886	88
887	49
888	91
889	75
890	51
891	70
892	65
893	96
894	50
895	96
896	54
897	44
898	39
899	61
900	69
901	74
902	68
903	100
904	69
905	85
906	78
907	59
908	75
909	78
910	55
911	79
912	86
913	69
914	80
915	64
916	80
917	73
918	73
919	68
920	58
921	67
922	74
923	61
924	59
925	68
926	41
927	89
928	90
929	87
930	74
931	56
932	60
933	54
934	53
935	56
936	75
937	72
938	55
939	53
940	64
941	78
942	76
943	51
944	88
945	55
946	51
947	64
948	77
949	66
950	84
951	76
952	88
953	77
954	56
955	33
956	72
957	82
958	46
959	74
960	56
961	73
962	68
963	65
964	69
965	60
966	64
967	72
968	72
969	97
970	41
971	81
972	56
973	59
974	76
975	62
976	35
977	77
978	70
979	59
980	50
981	60
982	53
983	78
984	76
985	77
986	62
987	55
988	73
989	102
990	63
991	57
992	56
993	76
994	86
995	64
996	93
997	73
998	100
999	62
1000	51
1001	51
1002	69
1003	66
1004	49
1005	60
1006	52
1007	62
1008	95
1009	86
1010	79
1011	49
1012	99
1013	83
1014	69
1015	58
1016	83
1017	74
1018	58
1019	72
1020	84
1021	77
1022	97
1023	73
1024	72
1025	44
1026	65
1027	97
1028	71
1029	69
1030	63
1031	62
1032	58
1033	89
1034	66
1035	82
1036	70
1037	85
1038	73
1039	72
1040	59
1041	72
1042	79
1043	46
1044	88
1045	82
1046	80
1047	102
1048	79
1049	115
1050	68
1051	68
1052	81
1053	39
1054	59
1055	93
1056	110
1057	102
1058	69
1059	88
1060	71
1061	67
1062	71
1063	77
1064	90
1065	84
1066	67
1067	110
1068	82
1069	66
1070	60
1071	79
1072	87
1073	51
1074	58
1075	93
1076	26
1077	58
1078	41
1079	70
1080	82
1081	111
1082	90
1083	60
1084	91
1085	66
1086	106
1087	60
1088	71
1089	94
1090	67
1091	88
1092	49
1093	102
1094	61
1095	64
1096	122
1097	43
1098	71
1099	45
1100	60
1101	101
1102	58
1103	90
1104	73
1105	74
1106	80
1107	73
1108	95
1109	74
1110	103
1111	75
1112	64
1113	83
1114	80
1115	125
1116	108
1117	82
1118	81
1119	56
1120	66
1121	70
1122	75
1123	104
1124	148
1125	159
1126	79
1127	67
1128	88
1129	80
1130	86
1131	88
1132	70
1133	46
1134	57
1135	57
1136	52
1137	64
1138	69
1139	54
1140	91
1141	70
1142	87
1143	64
1144	72
1145	60
1146	83
1147	64
1148	56
1149	85
1150	81
1151	63
1152	52
1153	72
1154	62
1155	71
1156	46
1157	108
1158	78
1159	95
1160	80
1161	69
1162	103
1163	87
1164	63
1165	78
1166	106
1167	103
1168	121
1169	39
1170	81
1171	94
1172	94
1173	95
1174	60
1175	82
1176	61
1177	67
1178	71
1179	72
1180	100
1181	90
1182	65
1183	88
1184	51
1185	96
1186	53
1187	98
1188	61
1189	86
1190	115
1191	87
1192	130
1193	190
1194	153
1195	102
1196	124
1197	135
1198	266
1199	94
1200	64
1201	92
1202	94
1203	286
1204	243
1205	185
1206	175
1207	297
1208	773
1209	1108
1210	1222
1211	608
1212	384
1213	325
1214	560
1215	169
1216	132
1217	123
1218	106
1219	93
1220	160
1221	136
1222	230
1223	289
1224	146
1225	183
1226	263
1227	141
1228	117
1229	142
1230	196
1231	84
1232	90
1233	85
1234	122
1235	108
1236	99
1237	95
1238	110
1239	80
1240	183
1241	264
1242	188
1243	240
1244	239
1245	193
1246	160
1247	161
1248	200
1249	181
1250	218
1251	163
1252	208
1253	192
1254	144
1255	204
1256	189
1257	143
1258	122
1259	151
1260	123
1261	208
1262	457
1263	412
1264	205
1265	187
1266	271
1267	143
1268	137
1269	198
1270	157
1271	185
1272	117
1273	172
1274	343
1275	281
1276	182
1277	88
1278	169
1279	197
1280	174
1281	163
1282	297
1283	225
1284	189
1285	199
1286	261
1287	205
1288	114
1289	134
1290	188
1291	153
1292	366
1293	415
1294	314
1295	107
1296	100
1297	212
1298	118
1299	113
1300	147
1301	93
1302	94
1303	144
1304	126
1305	134
1306	117
1307	84
1308	79
1309	68
1310	85
1311	111
1312	78
1313	115
1314	94
1315	68
1316	114
1317	66
1318	117
1319	176
1320	179
1321	280
1322	499
1323	139
1324	106
1325	102
1326	94
1327	76
1328	95
1329	117
1330	47
1331	119
1332	95
1333	104
1334	70
1335	99
1336	95
1337	96
1338	109
1339	118
1340	82
1341	90
1342	119
1343	135
1344	63
1345	77
1346	63
1347	63
1348	99
1349	65
1350	104
1351	106
1352	98
1353	98
1354	69
1355	68
1356	82
1357	106
1358	69
1359	104
1360	129
1361	80
1362	116
1363	87
1364	116
1365	74
1366	79
1367	55
1368	80
1369	115
1370	113
1371	91
1372	61
1373	88
1374	99
1375	74
1376	66
1377	56
1378	104
1379	82
1380	104
1381	74
1382	91
1383	133
1384	104
1385	94
1386	58
1387	110
1388	88
1389	83
1390	72
1391	69
1392	93
1393	95
1394	46
1395	117
1396	80
1397	107
1398	95
1399	97
1400	87
1401	74
1402	82
1403	120
1404	67
1405	88
1406	64
1407	104
1408	95
1409	72
1410	91
1411	70
1412	95
1413	77
1414	69
1415	79
1416	87
1417	104
1418	103
1419	130
1420	115
1421	78
1422	73
1423	101
1424	90
1425	85
1426	109
1427	88
1428	57
1429	144
1430	71
1431	104
1432	77
1433	99
1434	84
1435	72
1436	68
1437	68
1438	61
1439	82
1440	80
1441	48
1442	48
1443	86
1444	101
1445	64
1446	66
1447	81
1448	102
1449	128
1450	107
1451	119
1452	71
1453	80
1454	88
1455	134
1456	47
1457	99
1458	84
1459	116
1460	79
1461	77
1462	99
1463	77
1464	63
1465	108
1466	86
1467	115
1468	89
1469	105
1470	58
1471	66
1472	82
1473	98
1474	156
1475	90
1476	102
1477	43
1478	111
1479	78
1480	80
1481	103
1482	113
1483	110
1484	80
1485	66
1486	147
1487	112
1488	128
1489	87
1490	111
1491	104
1492	66
1493	76
1494	89
1495	83
1496	85
1497	136
1498	81
1499	98
1500	110
1501	63
1502	84
1503	86
1504	99
1505	65
1506	90
1507	92
1508	92
1509	79
1510	111
1511	75
1512	84
1513	77
1514	71
1515	81
1516	70
1517	85
1518	111
1519	100
1520	111
1521	81
1522	122
1523	90
1524	98
1525	74
1526	113
1527	79
1528	97
1529	126
1530	79
1531	90
1532	80
1533	71
1534	61
1535	74
1536	103
1537	76
1538	67
1539	95
1540	107
1541	113
1542	86
1543	114
1544	69
1545	95
1546	102
1547	131
1548	55
1549	54
1550	85
1551	74
1552	76
1553	80
1554	86
1555	95
1556	119
1557	131
1558	112
1559	61
1560	118
1561	88
1562	87
1563	93
1564	73
1565	89
1566	117
1567	109
1568	141
1569	98
1570	67
1571	86
1572	119
1573	103
1574	87
1575	57
1576	89
1577	74
1578	78
1579	58
1580	63
1581	101
1582	116
1583	78
1584	57
1585	92
1586	101
1587	115
1588	89
1589	97
1590	96
1591	99
1592	94
1593	125
1594	88
1595	102
1596	118
1597	93
1598	88
1599	80
1600	98
1601	72
1602	108
1603	80
1604	97
1605	67
1606	95
1607	106
1608	81
1609	112
1610	110
1611	123
1612	73
1613	100
1614	125
1615	97
1616	125
1617	73
1618	102
1619	93
1620	88
1621	72
1622	99
1623	103
1624	128
1625	127
1626	76
1627	100
1628	103
1629	64
1630	79
1631	52
1632	96
1633	72
1634	123
1635	101
1636	105
1637	87
1638	144
1639	139
1640	155
1641	118
1642	83
1643	120
1644	89
1645	106
1646	122
1647	99
1648	96
1649	119
1650	79
1651	82
1652	79
1653	75
1654	94
1655	110
1656	97
1657	103
1658	139
1659	85
1660	135
1661	73
1662	104
1663	98
1664	124
1665	154
1666	98
1667	137
1668	90
1669	107
1670	66
1671	84
1672	116
1673	101
1674	99
1675	97
1676	88
1677	91
1678	86
1679	121
1680	121
1681	104
1682	121
1683	102
1684	110
1685	113
1686	90
1687	126
1688	90
1689	74
1690	86
1691	125
1692	71
1693	113
1694	115
1695	112
1696	139
1697	86
1698	83
1699	90
1700	92
1701	80
1702	124
1703	89
1704	72
1705	86
1706	102
1707	104
1708	134
1709	82
1710	75
1711	125
1712	126
1713	92
1714	118
1715	78
1716	113
1717	81
1718	88
1719	94
1720	86
1721	122
1722	105
1723	141
1724	45
1725	112
1726	85
1727	131
1728	112
1729	67
1730	105
1731	100
1732	87
1733	98
1734	105
1735	123
1736	116
1737	89
1738	182
1739	125
1740	159
1741	126
1742	84
1743	98
1744	98
1745	64
1746	117
1747	132
1748	88
1749	91
1750	117
1751	103
1752	75
1753	91
1754	114
1755	93
1756	97
1757	79
1758	104
1759	142
1760	88
1761	108
1762	132
1763	77
1764	101
1765	66
1766	121
1767	129
1768	90
1769	157
1770	109
1771	80
1772	115
1773	162
1774	150
1775	75
1776	125
1777	75
1778	128
1779	96
1780	130
1781	73
1782	69
1783	108
1784	111
1785	117
1786	71
1787	84
1788	123
1789	140
1790	163
1791	96
1792	101
1793	114
1794	114
1795	116
1796	116
1797	135
1798	111
1799	132
1800	159
1801	100
1802	98
1803	97
1804	96
1805	116
1806	136
1807	113
1808	79
1809	86
1810	48
1811	142
1812	111
1813	157
1814	149
1815	105
1816	103
1817	92
1818	110
1819	120
1820	127
1821	130
1822	93
1823	166
1824	197
1825	129
1826	139
1827	131
1828	117
1829	131
1830	73
1831	144
1832	100
1833	149
1834	116
1835	112
1836	126
1837	109
1838	152
1839	193
1840	125
1841	101
1842	113
1843	101
1844	118
1845	152
1846	78
1847	146
1848	99
1849	112
1850	133
1851	127
1852	85
1853	102
1854	128
1855	136
1856	133
1857	91
1858	110
1859	145
1860	123
1861	110
1862	163
1863	90
1864	106
1865	103
1866	93
1867	100
1868	130
1869	142
1870	187
1871	147
1872	103
1873	100
1874	118
1875	107
1876	91
1877	102
1878	114
1879	103
1880	114
1881	81
1882	119
1883	102
1884	113
1885	127
1886	88
1887	113
1888	116
1889	126
1890	161
1891	117
1892	165
1893	106
1894	109
1895	161
1896	218
1897	128
1898	119
1899	81
1900	80
1901	113
1902	114
1903	165
1904	113
1905	116
1906	108
1907	124
1908	111
1909	118
1910	94
1911	98
1912	126
1913	92
1914	151
1915	106
1916	120
1917	150
1918	119
1919	157
1920	141
1921	119
1922	164
1923	104
1924	80
1925	152
1926	119
1927	98
1928	108
1929	77
1930	124
1931	127
1932	93
1933	116
1934	92
1935	128
1936	157
1937	115
1938	111
1939	127
1940	114
1941	101
1942	128
1943	121
1944	119
1945	118
1946	109
1947	137
1948	130
1949	137
1950	146
1951	101
1952	116
1953	115
1954	175
1955	185
1956	191
1957	91
1958	140
1959	128
1960	86
1961	107
1962	68
1963	127
1964	135
1965	116
1966	108
1967	126
1968	76
1969	137
1970	110
1971	147
1972	127
1973	146
1974	112
1975	171
1976	111
1977	118
1978	128
1979	120
1980	96
1981	84
1982	107
1983	78
1984	101
1985	168
1986	146
1987	148
1988	132
1989	140
1990	145
1991	116
1992	120
1993	107
1994	106
1995	141
1996	125
1997	107
1998	122
1999	105
2000	94
2001	123
2002	105
2003	160
2004	110
2005	109
2006	101
2007	88
2008	108
2009	142
2010	119
2011	104
2012	116
2013	88
2014	94
2015	139
2016	134
2017	109
2018	94
2019	154
2020	137
2021	167
2022	148
2023	91
2024	99
2025	132
2026	52
2027	68
2028	66
2029	90
2030	95
2031	51
2032	50
2033	99
2034	74
2035	77
2036	77
2037	77
2038	57
2039	108
2040	54
2041	54
2042	42
2043	60
2044	65
2045	69
2046	55
2047	71
