Instrument: Andor
X Size: 2048
Y Size: 64
Total Flux: 0.000
Total Counts: 260987
Background: 313.000000
Curvature: 0.0
Clipped to ROI: No
ROI: 1309 526 2539 1627
X	Counts
0	122
1	93
2	104
3	102
4	64
5	100
6	60
7	79
8	82
9	86
10	72
11	67
12	95
13	59
14	82
15	60
16	82
17	117
18	106
19	90
20	84
21	85
22	87
23	49
24	98
25	70
26	80
27	61
28	98
29	118
30	79
31	80
32	107
33	72
34	83
35	58
36	62
37	67
38	113
39	102
40	80
41	55
42	91
43	94
44	102
45	65
46	73
47	66
48	75
49	84
50	99
51	122
52	54
53	122
54	86
55	111
56	73
57	80
58	78
59	59
60	94
61	74
62	100
63	79
64	73
65	71
66	94
67	113
68	107
69	54
70	71
71	98
72	117
73	43
74	100
75	98
76	95
77	55
78	115
79	98
80	114
81	86
82	99
83	71
84	84
85	86
86	81
87	66
88	71
89	74
90	111
91	72
92	70
93	68
94	100
95	57
96	133
97	94
98	121
99	91
100	52
101	66
102	69
103	90
104	70
105	63
106	57
107	83
108	154
109	141
110	74
111	95
112	71
113	82
114	84
115	68
116	106
117	65
118	90
119	100
120	40
121	101
122	94
123	70
124	76
125	85
126	78
127	69
128	109
129	102
130	78
131	66
132	77
133	62
134	74
135	107
136	93
137	56
138	59
139	47
140	77
141	78
142	104
143	100
144	61
145	121
146	76
147	127
148	123
149	70
150	109
151	72
152	99
153	93
154	37
155	96
156	75
157	102
158	76
159	81
160	89
161	98
162	81
163	61
164	61
165	56
166	65
167	77
168	84
169	129
170	62
171	74
172	120
173	77
174	72
175	50
176	89
177	75
178	55
179	97
180	58
181	83
182	72
183	117
184	117
185	109
186	57
187	100
188	105
189	105
190	65
191	111
192	46
193	88
194	68
195	54
196	54
197	90
198	61
199	106
200	47
201	64
202	66
203	60
204	65
205	89
206	59
207	52
208	106
209	89
210	56
211	49
212	67
213	80
214	73
215	59
216	76
217	85
218	77
219	55
220	96
221	106
222	70
223	73
224	45
225	65
226	58
227	70
228	134
229	187
230	106
231	79
232	61
233	90
234	64
235	75
236	70
237	56
238	130
239	51
240	57
241	75
242	130
243	83
244	85
245	38
246	75
247	46
248	82
249	64
250	59
251	94
252	58
253	75
254	80
255	67
256	56
257	71
258	57
259	64
260	55
261	60
262	58
263	73
264	45
265	68
266	104
267	71
268	73
269	70
270	40
271	73
272	57
273	47
274	77
275	64
276	58
277	81
278	110
279	60
280	95
281	141
282	104
283	75
284	29
285	61
286	71
287	77
288	58
289	115
290	95
291	89
292	67
293	62
294	40
295	68
296	67
297	87
298	80
299	52
300	60
301	69
302	41
303	48
304	75
305	44
306	52
307	66
308	85
309	84
310	92
311	50
312	68
313	73
314	99
315	89
316	55
317	69
318	65
319	67
320	74
321	48
322	90
323	79
324	132
325	193
326	110
327	121
328	84
329	81
330	60
331	32
332	58
333	92
334	80
335	65
336	68
337	58
338	77
339	86
340	79
341	87
342	76
343	73
344	47
345	59
346	81
347	69
348	52
349	56
350	95
351	67
352	92
353	102
354	161
355	98
356	119
357	60
358	76
359	53
360	61
361	65
362	299
363	73
364	105
365	76
366	79
367	52
368	67
369	52
370	78
371	44
372	54
373	71
374	40
375	69
376	68
377	82
378	111
379	114
380	96
381	79
382	72
383	51
384	79
385	45
386	77
387	138
388	97
389	58
390	78
391	96
392	45
393	70
394	76
395	42
396	99
397	63
398	81
399	74
400	65
401	101
402	73
403	71
404	61
405	46
406	52
407	84
408	89
409	105
410	98
411	55
412	63
413	25
414	93
415	77
416	50
417	48
418	49
419	101
420	62
421	60
422	64
423	52
424	65
425	68
426	58
427	60
428	40
429	65
430	68
431	57
432	84
433	91
434	80
435	72
436	63
437	70
438	113
439	79
440	72
441	76
442	56
443	82
444	73
445	94
446	90
447	78
448	106
449	67
450	43
451	68
452	83
453	70
454	64
455	102
456	79
457	80
458	72
459	89
460	79
461	71
462	83
463	89
464	187
465	114
466	97
467	66
468	49
469	83
470	52
471	71
472	77
473	73
474	86
475	97
476	65
477	80
478	71
479	69
480	86
481	74
482	56
483	85
484	59
485	78
486	78
487	53
488	69
489	79
490	59
491	67
492	68
493	76
494	65
495	139
496	78
497	105
498	53
499	73
500	72
501	99
502	65
503	143
504	183
505	89
506	58
507	74
508	83
509	65
510	78
511	71
512	77
513	96
514	60
515	78
516	39
517	68
518	74
519	75
520	87
521	87
522	172
523	131
524	65
525	86
526	67
527	60
528	133
529	75
530	44
531	91
532	65
533	86
534	73
535	109
536	78
537	74
538	64
539	84
540	58
541	66
542	57
543	95
544	66
545	58
546	103
547	86
548	77
549	78
550	60
551	68
552	142
553	86
554	154
555	197
556	125
557	74
558	99
559	73
560	87
561	87
562	67
563	70
564	82
565	68
566	80
567	72
568	50
569	89
570	75
571	65
572	73
573	85
574	87
575	66
576	77
577	48
578	65
579	85
580	101
581	149
582	109
583	123
584	60
585	74
586	76
587	63
588	61
589	63
590	66
591	76
592	81
593	76
594	105
595	46
596	82
597	93
598	79
599	96
600	72
601	53
602	64
603	79
604	70
605	68
606	82
607	42
608	98
609	93
610	80
611	128
612	77
613	79
614	86
615	45
616	88
617	86
618	79
619	61
620	68
621	89
622	79
623	114
624	65
625	100
626	66
627	88
628	85
629	101
630	84
631	69
632	73
633	67
634	92
635	86
636	59
637	82
638	68
639	66
640	98
641	91
642	100
643	131
644	71
645	74
646	104
647	55
648	72
649	94
650	65
651	88
652	82
653	89
654	132
655	210
656	117
657	158
658	181
659	110
660	92
661	70
662	67
663	63
664	93
665	63
666	102
667	80
668	86
669	73
670	77
671	178
672	273
673	238
674	152
675	75
676	136
677	115
678	122
679	63
680	80
681	58
682	58
683	62
684	55
685	99
686	72
687	100
688	54
689	76
690	83
691	121
692	99
693	94
694	104
695	78
696	99
697	99
698	97
699	74
700	117
701	100
702	64
703	61
704	76
705	65
706	54
707	94
708	100
709	140
710	162
711	56
712	89
713	66
714	91
715	65
716	53
717	83
718	113
719	90
720	76
721	72
722	76
723	67
724	50
725	90
726	94
727	76
728	84
729	71
730	58
731	93
732	114
733	60
734	94
735	58
736	77
737	60
738	98
739	158
740	145
741	76
742	97
743	84
744	71
745	119
746	78
747	62
748	51
749	89
750	63
751	87
752	57
753	90
754	76
755	94
756	89
757	77
758	48
759	53
760	47
761	76
762	52
763	101
764	89
765	114
766	53
767	75
768	105
769	88
770	55
771	86
772	80
773	98
774	114
775	112
776	89
777	99
778	74
779	102
780	79
781	93
782	81
783	88
784	78
785	69
786	70
787	90
788	111
789	67
790	62
791	75
792	80
793	68
794	76
795	85
796	41
797	93
798	85
799	73
800	73
801	77
802	50
803	83
804	64
805	67
806	98
807	93
808	83
809	52
810	54
811	103
812	68
813	83
814	98
815	82
816	84
817	93
818	104
819	78
820	71
821	80
822	65
823	44
824	73
825	100
826	99
827	64
828	81
829	56
830	93
831	96
832	93
833	86
834	53
835	83
836	100
837	96
838	101
839	101
840	104
841	87
842	194
843	205
844	115
845	79
846	69
847	81
848	52
849	115
850	77
851	96
852	84
853	94
854	82
855	89
856	100
857	167
858	129
859	83
860	55
861	90
862	87
863	97
864	78
865	104
866	78
867	87
868	66
869	78
870	109
871	81
872	101
873	75
874	101
875	67
876	89
877	94
878	95
879	132
880	99
881	77
882	113
883	107
884	134
885	122
886	99
887	82
888	64
889	87
890	76
891	76
892	72
893	93
894	104
895	126
896	78
897	107
898	74
899	61
900	76
901	91
902	80
903	95
904	126
905	82
906	124
907	73
908	80
909	97
910	112
911	96
912	78
913	112
914	86
915	115
916	84
917	93
918	99
919	73
920	106
921	82
922	86
923	80
924	64
925	114
926	75
927	113
928	117
929	96
930	109
931	63
932	85
933	165
934	91
935	95
936	107
937	154
938	106
939	92
940	111
941	98
942	90
943	80
944	115
945	96
946	77
947	98
948	95
949	104
950	85
951	106
952	96
953	124
954	75
955	67
956	127
957	94
958	94
959	101
960	84
961	123
962	75
963	111
964	96
965	89
966	67
967	84
968	93
969	127
970	98
971	124
972	91
973	113
974	74
975	62
976	100
977	113
978	77
979	89
980	87
981	93
982	94
983	61
984	95
985	98
986	103
987	81
988	77
989	85
990	108
991	71
992	118
993	78
994	61
995	107
996	136
997	79
998	106
999	123
1000	93
1001	99
1002	70
1003	108
1004	85
1005	96
1006	64
1007	105
1008	104
1009	91
1010	99
1011	103
1012	87
1013	77
1014	107
1015	106
1016	103
1017	161
1018	108
1019	80
1020	117
1021	108
1022	119
1023	136
1024	89
1025	106
1026	91
1027	119
1028	117
1029	139
1030	102
1031	130
1032	113
1033	124
1034	98
1035	75
1036	58
1037	78
1038	118
1039	103
1040	133
1041	65
1042	148
1043	80
1044	99
1045	103
1046	89
1047	82
1048	103
1049	94
1050	103
1051	87
1052	86
1053	103
1054	93
1055	104
1056	128
1057	70
1058	73
1059	121
1060	129
1061	86
1062	88
1063	102
1064	86
1065	92
1066	114
1067	86
1068	85
1069	102
1070	158
1071	103
1072	127
1073	75
1074	133
1075	116
1076	146
1077	125
1078	73
1079	99
1080	127
1081	145
1082	151
1083	96
1084	92
1085	72
1086	125
1087	87
1088	65
1089	96
1090	91
1091	97
1092	120
1093	78
1094	81
1095	108
1096	85
1097	102
1098	104
1099	53
1100	112
1101	143
1102	98
1103	107
1104	139
1105	248
1106	126
1107	63
1108	81
1109	104
1110	93
1111	115
1112	125
1113	127
1114	94
1115	89
1116	77
1117	104
1118	75
1119	112
1120	108
1121	120
1122	90
1123	98
1124	131
1125	249
1126	160
1127	164
1128	99
1129	98
1130	101
1131	90
1132	117
1133	96
1134	98
1135	90
1136	101
1137	63
1138	97
1139	132
1140	92
1141	127
1142	93
1143	76
1144	96
1145	95
1146	152
1147	104
1148	189
1149	115
1150	78
1151	107
1152	131
1153	95
1154	71
1155	88
1156	129
1157	90
1158	127
1159	105
1160	99
1161	117
1162	109
1163	85
1164	82
1165	103
1166	119
1167	139
1168	117
1169	94
1170	86
1171	81
1172	139
1173	153
1174	152
1175	199
1176	222
1177	188
1178	124
1179	136
1180	236
1181	308
1182	247
1183	221
1184	106
1185	151
1186	218
1187	313
1188	124
1189	93
1190	150
1191	201
1192	542
1193	301
1194	302
1195	177
1196	235
1197	268
1198	244
1199	274
1200	338
1201	176
1202	490
1203	491
1204	561
1205	715
1206	663
1207	888
1208	1095
1209	1210
1210	1295
1211	904
1212	1602
1213	1767
1214	1418
1215	1018
1216	1747
1217	1980
1218	1560
1219	943
1220	1501
1221	1340
1222	2002
1223	2447
1224	2269
1225	1388
1226	1085
1227	770
1228	372
1229	261
1230	408
1231	280
1232	212
1233	250
1234	255
1235	197
1236	371
1237	300
1238	250
1239	479
1240	870
1241	691
1242	359
1243	332
1244	248
1245	166
1246	203
1247	214
1248	446
1249	497
1250	200
1251	125
1252	407
1253	459
1254	676
1255	665
1256	436
1257	201
1258	249
1259	246
1260	270
1261	206
1262	169
1263	143
1264	226
1265	328
1266	354
1267	239
1268	365
1269	293
1270	313
1271	252
1272	599
1273	225
1274	238
1275	331
1276	349
1277	350
1278	277
1279	342
1280	239
1281	157
1282	514
1283	345
1284	272
1285	132
1286	169
1287	316
1288	322
1289	150
1290	190
1291	188
1292	290
1293	165
1294	125
1295	136
1296	287
1297	289
1298	485
1299	215
1300	200
1301	289
1302	416
1303	384
1304	301
1305	176
1306	125
1307	110
1308	100
1309	115
1310	116
1311	147
1312	98
1313	103
1314	138
1315	143
1316	110
1317	126
1318	195
1319	133
1320	148
1321	133
1322	145
1323	184
1324	187
1325	161
1326	88
1327	104
1328	110
1329	76
1330	93
1331	116
1332	162
1333	273
1334	218
1335	131
1336	134
1337	116
1338	112
1339	140
1340	123
1341	94
1342	126
1343	131
1344	97
1345	151
1346	103
1347	128
1348	129
1349	107
1350	134
1351	102
1352	126
1353	119
1354	78
1355	104
1356	134
1357	139
1358	91
1359	99
1360	111
1361	134
1362	106
1363	78
1364	105
1365	109
1366	180
1367	187
1368	136
1369	93
1370	106
1371	99
1372	102
1373	144
1374	184
1375	151
1376	158
1377	204
1378	114
1379	93
1380	105
1381	114
1382	114
1383	127
1384	113
1385	113
1386	71
1387	103
1388	116
1389	85
1390	95
1391	126
1392	98
1393	77
1394	103
1395	121
1396	129
1397	119
1398	119
1399	118
1400	103
1401	85
1402	128
1403	126
1404	94
1405	140
1406	95
1407	117
1408	96
1409	102
1410	92
1411	73
1412	93
1413	134
1414	117
1415	83
1416	107
1417	97
1418	109
1419	118
1420	108
1421	117
1422	142
1423	110
1424	153
1425	148
1426	111
1427	109
1428	119
1429	121
1430	124
1431	169
1432	129
1433	88
1434	115
1435	142
1436	82
1437	57
1438	99
1439	133
1440	147
1441	131
1442	134
1443	115
1444	94
1445	131
1446	77
1447	153
1448	94
1449	126
1450	115
1451	123
1452	81
1453	89
1454	103
1455	115
1456	110
1457	127
1458	112
1459	119
1460	158
1461	99
1462	88
1463	98
1464	104
1465	94
1466	113
1467	107
1468	125
1469	94
1470	77
1471	116
1472	97
1473	105
1474	111
1475	155
1476	121
1477	92
1478	142
1479	87
1480	94
1481	119
1482	104
1483	170
1484	132
1485	94
1486	142
1487	108
1488	126
1489	102
1490	113
1491	115
1492	106
1493	142
1494	125
1495	124
1496	86
1497	176
1498	132
1499	130
1500	126
1501	105
1502	88
1503	115
1504	110
1505	101
1506	101
1507	133
1508	73
1509	112
1510	114
1511	132
1512	117
1513	121
1514	139
1515	168
1516	133
1517	120
1518	157
1519	118
1520	113
1521	106
1522	124
1523	121
1524	104
1525	126
1526	126
1527	105
1528	126
1529	114
1530	118
1531	125
1532	128
1533	104
1534	104
1535	148
1536	124
1537	128
1538	79
1539	104
1540	93
1541	149
1542	117
1543	115
1544	66
1545	131
1546	103
1547	122
1548	74
1549	109
1550	148
1551	82
1552	154
1553	149
1554	116
1555	110
1556	140
1557	87
1558	140
1559	121
1560	145
1561	98
1562	117
1563	114
1564	103
1565	123
1566	123
1567	85
1568	159
1569	133
1570	139
1571	84
1572	114
1573	137
1574	103
1575	120
1576	98
1577	115
1578	97
1579	104
1580	91
1581	137
1582	204
1583	167
1584	149
1585	111
1586	112
1587	157
1588	98
1589	129
1590	102
1591	116
1592	132
1593	148
1594	156
1595	135
1596	147
1597	109
1598	127
1599	113
1600	113
1601	142
1602	127
1603	163
1604	118
1605	102
1606	117
1607	132
1608	123
1609	125
1610	109
1611	133
1612	115
1613	94
1614	136
1615	136
1616	120
1617	84
1618	141
1619	77
1620	108
1621	139
1622	105
1623	154
1624	147
1625	105
1626	118
1627	72
1628	108
1629	101
1630	139
1631	167
1632	203
1633	131
1634	129
1635	103
1636	107
1637	98
1638	144
1639	161
1640	143
1641	122
1642	158
1643	157
1644	112
1645	166
1646	131
1647	124
1648	96
1649	137
1650	94
1651	139
1652	153
1653	80
1654	114
1655	132
1656	165
1657	130
1658	128
1659	156
1660	170
1661	107
1662	134
1663	118
1664	130
1665	117
1666	127
1667	126
1668	118
1669	112
1670	186
1671	180
1672	98
1673	98
1674	128
1675	97
1676	109
1677	128
1678	123
1679	135
1680	129
1681	139
1682	164
1683	150
1684	98
1685	145
1686	121
1687	154
1688	119
1689	129
1690	104
1691	137
1692	136
1693	108
1694	137
1695	141
1696	108
1697	95
1698	149
1699	132
1700	127
1701	118
1702	143
1703	115
1704	118
1705	116
1706	211
1707	150
1708	146
1709	110
1710	96
1711	121
1712	153
1713	114
1714	139
1715	128
1716	139
1717	99
1718	103
1719	95
1720	119
1721	145
1722	115
1723	140
1724	71
1725	184
1726	107
1727	116
1728	127
1729	96
1730	137
1731	91
1732	124
1733	124
1734	126
1735	156
1736	92
1737	133
1738	118
1739	143
1740	138
1741	121
1742	134
1743	144
1744	155
1745	165
1746	290
1747	220
1748	178
1749	104
1750	150
1751	93
1752	144
1753	98
1754	116
1755	128
1756	109
1757	122
1758	134
1759	189
1760	127
1761	93
1762	147
1763	174
1764	141
1765	130
1766	164
1767	133
1768	132
1769	140
1770	86
1771	134
1772	126
1773	159
1774	175
1775	112
1776	136
1777	117
1778	171
1779	140
1780	102
1781	140
1782	107
1783	133
1784	163
1785	100
1786	118
1787	142
1788	152
1789	125
1790	161
1791	126
1792	116
1793	108
1794	133
1795	111
1796	165
1797	178
1798	133
1799	136
1800	142
1801	106
1802	121
1803	157
1804	133
1805	107
1806	147
1807	87
1808	115
1809	108
1810	108
1811	154
1812	109
1813	101
1814	113
1815	164
1816	135
1817	141
1818	103
1819	155
1820	140
1821	183
1822	108
1823	140
1824	121
1825	149
1826	123
1827	146
1828	138
1829	130
1830	125
1831	135
1832	119
1833	116
1834	123
1835	114
1836	117
1837	164
1838	106
1839	137
1840	121
1841	120
1842	164
1843	111
1844	123
1845	128
1846	116
1847	144
1848	171
1849	178
1850	118
1851	132
1852	111
1853	180
1854	269
1855	166
1856	123
1857	120
1858	113
1859	150
1860	169
1861	100
1862	154
1863	147
1864	106
1865	113
1866	112
1867	93
1868	132
1869	164
1870	120
1871	179
1872	95
1873	142
1874	159
1875	112
1876	145
1877	161
1878	144
1879	168
1880	153
1881	132
1882	168
1883	199
1884	161
1885	241
1886	100
1887	146
1888	146
1889	181
1890	139
1891	98
1892	168
1893	114
1894	157
1895	104
1896	197
1897	122
1898	175
1899	158
1900	201
1901	126
1902	111
1903	154
1904	138
1905	177
1906	142
1907	125
1908	122
1909	145
1910	140
1911	118
1912	169
1913	153
1914	177
1915	143
1916	135
1917	195
1918	178
1919	130
1920	139
1921	142
1922	125
1923	140
1924	117
1925	149
1926	128
1927	163
1928	161
1929	183
1930	145
1931	150
1932	115
1933	173
1934	148
1935	120
1936	161
1937	130
1938	135
1939	176
1940	156
1941	183
1942	137
1943	178
1944	138
1945	121
1946	164
1947	102
1948	195
1949	166
1950	188
1951	159
1952	193
1953	186
1954	161
1955	169
1956	158
1957	101
1958	127
1959	144
1960	120
1961	148
1962	179
1963	143
1964	117
1965	178
1966	137
1967	111
1968	150
1969	142
1970	191
1971	138
1972	154
1973	189
1974	137
1975	160
1976	174
1977	151
1978	138
1979	119
1980	136
1981	116
1982	164
1983	98
1984	97
1985	140
1986	175
1987	130
1988	130
1989	133
1990	128
1991	126
1992	142
1993	133
1994	130
1995	110
1996	122
1997	147
1998	128
1999	133
2000	136
2001	177
2002	144
2003	164
2004	136
2005	140
2006	121
2007	130
2008	137
2009	143
2010	131
2011	266
2012	314
2013	190
2014	200
2015	130
2016	111
2017	110
2018	183
2019	206
2020	117
2021	121
2022	123
2023	71
2024	154
2025	124
2026	57
2027	122
2028	110
2029	138
2030	99
2031	88
2032	99
2033	106
2034	114
2035	94
2036	121
2037	136
2038	143
2039	93
2040	82
2041	82
2042	68
2043	71
2044	121
2045	86
2046	79
2047	63
