Instrument: Andor
X Size: 2048
Y Size: 64
Total Flux: 0.000
Total Counts: 266835
Background: 313.000000
Curvature: 0.0
Clipped to ROI: No
ROI: 1309 526 2539 1627
X	Counts
0	82
1	132
2	109
3	99
4	105
5	82
6	114
7	85
8	146
9	121
10	90
11	101
12	89
13	87
14	66
15	130
16	89
17	129
18	118
19	76
20	82
21	81
22	103
23	95
24	100
25	118
26	127
27	39
28	99
29	105
30	103
31	88
32	104
33	89
34	118
35	87
36	86
37	114
38	169
39	103
40	102
41	91
42	100
43	84
44	102
45	92
46	82
47	92
48	122
49	156
50	115
51	95
52	95
53	107
54	119
55	112
56	74
57	125
58	91
59	83
60	120
61	77
62	96
63	107
64	125
65	107
66	58
67	119
68	73
69	106
70	97
71	126
72	115
73	85
74	106
75	97
76	121
77	130
78	109
79	88
80	97
81	133
82	128
83	97
84	109
85	84
86	110
87	70
88	114
89	81
90	119
91	143
92	98
93	126
94	78
95	92
96	108
97	102
98	99
99	101
100	103
101	107
102	118
103	100
104	100
105	112
106	107
107	88
108	90
109	102
110	101
111	116
112	68
113	126
114	148
115	94
116	129
117	117
118	99
119	108
120	112
121	73
122	99
123	99
124	117
125	80
126	102
127	61
128	59
129	100
130	94
131	90
132	77
133	90
134	91
135	100
136	87
137	64
138	104
139	69
140	117
141	97
142	99
143	99
144	109
145	112
146	139
147	74
148	88
149	65
150	89
151	103
152	126
153	114
154	73
155	92
156	100
157	62
158	73
159	132
160	94
161	119
162	119
163	90
164	132
165	93
166	95
167	78
168	148
169	94
170	92
171	64
172	99
173	72
174	90
175	112
176	93
177	74
178	72
179	105
180	97
181	104
182	102
183	124
184	96
185	106
186	120
187	114
188	92
189	94
190	118
191	81
192	91
193	113
194	102
195	71
196	97
197	76
198	74
199	63
200	90
201	82
202	94
203	55
204	104
205	123
206	80
207	76
208	128
209	66
210	62
211	79
212	76
213	100
214	86
215	51
216	69
217	86
218	101
219	105
220	95
221	92
222	109
223	70
224	71
225	108
226	88
227	113
228	102
229	112
230	108
231	109
232	111
233	82
234	96
235	88
236	86
237	93
238	96
239	90
240	77
241	73
242	81
243	93
244	95
245	91
246	72
247	68
248	90
249	66
250	121
251	88
252	65
253	89
254	74
255	104
256	110
257	96
258	73
259	80
260	87
261	86
262	73
263	84
264	63
265	92
266	92
267	101
268	78
269	69
270	87
271	121
272	87
273	90
274	81
275	101
276	77
277	93
278	69
279	63
280	117
281	84
282	70
283	76
284	91
285	77
286	85
287	88
288	88
289	64
290	71
291	69
292	55
293	81
294	42
295	130
296	77
297	73
298	101
299	68
300	117
301	98
302	77
303	101
304	82
305	81
306	42
307	79
308	60
309	117
310	73
311	80
312	69
313	89
314	74
315	102
316	72
317	67
318	111
319	93
320	72
321	77
322	78
323	83
324	73
325	95
326	64
327	64
328	77
329	99
330	93
331	71
332	79
333	75
334	112
335	82
336	74
337	52
338	60
339	94
340	78
341	100
342	86
343	99
344	93
345	88
346	76
347	61
348	68
349	114
350	111
351	64
352	85
353	112
354	101
355	81
356	71
357	71
358	87
359	52
360	156
361	127
362	84
363	70
364	96
365	61
366	99
367	74
368	71
369	103
370	82
371	66
372	73
373	92
374	87
375	98
376	97
377	70
378	93
379	83
380	98
381	83
382	61
383	105
384	63
385	68
386	69
387	93
388	69
389	66
390	68
391	99
392	107
393	147
394	56
395	88
396	93
397	117
398	98
399	113
400	106
401	93
402	84
403	99
404	64
405	102
406	71
407	82
408	94
409	71
410	112
411	85
412	55
413	73
414	101
415	89
416	124
417	78
418	107
419	97
420	75
421	109
422	80
423	78
424	83
425	59
426	109
427	132
428	61
429	72
430	105
431	57
432	102
433	73
434	97
435	140
436	86
437	97
438	75
439	76
440	80
441	80
442	94
443	74
444	60
445	109
446	80
447	72
448	131
449	111
450	68
451	89
452	110
453	95
454	86
455	61
456	77
457	81
458	117
459	111
460	80
461	100
462	96
463	106
464	101
465	78
466	99
467	74
468	86
469	90
470	104
471	60
472	100
473	93
474	123
475	69
476	73
477	126
478	79
479	76
480	109
481	97
482	89
483	101
484	93
485	66
486	77
487	72
488	102
489	91
490	68
491	80
492	84
493	65
494	72
495	78
496	124
497	85
498	74
499	75
500	64
501	80
502	110
503	75
504	120
505	73
506	88
507	114
508	158
509	117
510	90
511	116
512	96
513	76
514	106
515	104
516	101
517	83
518	77
519	81
520	73
521	98
522	88
523	90
524	100
525	133
526	80
527	107
528	91
529	86
530	69
531	68
532	70
533	77
534	88
535	102
536	67
537	104
538	113
539	124
540	72
541	108
542	109
543	87
544	84
545	64
546	102
547	111
548	109
549	107
550	134
551	219
552	176
553	82
554	122
555	73
556	102
557	90
558	78
559	79
560	89
561	120
562	87
563	100
564	55
565	107
566	116
567	105
568	82
569	73
570	112
571	121
572	91
573	106
574	102
575	91
576	80
577	77
578	72
579	93
580	102
581	122
582	69
583	139
584	116
585	123
586	83
587	100
588	87
589	61
590	87
591	94
592	68
593	99
594	73
595	92
596	98
597	89
598	98
599	91
600	75
601	62
602	96
603	90
604	96
605	74
606	61
607	79
608	59
609	111
610	115
611	82
612	70
613	83
614	80
615	61
616	85
617	87
618	100
619	108
620	81
621	108
622	139
623	78
624	100
625	92
626	95
627	88
628	94
629	174
630	191
631	195
632	289
633	228
634	204
635	159
636	139
637	88
638	54
639	95
640	114
641	82
642	109
643	119
644	76
645	116
646	101
647	104
648	101
649	102
650	109
651	75
652	100
653	86
654	90
655	72
656	89
657	146
658	89
659	73
660	88
661	74
662	93
663	73
664	115
665	109
666	118
667	60
668	113
669	191
670	131
671	108
672	128
673	99
674	67
675	102
676	87
677	91
678	109
679	87
680	78
681	120
682	90
683	84
684	95
685	88
686	130
687	90
688	118
689	92
690	116
691	94
692	100
693	78
694	86
695	85
696	116
697	87
698	119
699	107
700	93
701	93
702	97
703	116
704	65
705	89
706	85
707	88
708	112
709	155
710	172
711	221
712	150
713	75
714	73
715	110
716	77
717	75
718	117
719	70
720	96
721	72
722	104
723	89
724	98
725	142
726	81
727	104
728	75
729	153
730	85
731	67
732	111
733	78
734	107
735	108
736	101
737	57
738	103
739	76
740	87
741	105
742	79
743	84
744	126
745	114
746	102
747	73
748	82
749	116
750	94
751	61
752	100
753	108
754	118
755	113
756	102
757	88
758	127
759	84
760	129
761	101
762	133
763	134
764	81
765	95
766	45
767	143
768	121
769	122
770	94
771	69
772	82
773	79
774	108
775	105
776	89
777	117
778	103
779	110
780	98
781	95
782	110
783	99
784	92
785	83
786	106
787	105
788	102
789	140
790	101
791	145
792	98
793	111
794	114
795	110
796	85
797	75
798	135
799	89
800	108
801	100
802	101
803	108
804	109
805	130
806	88
807	126
808	112
809	99
810	141
811	94
812	82
813	113
814	95
815	113
816	113
817	67
818	79
819	111
820	120
821	111
822	93
823	107
824	73
825	112
826	142
827	90
828	106
829	87
830	116
831	101
832	67
833	108
834	110
835	119
836	89
837	91
838	125
839	103
840	118
841	103
842	137
843	128
844	113
845	126
846	137
847	60
848	93
849	127
850	117
851	108
852	86
853	74
854	135
855	112
856	153
857	122
858	121
859	80
860	104
861	101
862	124
863	118
864	75
865	83
866	134
867	102
868	83
869	113
870	103
871	115
872	106
873	106
874	136
875	107
876	137
877	121
878	98
879	104
880	128
881	109
882	82
883	138
884	93
885	101
886	103
887	109
888	83
889	86
890	94
891	86
892	127
893	68
894	73
895	109
896	128
897	96
898	89
899	122
900	110
901	84
902	131
903	109
904	99
905	93
906	122
907	91
908	109
909	102
910	133
911	99
912	99
913	85
914	84
915	129
916	113
917	126
918	105
919	136
920	91
921	161
922	112
923	132
924	122
925	152
926	127
927	118
928	111
929	136
930	99
931	84
932	78
933	130
934	190
935	115
936	132
937	179
938	122
939	106
940	117
941	169
942	103
943	137
944	119
945	93
946	117
947	123
948	77
949	114
950	84
951	116
952	156
953	121
954	111
955	85
956	131
957	113
958	101
959	105
960	88
961	128
962	105
963	101
964	93
965	111
966	98
967	97
968	106
969	153
970	182
971	116
972	103
973	98
974	93
975	82
976	138
977	151
978	160
979	107
980	125
981	79
982	89
983	123
984	116
985	117
986	100
987	142
988	95
989	116
990	117
991	116
992	108
993	101
994	119
995	63
996	95
997	93
998	106
999	100
1000	164
1001	110
1002	131
1003	133
1004	91
1005	107
1006	94
1007	96
1008	135
1009	129
1010	122
1011	187
1012	87
1013	138
1014	126
1015	137
1016	107
1017	91
1018	123
1019	118
1020	117
1021	92
1022	100
1023	117
1024	117
1025	83
1026	76
1027	135
1028	106
1029	150
1030	150
1031	140
1032	136
1033	104
1034	137
1035	137
1036	116
1037	131
1038	131
1039	106
1040	107
1041	120
1042	134
1043	90
1044	105
1045	137
1046	148
1047	112
1048	152
1049	105
1050	130
1051	145
1052	125
1053	94
1054	75
1055	118
1056	127
1057	119
1058	116
1059	106
1060	126
1061	102
1062	145
1063	109
1064	121
1065	82
1066	174
1067	128
1068	147
1069	121
1070	135
1071	108
1072	126
1073	128
1074	115
1075	93
1076	133
1077	149
1078	100
1079	106
1080	132
1081	112
1082	135
1083	111
1084	129
1085	74
1086	157
1087	111
1088	114
1089	121
1090	115
1091	99
1092	85
1093	157
1094	115
1095	129
1096	145
1097	109
1098	119
1099	166
1100	154
1101	172
1102	87
1103	139
1104	77
1105	117
1106	114
1107	88
1108	100
1109	119
1110	120
1111	118
1112	128
1113	114
1114	111
1115	98
1116	150
1117	125
1118	130
1119	123
1120	131
1121	130
1122	97
1123	112
1124	127
1125	154
1126	150
1127	162
1128	164
1129	116
1130	109
1131	123
1132	130
1133	123
1134	157
1135	124
1136	113
1137	97
1138	111
1139	97
1140	103
1141	108
1142	124
1143	125
1144	139
1145	85
1146	196
1147	107
1148	133
1149	108
1150	120
1151	141
1152	152
1153	175
1154	167
1155	132
1156	98
1157	162
1158	90
1159	141
1160	134
1161	129
1162	163
1163	118
1164	80
1165	119
1166	148
1167	140
1168	226
1169	115
1170	107
1171	104
1172	119
1173	167
1174	128
1175	109
1176	130
1177	114
1178	116
1179	192
1180	518
1181	242
1182	329
1183	173
1184	105
1185	131
1186	117
1187	139
1188	79
1189	142
1190	158
1191	152
1192	98
1193	155
1194	128
1195	138
1196	161
1197	145
1198	130
1199	118
1200	174
1201	148
1202	137
1203	176
1204	169
1205	175
1206	197
1207	230
1208	250
1209	211
1210	228
1211	325
1212	686
1213	497
1214	336
1215	270
1216	159
1217	154
1218	230
1219	602
1220	190
1221	110
1222	139
1223	263
1224	662
1225	362
1226	135
1227	255
1228	265
1229	163
1230	220
1231	209
1232	218
1233	232
1234	214
1235	202
1236	159
1237	169
1238	238
1239	241
1240	373
1241	662
1242	329
1243	419
1244	514
1245	732
1246	470
1247	647
1248	577
1249	608
1250	268
1251	496
1252	492
1253	277
1254	312
1255	167
1256	210
1257	262
1258	235
1259	158
1260	192
1261	164
1262	339
1263	288
1264	557
1265	269
1266	333
1267	359
1268	258
1269	314
1270	359
1271	294
1272	239
1273	146
1274	231
1275	348
1276	185
1277	196
1278	311
1279	303
1280	325
1281	196
1282	207
1283	286
1284	235
1285	412
1286	312
1287	219
1288	242
1289	165
1290	166
1291	234
1292	209
1293	253
1294	222
1295	205
1296	215
1297	146
1298	150
1299	164
1300	115
1301	133
1302	179
1303	223
1304	145
1305	205
1306	244
1307	303
1308	176
1309	152
1310	129
1311	162
1312	154
1313	166
1314	124
1315	160
1316	176
1317	140
1318	127
1319	174
1320	306
1321	167
1322	179
1323	167
1324	106
1325	180
1326	198
1327	196
1328	135
1329	142
1330	158
1331	124
1332	160
1333	126
1334	104
1335	151
1336	131
1337	183
1338	127
1339	183
1340	126
1341	120
1342	143
1343	141
1344	108
1345	162
1346	207
1347	168
1348	190
1349	104
1350	196
1351	138
1352	164
1353	189
1354	132
1355	180
1356	123
1357	109
1358	136
1359	150
1360	139
1361	130
1362	131
1363	132
1364	141
1365	111
1366	161
1367	128
1368	150
1369	104
1370	161
1371	149
1372	99
1373	166
1374	123
1375	156
1376	154
1377	134
1378	135
1379	91
1380	110
1381	103
1382	129
1383	167
1384	146
1385	116
1386	108
1387	123
1388	123
1389	95
1390	125
1391	135
1392	112
1393	86
1394	111
1395	135
1396	107
1397	171
1398	135
1399	141
1400	116
1401	69
1402	163
1403	123
1404	115
1405	131
1406	150
1407	120
1408	128
1409	128
1410	135
1411	90
1412	166
1413	141
1414	162
1415	126
1416	138
1417	124
1418	154
1419	154
1420	120
1421	110
1422	128
1423	136
1424	172
1425	125
1426	124
1427	135
1428	166
1429	249
1430	133
1431	160
1432	177
1433	88
1434	144
1435	169
1436	128
1437	159
1438	122
1439	151
1440	146
1441	150
1442	149
1443	149
1444	142
1445	112
1446	104
1447	130
1448	153
1449	127
1450	140
1451	181
1452	127
1453	117
1454	111
1455	128
1456	180
1457	147
1458	151
1459	153
1460	141
1461	150
1462	131
1463	133
1464	174
1465	104
1466	128
1467	151
1468	129
1469	129
1470	125
1471	151
1472	117
1473	150
1474	169
1475	146
1476	178
1477	104
1478	137
1479	131
1480	136
1481	193
1482	160
1483	141
1484	121
1485	131
1486	161
1487	104
1488	173
1489	135
1490	138
1491	177
1492	126
1493	126
1494	102
1495	148
1496	118
1497	202
1498	119
1499	127
1500	166
1501	108
1502	113
1503	160
1504	110
1505	136
1506	152
1507	122
1508	187
1509	128
1510	159
1511	156
1512	126
1513	142
1514	142
1515	170
1516	129
1517	174
1518	152
1519	154
1520	137
1521	102
1522	133
1523	172
1524	198
1525	199
1526	219
1527	185
1528	146
1529	123
1530	136
1531	145
1532	173
1533	141
1534	128
1535	136
1536	160
1537	131
1538	135
1539	140
1540	128
1541	177
1542	145
1543	147
1544	151
1545	149
1546	133
1547	125
1548	125
1549	173
1550	137
1551	114
1552	109
1553	152
1554	134
1555	184
1556	197
1557	145
1558	153
1559	148
1560	142
1561	139
1562	86
1563	135
1564	132
1565	140
1566	133
1567	120
1568	149
1569	137
1570	156
1571	211
1572	129
1573	94
1574	151
1575	129
1576	132
1577	131
1578	121
1579	141
1580	100
1581	125
1582	173
1583	127
1584	145
1585	172
1586	131
1587	174
1588	125
1589	144
1590	140
1591	138
1592	153
1593	165
1594	149
1595	177
1596	174
1597	144
1598	144
1599	147
1600	158
1601	102
1602	141
1603	149
1604	134
1605	119
1606	110
1607	148
1608	165
1609	136
1610	147
1611	167
1612	144
1613	149
1614	159
1615	125
1616	169
1617	165
1618	155
1619	110
1620	167
1621	129
1622	151
1623	133
1624	124
1625	192
1626	132
1627	178
1628	142
1629	106
1630	166
1631	130
1632	191
1633	121
1634	202
1635	146
1636	163
1637	119
1638	168
1639	136
1640	168
1641	177
1642	149
1643	171
1644	128
1645	129
1646	155
1647	189
1648	132
1649	174
1650	143
1651	166
1652	153
1653	137
1654	111
1655	154
1656	192
1657	147
1658	197
1659	98
1660	147
1661	137
1662	118
1663	132
1664	112
1665	139
1666	152
1667	149
1668	178
1669	162
1670	154
1671	152
1672	131
1673	127
1674	119
1675	170
1676	118
1677	155
1678	104
1679	179
1680	173
1681	242
1682	180
1683	191
1684	139
1685	188
1686	121
1687	116
1688	108
1689	122
1690	128
1691	176
1692	126
1693	141
1694	107
1695	171
1696	158
1697	121
1698	179
1699	137
1700	120
1701	143
1702	183
1703	158
1704	113
1705	170
1706	158
1707	189
1708	134
1709	123
1710	123
1711	170
1712	141
1713	120
1714	140
1715	191
1716	137
1717	113
1718	150
1719	157
1720	143
1721	151
1722	153
1723	185
1724	121
1725	142
1726	172
1727	146
1728	164
1729	173
1730	151
1731	152
1732	130
1733	130
1734	148
1735	203
1736	167
1737	131
1738	172
1739	145
1740	167
1741	200
1742	153
1743	144
1744	169
1745	132
1746	123
1747	181
1748	198
1749	170
1750	222
1751	183
1752	99
1753	164
1754	183
1755	185
1756	143
1757	144
1758	160
1759	156
1760	170
1761	166
1762	188
1763	135
1764	131
1765	164
1766	171
1767	121
1768	155
1769	172
1770	199
1771	188
1772	134
1773	183
1774	181
1775	143
1776	162
1777	129
1778	132
1779	164
1780	140
1781	164
1782	175
1783	176
1784	188
1785	165
1786	128
1787	152
1788	136
1789	144
1790	187
1791	188
1792	160
1793	165
1794	128
1795	182
1796	147
1797	179
1798	145
1799	158
1800	155
1801	145
1802	185
1803	174
1804	137
1805	174
1806	184
1807	149
1808	116
1809	120
1810	146
1811	159
1812	185
1813	284
1814	166
1815	191
1816	119
1817	184
1818	154
1819	214
1820	166
1821	161
1822	141
1823	222
1824	164
1825	180
1826	170
1827	198
1828	151
1829	197
1830	144
1831	123
1832	146
1833	201
1834	96
1835	172
1836	181
1837	171
1838	181
1839	157
1840	154
1841	145
1842	202
1843	186
1844	157
1845	205
1846	128
1847	199
1848	147
1849	190
1850	154
1851	169
1852	157
1853	121
1854	214
1855	168
1856	194
1857	150
1858	175
1859	208
1860	217
1861	188
1862	148
1863	204
1864	177
1865	163
1866	144
1867	165
1868	171
1869	178
1870	203
1871	173
1872	178
1873	146
1874	134
1875	185
1876	149
1877	198
1878	191
1879	221
1880	206
1881	136
1882	152
1883	140
1884	130
1885	204
1886	132
1887	138
1888	218
1889	213
1890	165
1891	148
1892	192
1893	159
1894	161
1895	120
1896	163
1897	137
1898	215
1899	189
1900	159
1901	196
1902	164
1903	203
1904	173
1905	190
1906	186
1907	136
1908	127
1909	172
1910	132
1911	155
1912	120
1913	162
1914	206
1915	186
1916	157
1917	180
1918	152
1919	142
1920	174
1921	177
1922	187
1923	160
1924	179
1925	171
1926	157
1927	181
1928	230
1929	138
1930	227
1931	182
1932	163
1933	135
1934	184
1935	191
1936	190
1937	166
1938	218
1939	162
1940	192
1941	207
1942	155
1943	166
1944	174
1945	169
1946	190
1947	123
1948	175
1949	177
1950	179
1951	197
1952	164
1953	171
1954	203
1955	171
1956	168
1957	127
1958	166
1959	166
1960	211
1961	171
1962	173
1963	178
1964	210
1965	186
1966	204
1967	145
1968	159
1969	200
1970	242
1971	195
1972	158
1973	159
1974	180
1975	182
1976	161
1977	206
1978	166
1979	172
1980	197
1981	167
1982	162
1983	139
1984	130
1985	186
1986	188
1987	166
1988	176
1989	132
1990	192
1991	152
1992	160
1993	161
1994	177
1995	190
1996	165
1997	190
1998	156
1999	172
2000	143
2001	184
2002	179
2003	184
2004	154
2005	160
2006	171
2007	119
2008	147
2009	146
2010	174
2011	161
2012	170
2013	203
2014	162
2015	181
2016	158
2017	116
2018	109
2019	159
2020	150
2021	147
2022	202
2023	127
2024	128
2025	127
2026	102
2027	188
2028	138
2029	157
2030	177
2031	94
2032	103
2033	116
2034	120
2035	91
2036	109
2037	97
2038	140
2039	121
2040	125
2041	78
2042	99
2043	115
2044	161
2045	181
2046	127
2047	69
