Instrument: Andor
X Size: 2048
Y Size: 64
Total Flux: 0.000
Total Counts: 229293
Background: 313.000000
Curvature: 0.0
Clipped to ROI: No
ROI: 1309 526 2539 1627
X	Counts
0	92
1	114
2	86
3	78
4	104
5	96
6	96
7	98
8	116
9	79
10	81
11	84
12	97
13	72
14	76
15	88
16	71
17	108
18	94
19	104
20	94
21	88
22	78
23	58
24	82
25	120
26	65
27	90
28	122
29	111
30	82
31	96
32	87
33	111
34	92
35	99
36	92
37	63
38	119
39	98
40	101
41	142
42	135
43	76
44	92
45	88
46	92
47	91
48	117
49	95
50	105
51	101
52	111
53	101
54	81
55	75
56	75
57	87
58	73
59	95
60	81
61	90
62	89
63	115
64	97
65	84
66	90
67	92
68	83
69	110
70	89
71	90
72	101
73	85
74	90
75	133
76	85
77	104
78	93
79	73
80	118
81	72
82	84
83	92
84	106
85	60
86	97
87	65
88	103
89	73
90	83
91	114
92	100
93	82
94	101
95	85
96	91
97	90
98	82
99	110
100	111
101	92
102	116
103	92
104	108
105	71
106	48
107	39
108	75
109	80
110	78
111	94
112	108
113	133
114	114
115	109
116	93
117	88
118	89
119	111
120	77
121	86
122	94
123	101
124	89
125	94
126	57
127	66
128	93
129	90
130	86
131	77
132	71
133	86
134	90
135	75
136	66
137	81
138	66
139	91
140	129
141	82
142	102
143	80
144	91
145	113
146	67
147	93
148	80
149	86
150	87
151	71
152	110
153	60
154	73
155	109
156	87
157	91
158	65
159	88
160	97
161	116
162	82
163	103
164	93
165	79
166	99
167	111
168	105
169	90
170	79
171	91
172	91
173	72
174	89
175	103
176	118
177	87
178	67
179	77
180	100
181	92
182	80
183	100
184	44
185	127
186	104
187	117
188	120
189	91
190	91
191	63
192	104
193	100
194	74
195	79
196	91
197	94
198	89
199	64
200	88
201	59
202	93
203	63
204	85
205	106
206	71
207	86
208	93
209	87
210	86
211	89
212	73
213	74
214	75
215	57
216	56
217	68
218	73
219	67
220	80
221	116
222	66
223	64
224	69
225	69
226	101
227	84
228	48
229	90
230	93
231	78
232	51
233	57
234	60
235	93
236	77
237	72
238	88
239	67
240	78
241	61
242	88
243	69
244	93
245	66
246	78
247	60
248	97
249	68
250	104
251	32
252	78
253	95
254	59
255	50
256	113
257	72
258	57
259	69
260	95
261	85
262	68
263	118
264	76
265	52
266	61
267	95
268	49
269	96
270	50
271	78
272	88
273	71
274	70
275	54
276	97
277	104
278	72
279	64
280	48
281	66
282	90
283	60
284	91
285	89
286	78
287	76
288	50
289	90
290	58
291	57
292	59
293	77
294	74
295	104
296	48
297	79
298	71
299	39
300	91
301	103
302	46
303	59
304	43
305	63
306	73
307	71
308	87
309	78
310	89
311	86
312	66
313	58
314	99
315	129
316	82
317	78
318	62
319	127
320	61
321	96
322	37
323	57
324	65
325	88
326	62
327	59
328	73
329	61
330	65
331	49
332	79
333	89
334	65
335	82
336	58
337	69
338	93
339	55
340	107
341	71
342	60
343	84
344	65
345	103
346	56
347	52
348	66
349	51
350	97
351	66
352	54
353	59
354	79
355	89
356	55
357	61
358	76
359	63
360	76
361	64
362	81
363	71
364	61
365	50
366	97
367	53
368	66
369	77
370	79
371	58
372	38
373	89
374	52
375	60
376	49
377	87
378	78
379	85
380	73
381	108
382	70
383	80
384	63
385	92
386	74
387	86
388	65
389	80
390	62
391	105
392	40
393	75
394	70
395	53
396	58
397	74
398	50
399	69
400	76
401	82
402	92
403	71
404	66
405	80
406	64
407	76
408	56
409	64
410	69
411	61
412	70
413	53
414	83
415	102
416	52
417	48
418	71
419	82
420	49
421	72
422	68
423	74
424	66
425	76
426	61
427	65
428	49
429	93
430	79
431	67
432	67
433	94
434	60
435	90
436	62
437	46
438	85
439	97
440	75
441	73
442	90
443	82
444	80
445	60
446	55
447	52
448	64
449	59
450	69
451	67
452	70
453	79
454	79
455	68
456	75
457	80
458	82
459	77
460	66
461	74
462	81
463	71
464	97
465	90
466	72
467	50
468	66
469	62
470	72
471	80
472	84
473	49
474	90
475	46
476	67
477	106
478	69
479	60
480	88
481	69
482	82
483	59
484	88
485	58
486	98
487	72
488	65
489	74
490	68
491	82
492	107
493	91
494	38
495	64
496	80
497	54
498	34
499	85
500	90
501	61
502	54
503	93
504	61
505	76
506	85
507	60
508	74
509	83
510	73
511	111
512	64
513	93
514	94
515	91
516	83
517	72
518	93
519	51
520	70
521	88
522	80
523	81
524	80
525	88
526	106
527	68
528	79
529	79
530	68
531	55
532	79
533	116
534	85
535	85
536	100
537	61
538	73
539	51
540	70
541	106
542	88
543	73
544	96
545	99
546	91
547	47
548	71
549	92
550	104
551	73
552	88
553	87
554	81
555	65
556	105
557	49
558	79
559	60
560	77
561	92
562	115
563	59
564	92
565	78
566	95
567	81
568	67
569	95
570	80
571	77
572	112
573	124
574	74
575	99
576	41
577	82
578	67
579	98
580	85
581	70
582	62
583	103
584	80
585	89
586	61
587	94
588	64
589	94
590	66
591	76
592	89
593	75
594	80
595	67
596	63
597	103
598	92
599	105
600	68
601	77
602	61
603	55
604	112
605	75
606	56
607	80
608	69
609	92
610	116
611	86
612	84
613	65
614	78
615	91
616	85
617	65
618	69
619	91
620	73
621	85
622	92
623	67
624	59
625	85
626	81
627	57
628	82
629	100
630	69
631	109
632	82
633	66
634	79
635	87
636	73
637	74
638	114
639	48
640	94
641	70
642	74
643	91
644	67
645	131
646	93
647	105
648	88
649	101
650	79
651	76
652	75
653	84
654	66
655	83
656	78
657	85
658	69
659	76
660	78
661	63
662	88
663	64
664	71
665	60
666	68
667	70
668	65
669	73
670	91
671	77
672	75
673	70
674	80
675	97
676	104
677	79
678	77
679	104
680	105
681	49
682	75
683	60
684	90
685	66
686	83
687	77
688	87
689	61
690	137
691	89
692	69
693	93
694	85
695	112
696	105
697	75
698	109
699	86
700	95
701	72
702	98
703	78
704	105
705	81
706	89
707	95
708	66
709	96
710	77
711	74
712	84
713	82
714	104
715	80
716	74
717	73
718	52
719	71
720	76
721	106
722	86
723	65
724	100
725	95
726	86
727	86
728	72
729	69
730	72
731	68
732	65
733	49
734	70
735	84
736	58
737	87
738	100
739	79
740	95
741	104
742	96
743	64
744	108
745	70
746	114
747	64
748	77
749	125
750	83
751	70
752	105
753	83
754	90
755	101
756	84
757	114
758	97
759	90
760	66
761	71
762	86
763	96
764	81
765	138
766	62
767	59
768	99
769	94
770	85
771	94
772	145
773	96
774	75
775	78
776	100
777	86
778	64
779	93
780	94
781	96
782	76
783	81
784	90
785	64
786	75
787	111
788	69
789	67
790	62
791	91
792	63
793	93
794	83
795	56
796	58
797	74
798	76
799	68
800	78
801	107
802	78
803	90
804	137
805	96
806	107
807	95
808	78
809	101
810	97
811	110
812	85
813	85
814	117
815	84
816	77
817	94
818	81
819	87
820	70
821	106
822	131
823	92
824	68
825	99
826	114
827	50
828	89
829	108
830	79
831	89
832	98
833	60
834	65
835	90
836	83
837	77
838	89
839	99
840	90
841	102
842	114
843	95
844	99
845	53
846	112
847	108
848	118
849	77
850	100
851	105
852	83
853	94
854	108
855	108
856	101
857	101
858	111
859	64
860	84
861	75
862	71
863	92
864	112
865	124
866	108
867	62
868	68
869	109
870	93
871	121
872	83
873	86
874	96
875	89
876	115
877	101
878	92
879	62
880	104
881	118
882	118
883	98
884	86
885	98
886	91
887	91
888	96
889	90
890	92
891	74
892	103
893	82
894	89
895	99
896	92
897	69
898	85
899	103
900	115
901	71
902	81
903	76
904	103
905	65
906	84
907	84
908	76
909	82
910	79
911	85
912	79
913	71
914	76
915	114
916	100
917	53
918	111
919	82
920	95
921	85
922	122
923	72
924	95
925	88
926	65
927	85
928	95
929	117
930	64
931	87
932	72
933	108
934	110
935	107
936	108
937	106
938	123
939	114
940	127
941	105
942	89
943	115
944	112
945	78
946	97
947	112
948	128
949	89
950	94
951	95
952	114
953	104
954	88
955	99
956	131
957	90
958	103
959	100
960	72
961	101
962	79
963	80
964	125
965	74
966	81
967	98
968	65
969	116
970	99
971	79
972	92
973	77
974	106
975	109
976	92
977	103
978	95
979	103
980	93
981	94
982	112
983	136
984	99
985	106
986	94
987	98
988	95
989	157
990	107
991	93
992	89
993	128
994	77
995	97
996	101
997	101
998	98
999	102
1000	126
1001	108
1002	82
1003	116
1004	96
1005	95
1006	106
1007	93
1008	150
1009	104
1010	63
1011	110
1012	118
1013	73
1014	131
1015	100
1016	116
1017	102
1018	121
1019	105
1020	141
1021	69
1022	119
1023	82
1024	64
1025	98
1026	85
1027	122
1028	123
1029	69
1030	98
1031	117
1032	138
1033	110
1034	92
1035	131
1036	109
1037	92
1038	112
1039	127
1040	76
1041	129
1042	138
1043	88
1044	73
1045	132
1046	112
1047	107
1048	119
1049	148
1050	89
1051	93
1052	115
1053	93
1054	91
1055	137
1056	116
1057	67
1058	73
1059	91
1060	133
1061	83
1062	145
1063	104
1064	125
1065	151
1066	154
1067	111
1068	132
1069	113
1070	119
1071	91
1072	150
1073	84
1074	109
1075	132
1076	115
1077	98
1078	83
1079	82
1080	85
1081	93
1082	131
1083	82
1084	129
1085	84
1086	113
1087	96
1088	92
1089	91
1090	104
1091	83
1092	87
1093	99
1094	114
1095	126
1096	105
1097	78
1098	115
1099	49
1100	86
1101	120
1102	112
1103	104
1104	69
1105	155
1106	100
1107	107
1108	93
1109	94
1110	119
1111	83
1112	78
1113	115
1114	99
1115	105
1116	93
1117	107
1118	131
1119	75
1120	101
1121	109
1122	115
1123	71
1124	106
1125	84
1126	84
1127	107
1128	120
1129	76
1130	97
1131	116
1132	121
1133	116
1134	119
1135	127
1136	102
1137	96
1138	137
1139	123
1140	105
1141	68
1142	92
1143	131
1144	84
1145	95
1146	123
1147	95
1148	108
1149	110
1150	82
1151	66
1152	121
1153	76
1154	123
1155	96
1156	96
1157	117
1158	87
1159	100
1160	75
1161	85
1162	119
1163	70
1164	112
1165	142
1166	100
1167	133
1168	124
1169	86
1170	122
1171	46
1172	147
1173	158
1174	116
1175	100
1176	118
1177	167
1178	211
1179	166
1180	121
1181	109
1182	117
1183	152
1184	117
1185	116
1186	82
1187	136
1188	155
1189	140
1190	109
1191	97
1192	126
1193	205
1194	202
1195	221
1196	301
1197	523
1198	313
1199	268
1200	292
1201	122
1202	127
1203	124
1204	139
1205	201
1206	118
1207	119
1208	111
1209	109
1210	178
1211	230
1212	165
1213	141
1214	110
1215	113
1216	145
1217	117
1218	145
1219	163
1220	73
1221	109
1222	141
1223	157
1224	295
1225	136
1226	160
1227	182
1228	189
1229	116
1230	219
1231	344
1232	328
1233	193
1234	167
1235	254
1236	190
1237	184
1238	217
1239	199
1240	184
1241	180
1242	186
1243	219
1244	167
1245	233
1246	179
1247	328
1248	231
1249	219
1250	193
1251	216
1252	168
1253	202
1254	224
1255	292
1256	403
1257	299
1258	235
1259	226
1260	305
1261	410
1262	232
1263	385
1264	491
1265	215
1266	333
1267	312
1268	459
1269	268
1270	307
1271	162
1272	303
1273	292
1274	310
1275	568
1276	487
1277	354
1278	227
1279	165
1280	205
1281	283
1282	312
1283	121
1284	133
1285	119
1286	94
1287	217
1288	218
1289	302
1290	221
1291	275
1292	368
1293	135
1294	98
1295	121
1296	106
1297	122
1298	117
1299	112
1300	112
1301	107
1302	296
1303	239
1304	185
1305	281
1306	196
1307	223
1308	156
1309	148
1310	229
1311	193
1312	164
1313	145
1314	117
1315	93
1316	130
1317	97
1318	126
1319	228
1320	347
1321	229
1322	151
1323	108
1324	124
1325	167
1326	241
1327	231
1328	183
1329	133
1330	146
1331	120
1332	135
1333	111
1334	183
1335	202
1336	85
1337	166
1338	307
1339	148
1340	127
1341	121
1342	141
1343	162
1344	96
1345	133
1346	112
1347	129
1348	150
1349	105
1350	201
1351	137
1352	161
1353	129
1354	104
1355	87
1356	117
1357	87
1358	114
1359	95
1360	164
1361	129
1362	148
1363	128
1364	133
1365	165
1366	125
1367	84
1368	124
1369	147
1370	138
1371	99
1372	158
1373	151
1374	147
1375	115
1376	162
1377	108
1378	117
1379	127
1380	118
1381	82
1382	105
1383	129
1384	89
1385	140
1386	141
1387	90
1388	99
1389	127
1390	102
1391	115
1392	104
1393	112
1394	81
1395	126
1396	137
1397	141
1398	143
1399	109
1400	125
1401	82
1402	126
1403	120
1404	87
1405	108
1406	128
1407	95
1408	97
1409	96
1410	90
1411	90
1412	138
1413	135
1414	123
1415	113
1416	138
1417	121
1418	106
1419	108
1420	128
1421	106
1422	141
1423	128
1424	170
1425	117
1426	172
1427	144
1428	145
1429	132
1430	115
1431	103
1432	160
1433	71
1434	137
1435	123
1436	124
1437	114
1438	103
1439	130
1440	117
1441	150
1442	114
1443	131
1444	90
1445	129
1446	96
1447	158
1448	110
1449	138
1450	136
1451	176
1452	67
1453	109
1454	164
1455	122
1456	124
1457	136
1458	120
1459	111
1460	127
1461	117
1462	117
1463	161
1464	102
1465	93
1466	118
1467	120
1468	102
1469	130
1470	114
1471	107
1472	136
1473	122
1474	113
1475	167
1476	132
1477	87
1478	145
1479	133
1480	112
1481	165
1482	103
1483	159
1484	136
1485	144
1486	132
1487	136
1488	116
1489	139
1490	153
1491	103
1492	133
1493	134
1494	124
1495	101
1496	86
1497	182
1498	104
1499	146
1500	73
1501	130
1502	114
1503	117
1504	97
1505	129
1506	116
1507	139
1508	105
1509	113
1510	117
1511	113
1512	93
1513	108
1514	114
1515	123
1516	117
1517	147
1518	133
1519	150
1520	136
1521	109
1522	119
1523	105
1524	132
1525	137
1526	116
1527	124
1528	110
1529	97
1530	122
1531	134
1532	79
1533	128
1534	119
1535	129
1536	137
1537	116
1538	150
1539	133
1540	138
1541	140
1542	156
1543	170
1544	111
1545	127
1546	136
1547	156
1548	89
1549	114
1550	123
1551	86
1552	141
1553	111
1554	174
1555	108
1556	140
1557	113
1558	149
1559	113
1560	125
1561	116
1562	87
1563	115
1564	137
1565	140
1566	134
1567	100
1568	143
1569	127
1570	122
1571	115
1572	125
1573	116
1574	139
1575	120
1576	129
1577	94
1578	131
1579	106
1580	83
1581	97
1582	167
1583	81
1584	124
1585	133
1586	109
1587	162
1588	123
1589	126
1590	90
1591	124
1592	153
1593	131
1594	93
1595	158
1596	145
1597	130
1598	127
1599	128
1600	123
1601	131
1602	140
1603	120
1604	175
1605	128
1606	115
1607	168
1608	200
1609	138
1610	112
1611	151
1612	105
1613	162
1614	122
1615	94
1616	127
1617	130
1618	118
1619	129
1620	118
1621	113
1622	117
1623	135
1624	133
1625	151
1626	114
1627	131
1628	141
1629	95
1630	114
1631	143
1632	97
1633	110
1634	151
1635	103
1636	94
1637	111
1638	179
1639	158
1640	133
1641	150
1642	128
1643	137
1644	82
1645	128
1646	193
1647	91
1648	121
1649	132
1650	95
1651	116
1652	135
1653	137
1654	123
1655	127
1656	173
1657	148
1658	150
1659	98
1660	166
1661	74
1662	122
1663	128
1664	138
1665	154
1666	210
1667	146
1668	109
1669	140
1670	155
1671	158
1672	150
1673	97
1674	105
1675	131
1676	132
1677	112
1678	121
1679	142
1680	156
1681	152
1682	78
1683	129
1684	144
1685	129
1686	95
1687	109
1688	111
1689	119
1690	101
1691	127
1692	111
1693	97
1694	144
1695	127
1696	123
1697	100
1698	172
1699	81
1700	120
1701	167
1702	111
1703	129
1704	135
1705	126
1706	115
1707	136
1708	125
1709	183
1710	126
1711	132
1712	102
1713	156
1714	139
1715	131
1716	140
1717	105
1718	95
1719	130
1720	117
1721	149
1722	101
1723	193
1724	78
1725	132
1726	139
1727	169
1728	137
1729	140
1730	153
1731	145
1732	114
1733	109
1734	114
1735	167
1736	149
1737	131
1738	135
1739	151
1740	148
1741	155
1742	179
1743	185
1744	141
1745	118
1746	140
1747	184
1748	113
1749	174
1750	149
1751	157
1752	102
1753	137
1754	136
1755	154
1756	173
1757	115
1758	130
1759	134
1760	137
1761	119
1762	133
1763	141
1764	116
1765	90
1766	119
1767	114
1768	108
1769	81
1770	141
1771	124
1772	121
1773	178
1774	169
1775	143
1776	183
1777	103
1778	130
1779	169
1780	94
1781	150
1782	161
1783	101
1784	191
1785	105
1786	109
1787	135
1788	114
1789	186
1790	107
1791	153
1792	146
1793	152
1794	122
1795	157
1796	129
1797	99
1798	115
1799	152
1800	151
1801	103
1802	150
1803	119
1804	144
1805	137
1806	195
1807	115
1808	122
1809	108
1810	105
1811	120
1812	141
1813	133
1814	201
1815	149
1816	127
1817	133
1818	98
1819	164
1820	166
1821	139
1822	106
1823	139
1824	139
1825	146
1826	125
1827	167
1828	171
1829	178
1830	94
1831	148
1832	168
1833	158
1834	135
1835	127
1836	125
1837	113
1838	120
1839	140
1840	157
1841	115
1842	170
1843	128
1844	121
1845	148
1846	127
1847	129
1848	143
1849	129
1850	163
1851	165
1852	135
1853	107
1854	172
1855	168
1856	166
1857	163
1858	202
1859	155
1860	183
1861	142
1862	132
1863	148
1864	129
1865	137
1866	127
1867	122
1868	141
1869	190
1870	180
1871	155
1872	157
1873	137
1874	107
1875	129
1876	138
1877	127
1878	151
1879	161
1880	122
1881	128
1882	140
1883	138
1884	173
1885	120
1886	145
1887	122
1888	173
1889	165
1890	148
1891	150
1892	234
1893	111
1894	126
1895	129
1896	213
1897	123
1898	212
1899	159
1900	141
1901	186
1902	116
1903	185
1904	132
1905	199
1906	153
1907	116
1908	130
1909	150
1910	151
1911	121
1912	105
1913	133
1914	201
1915	158
1916	152
1917	148
1918	138
1919	155
1920	163
1921	153
1922	144
1923	158
1924	131
1925	192
1926	158
1927	187
1928	148
1929	147
1930	181
1931	142
1932	139
1933	166
1934	153
1935	167
1936	174
1937	132
1938	156
1939	176
1940	150
1941	204
1942	126
1943	140
1944	179
1945	142
1946	178
1947	160
1948	176
1949	143
1950	134
1951	154
1952	169
1953	134
1954	186
1955	123
1956	153
1957	114
1958	160
1959	158
1960	118
1961	156
1962	126
1963	134
1964	205
1965	143
1966	136
1967	155
1968	175
1969	177
1970	192
1971	144
1972	168
1973	156
1974	147
1975	179
1976	188
1977	121
1978	160
1979	145
1980	149
1981	127
1982	156
1983	130
1984	151
1985	215
1986	178
1987	163
1988	179
1989	115
1990	162
1991	183
1992	199
1993	163
1994	128
1995	135
1996	115
1997	150
1998	141
1999	140
2000	117
2001	174
2002	117
2003	140
2004	170
2005	169
2006	152
2007	141
2008	231
2009	154
2010	166
2011	128
2012	138
2013	139
2014	132
2015	112
2016	138
2017	119
2018	103
2019	146
2020	174
2021	131
2022	156
2023	119
2024	148
2025	183
2026	122
2027	138
2028	101
2029	79
2030	130
2031	106
2032	53
2033	120
2034	142
2035	93
2036	112
2037	73
2038	86
2039	103
2040	116
2041	66
2042	127
2043	102
2044	121
2045	73
2046	75
2047	61
