Instrument: Andor
X Size: 2048
Y Size: 64
Total Flux: 0.000
Total Counts: 223629
Background: 313.000000
Curvature: 0.0
Clipped to ROI: No
ROI: 1309 526 2539 1627
X	Counts
0	104
1	110
2	103
3	79
4	102
5	64
6	88
7	56
8	75
9	57
10	97
11	123
12	96
13	95
14	57
15	106
16	78
17	121
18	101
19	57
20	72
21	84
22	80
23	68
24	95
25	86
26	71
27	53
28	84
29	86
30	88
31	100
32	60
33	81
34	115
35	80
36	93
37	71
38	100
39	92
40	74
41	85
42	82
43	79
44	107
45	83
46	77
47	75
48	106
49	83
50	88
51	100
52	59
53	124
54	82
55	110
56	76
57	88
58	100
59	80
60	96
61	94
62	84
63	78
64	115
65	102
66	81
67	77
68	76
69	75
70	104
71	103
72	73
73	131
74	63
75	89
76	124
77	94
78	78
79	70
80	82
81	110
82	77
83	104
84	88
85	91
86	48
87	47
88	77
89	79
90	64
91	73
92	64
93	72
94	67
95	88
96	118
97	66
98	86
99	91
100	84
101	71
102	115
103	93
104	78
105	88
106	67
107	68
108	128
109	54
110	85
111	111
112	61
113	103
114	104
115	101
116	93
117	73
118	98
119	127
120	85
121	66
122	82
123	79
124	87
125	78
126	74
127	73
128	45
129	119
130	100
131	69
132	89
133	64
134	85
135	137
136	165
137	170
138	75
139	100
140	82
141	94
142	79
143	94
144	84
145	89
146	90
147	66
148	107
149	69
150	76
151	107
152	105
153	54
154	93
155	104
156	110
157	80
158	67
159	101
160	73
161	69
162	89
163	91
164	81
165	101
166	98
167	79
168	86
169	85
170	66
171	91
172	74
173	58
174	71
175	44
176	67
177	62
178	63
179	75
180	69
181	81
182	65
183	71
184	108
185	122
186	66
187	90
188	92
189	91
190	84
191	59
192	96
193	39
194	91
195	81
196	73
197	63
198	74
199	91
200	76
201	75
202	80
203	69
204	66
205	83
206	99
207	79
208	70
209	61
210	99
211	76
212	60
213	79
214	87
215	73
216	98
217	44
218	65
219	61
220	88
221	103
222	70
223	111
224	59
225	88
226	94
227	73
228	67
229	52
230	75
231	102
232	63
233	67
234	65
235	73
236	85
237	55
238	61
239	41
240	59
241	52
242	79
243	94
244	58
245	72
246	61
247	86
248	63
249	77
250	90
251	86
252	40
253	86
254	56
255	97
256	58
257	77
258	51
259	71
260	79
261	46
262	52
263	71
264	45
265	78
266	79
267	71
268	78
269	57
270	60
271	52
272	74
273	61
274	39
275	71
276	62
277	70
278	83
279	69
280	72
281	81
282	68
283	69
284	83
285	47
286	84
287	83
288	52
289	74
290	54
291	56
292	54
293	93
294	51
295	52
296	72
297	48
298	88
299	51
300	77
301	37
302	29
303	71
304	55
305	57
306	69
307	69
308	51
309	77
310	60
311	62
312	60
313	86
314	52
315	51
316	91
317	65
318	73
319	80
320	64
321	115
322	50
323	49
324	52
325	82
326	78
327	76
328	78
329	51
330	98
331	76
332	46
333	35
334	39
335	75
336	77
337	81
338	83
339	98
340	96
341	88
342	65
343	85
344	39
345	94
346	79
347	78
348	88
349	77
350	80
351	70
352	68
353	46
354	57
355	73
356	91
357	45
358	55
359	72
360	90
361	56
362	65
363	58
364	99
365	71
366	64
367	82
368	64
369	43
370	69
371	52
372	53
373	66
374	60
375	90
376	58
377	44
378	76
379	60
380	52
381	48
382	49
383	57
384	63
385	52
386	98
387	56
388	66
389	41
390	73
391	39
392	71
393	57
394	65
395	41
396	33
397	56
398	73
399	73
400	53
401	112
402	55
403	75
404	56
405	58
406	72
407	66
408	71
409	85
410	96
411	86
412	87
413	86
414	79
415	61
416	46
417	55
418	83
419	96
420	55
421	80
422	54
423	64
424	87
425	56
426	70
427	73
428	49
429	79
430	69
431	32
432	58
433	90
434	67
435	52
436	74
437	104
438	56
439	71
440	87
441	69
442	59
443	70
444	77
445	66
446	72
447	89
448	74
449	51
450	42
451	87
452	72
453	73
454	56
455	62
456	83
457	81
458	102
459	72
460	65
461	49
462	109
463	83
464	92
465	73
466	43
467	67
468	48
469	62
470	81
471	64
472	74
473	91
474	114
475	54
476	52
477	107
478	71
479	68
480	82
481	76
482	73
483	97
484	75
485	67
486	87
487	86
488	94
489	82
490	69
491	45
492	72
493	85
494	41
495	81
496	70
497	94
498	112
499	99
500	82
501	55
502	55
503	105
504	56
505	69
506	59
507	61
508	94
509	96
510	64
511	77
512	66
513	72
514	78
515	109
516	49
517	107
518	56
519	89
520	96
521	79
522	58
523	55
524	69
525	69
526	66
527	59
528	102
529	82
530	71
531	74
532	71
533	72
534	82
535	79
536	60
537	68
538	65
539	74
540	83
541	57
542	86
543	103
544	61
545	72
546	57
547	61
548	84
549	68
550	106
551	79
552	73
553	61
554	46
555	84
556	63
557	61
558	46
559	75
560	87
561	100
562	90
563	76
564	95
565	61
566	76
567	95
568	80
569	76
570	101
571	82
572	100
573	66
574	59
575	91
576	41
577	85
578	82
579	62
580	97
581	80
582	79
583	74
584	55
585	110
586	57
587	71
588	66
589	81
590	80
591	77
592	82
593	63
594	93
595	78
596	76
597	83
598	67
599	72
600	47
601	81
602	46
603	57
604	78
605	51
606	76
607	91
608	92
609	49
610	92
611	76
612	73
613	67
614	85
615	55
616	71
617	84
618	46
619	55
620	53
621	64
622	92
623	68
624	62
625	108
626	97
627	86
628	82
629	111
630	96
631	74
632	66
633	79
634	66
635	75
636	52
637	87
638	99
639	111
640	93
641	66
642	70
643	79
644	84
645	80
646	97
647	79
648	64
649	117
650	79
651	98
652	87
653	58
654	60
655	95
656	99
657	74
658	92
659	71
660	91
661	67
662	69
663	89
664	59
665	79
666	69
667	58
668	55
669	51
670	96
671	88
672	86
673	85
674	74
675	123
676	89
677	109
678	103
679	54
680	64
681	74
682	96
683	53
684	72
685	71
686	99
687	69
688	95
689	43
690	118
691	84
692	49
693	52
694	63
695	77
696	85
697	92
698	100
699	78
700	62
701	139
702	77
703	68
704	81
705	56
706	96
707	112
708	86
709	115
710	116
711	96
712	75
713	164
714	94
715	74
716	112
717	62
718	53
719	82
720	96
721	89
722	72
723	48
724	90
725	81
726	79
727	95
728	108
729	100
730	112
731	68
732	118
733	47
734	114
735	130
736	147
737	72
738	84
739	90
740	84
741	73
742	89
743	78
744	70
745	86
746	92
747	87
748	57
749	67
750	83
751	65
752	77
753	97
754	116
755	117
756	117
757	135
758	139
759	98
760	71
761	83
762	54
763	93
764	74
765	83
766	68
767	95
768	46
769	111
770	102
771	82
772	104
773	102
774	79
775	77
776	67
777	76
778	78
779	102
780	88
781	88
782	89
783	89
784	77
785	60
786	58
787	113
788	76
789	98
790	77
791	66
792	86
793	47
794	79
795	54
796	87
797	86
798	79
799	54
800	77
801	97
802	85
803	87
804	57
805	88
806	86
807	82
808	99
809	87
810	109
811	112
812	76
813	69
814	70
815	84
816	131
817	61
818	88
819	50
820	83
821	69
822	73
823	66
824	76
825	74
826	98
827	75
828	76
829	70
830	74
831	60
832	101
833	113
834	76
835	104
836	59
837	84
838	130
839	85
840	93
841	80
842	82
843	83
844	116
845	104
846	83
847	86
848	85
849	95
850	88
851	98
852	104
853	107
854	143
855	93
856	89
857	110
858	100
859	73
860	103
861	126
862	84
863	142
864	154
865	104
866	108
867	84
868	56
869	115
870	95
871	74
872	137
873	92
874	92
875	61
876	102
877	93
878	62
879	71
880	107
881	133
882	144
883	127
884	85
885	70
886	68
887	90
888	103
889	74
890	82
891	100
892	93
893	111
894	87
895	89
896	66
897	99
898	84
899	95
900	88
901	71
902	98
903	68
904	121
905	107
906	66
907	104
908	96
909	51
910	93
911	50
912	58
913	79
914	63
915	94
916	74
917	97
918	103
919	78
920	95
921	97
922	68
923	99
924	97
925	78
926	57
927	54
928	109
929	84
930	86
931	80
932	67
933	105
934	109
935	67
936	102
937	64
938	101
939	109
940	66
941	100
942	90
943	79
944	115
945	108
946	78
947	106
948	100
949	97
950	114
951	84
952	88
953	102
954	101
955	86
956	104
957	68
958	86
959	126
960	69
961	72
962	103
963	93
964	97
965	106
966	69
967	108
968	73
969	130
970	89
971	87
972	80
973	101
974	60
975	76
976	83
977	115
978	107
979	102
980	83
981	96
982	136
983	116
984	87
985	88
986	91
987	76
988	90
989	93
990	127
991	74
992	101
993	113
994	69
995	78
996	106
997	73
998	110
999	82
1000	85
1001	110
1002	83
1003	62
1004	102
1005	101
1006	96
1007	74
1008	68
1009	89
1010	99
1011	91
1012	114
1013	93
1014	88
1015	80
1016	104
1017	104
1018	106
1019	91
1020	131
1021	104
1022	132
1023	171
1024	77
1025	111
1026	62
1027	132
1028	96
1029	113
1030	95
1031	105
1032	95
1033	89
1034	91
1035	126
1036	76
1037	112
1038	100
1039	146
1040	122
1041	105
1042	115
1043	78
1044	94
1045	157
1046	101
1047	66
1048	103
1049	107
1050	108
1051	113
1052	108
1053	78
1054	84
1055	81
1056	108
1057	81
1058	130
1059	132
1060	96
1061	82
1062	126
1063	115
1064	76
1065	95
1066	92
1067	84
1068	122
1069	113
1070	115
1071	97
1072	81
1073	93
1074	91
1075	105
1076	112
1077	64
1078	81
1079	114
1080	102
1081	104
1082	85
1083	105
1084	94
1085	81
1086	128
1087	132
1088	117
1089	100
1090	119
1091	119
1092	117
1093	79
1094	102
1095	119
1096	116
1097	97
1098	80
1099	98
1100	134
1101	153
1102	107
1103	107
1104	110
1105	102
1106	55
1107	116
1108	129
1109	136
1110	87
1111	81
1112	90
1113	114
1114	94
1115	99
1116	95
1117	113
1118	94
1119	88
1120	69
1121	122
1122	110
1123	64
1124	117
1125	94
1126	136
1127	113
1128	110
1129	91
1130	138
1131	108
1132	117
1133	129
1134	109
1135	98
1136	104
1137	115
1138	120
1139	73
1140	64
1141	87
1142	126
1143	102
1144	92
1145	105
1146	117
1147	87
1148	98
1149	110
1150	241
1151	231
1152	117
1153	96
1154	100
1155	121
1156	127
1157	116
1158	119
1159	97
1160	154
1161	119
1162	156
1163	100
1164	95
1165	90
1166	115
1167	131
1168	80
1169	69
1170	80
1171	112
1172	112
1173	101
1174	85
1175	121
1176	82
1177	134
1178	140
1179	122
1180	144
1181	92
1182	139
1183	119
1184	76
1185	98
1186	155
1187	94
1188	111
1189	138
1190	97
1191	131
1192	149
1193	190
1194	216
1195	136
1196	124
1197	118
1198	84
1199	81
1200	113
1201	142
1202	134
1203	203
1204	250
1205	120
1206	166
1207	101
1208	102
1209	323
1210	952
1211	749
1212	235
1213	250
1214	452
1215	181
1216	491
1217	593
1218	261
1219	125
1220	145
1221	137
1222	235
1223	240
1224	253
1225	185
1226	124
1227	150
1228	287
1229	155
1230	143
1231	150
1232	160
1233	222
1234	300
1235	150
1236	166
1237	110
1238	133
1239	133
1240	202
1241	303
1242	248
1243	179
1244	194
1245	225
1246	381
1247	369
1248	531
1249	360
1250	221
1251	290
1252	477
1253	291
1254	784
1255	764
1256	288
1257	268
1258	387
1259	310
1260	278
1261	206
1262	284
1263	158
1264	288
1265	667
1266	420
1267	205
1268	236
1269	168
1270	271
1271	263
1272	492
1273	301
1274	241
1275	258
1276	208
1277	162
1278	146
1279	139
1280	253
1281	137
1282	160
1283	136
1284	126
1285	146
1286	117
1287	288
1288	229
1289	281
1290	264
1291	309
1292	182
1293	154
1294	147
1295	140
1296	124
1297	107
1298	112
1299	120
1300	156
1301	151
1302	88
1303	162
1304	126
1305	145
1306	145
1307	167
1308	156
1309	117
1310	118
1311	225
1312	361
1313	263
1314	118
1315	152
1316	272
1317	288
1318	112
1319	146
1320	189
1321	176
1322	165
1323	149
1324	199
1325	193
1326	95
1327	115
1328	131
1329	88
1330	106
1331	113
1332	147
1333	97
1334	146
1335	123
1336	123
1337	90
1338	92
1339	93
1340	99
1341	109
1342	108
1343	120
1344	86
1345	135
1346	162
1347	143
1348	145
1349	94
1350	136
1351	127
1352	147
1353	91
1354	77
1355	79
1356	105
1357	79
1358	129
1359	165
1360	127
1361	170
1362	110
1363	90
1364	123
1365	110
1366	116
1367	84
1368	123
1369	123
1370	114
1371	126
1372	113
1373	125
1374	108
1375	106
1376	108
1377	105
1378	77
1379	110
1380	99
1381	122
1382	106
1383	117
1384	96
1385	94
1386	122
1387	108
1388	92
1389	114
1390	85
1391	77
1392	112
1393	112
1394	111
1395	132
1396	126
1397	121
1398	126
1399	90
1400	95
1401	75
1402	157
1403	118
1404	49
1405	114
1406	111
1407	138
1408	109
1409	81
1410	96
1411	129
1412	124
1413	176
1414	123
1415	132
1416	120
1417	96
1418	111
1419	132
1420	106
1421	119
1422	109
1423	119
1424	160
1425	143
1426	102
1427	145
1428	112
1429	144
1430	99
1431	142
1432	116
1433	113
1434	113
1435	145
1436	117
1437	143
1438	127
1439	72
1440	112
1441	96
1442	108
1443	124
1444	121
1445	83
1446	125
1447	131
1448	138
1449	126
1450	130
1451	166
1452	105
1453	139
1454	123
1455	134
1456	128
1457	120
1458	87
1459	125
1460	117
1461	139
1462	103
1463	95
1464	97
1465	84
1466	96
1467	101
1468	153
1469	114
1470	114
1471	93
1472	94
1473	73
1474	147
1475	123
1476	131
1477	95
1478	122
1479	109
1480	102
1481	103
1482	105
1483	130
1484	120
1485	80
1486	141
1487	134
1488	145
1489	105
1490	170
1491	111
1492	141
1493	129
1494	77
1495	143
1496	104
1497	137
1498	101
1499	96
1500	121
1501	134
1502	112
1503	133
1504	103
1505	128
1506	99
1507	127
1508	111
1509	129
1510	166
1511	143
1512	101
1513	103
1514	106
1515	113
1516	129
1517	131
1518	123
1519	109
1520	155
1521	72
1522	117
1523	123
1524	89
1525	93
1526	131
1527	145
1528	117
1529	110
1530	118
1531	99
1532	106
1533	90
1534	120
1535	128
1536	122
1537	125
1538	87
1539	117
1540	118
1541	163
1542	90
1543	139
1544	115
1545	73
1546	120
1547	119
1548	119
1549	66
1550	95
1551	115
1552	116
1553	96
1554	127
1555	129
1556	138
1557	154
1558	113
1559	133
1560	85
1561	118
1562	80
1563	115
1564	128
1565	95
1566	108
1567	118
1568	161
1569	108
1570	134
1571	126
1572	101
1573	106
1574	107
1575	109
1576	104
1577	106
1578	139
1579	99
1580	113
1581	133
1582	161
1583	77
1584	85
1585	132
1586	103
1587	168
1588	131
1589	82
1590	115
1591	159
1592	129
1593	134
1594	73
1595	122
1596	123
1597	137
1598	121
1599	121
1600	99
1601	122
1602	119
1603	128
1604	126
1605	148
1606	81
1607	102
1608	111
1609	134
1610	153
1611	123
1612	90
1613	137
1614	154
1615	116
1616	144
1617	94
1618	137
1619	79
1620	158
1621	87
1622	144
1623	120
1624	105
1625	125
1626	118
1627	144
1628	123
1629	125
1630	177
1631	138
1632	125
1633	145
1634	131
1635	143
1636	145
1637	134
1638	165
1639	111
1640	144
1641	159
1642	97
1643	157
1644	90
1645	122
1646	158
1647	139
1648	105
1649	122
1650	117
1651	117
1652	131
1653	101
1654	97
1655	123
1656	153
1657	100
1658	121
1659	95
1660	154
1661	113
1662	92
1663	120
1664	97
1665	115
1666	128
1667	155
1668	124
1669	140
1670	126
1671	141
1672	131
1673	133
1674	114
1675	93
1676	115
1677	128
1678	105
1679	139
1680	117
1681	136
1682	111
1683	151
1684	160
1685	163
1686	124
1687	127
1688	139
1689	80
1690	83
1691	168
1692	83
1693	161
1694	127
1695	153
1696	136
1697	91
1698	149
1699	113
1700	128
1701	111
1702	141
1703	100
1704	129
1705	114
1706	156
1707	117
1708	94
1709	169
1710	110
1711	136
1712	104
1713	101
1714	146
1715	148
1716	232
1717	132
1718	103
1719	142
1720	124
1721	172
1722	155
1723	168
1724	94
1725	148
1726	124
1727	76
1728	132
1729	158
1730	137
1731	150
1732	120
1733	103
1734	143
1735	148
1736	123
1737	116
1738	170
1739	130
1740	120
1741	150
1742	94
1743	89
1744	167
1745	110
1746	154
1747	136
1748	111
1749	122
1750	122
1751	127
1752	156
1753	131
1754	152
1755	111
1756	164
1757	143
1758	146
1759	177
1760	125
1761	117
1762	141
1763	103
1764	131
1765	139
1766	117
1767	139
1768	111
1769	164
1770	101
1771	169
1772	130
1773	137
1774	180
1775	116
1776	144
1777	124
1778	165
1779	184
1780	153
1781	123
1782	125
1783	179
1784	154
1785	129
1786	119
1787	131
1788	147
1789	127
1790	146
1791	138
1792	149
1793	139
1794	165
1795	124
1796	139
1797	115
1798	117
1799	117
1800	122
1801	117
1802	142
1803	128
1804	127
1805	142
1806	131
1807	133
1808	121
1809	128
1810	103
1811	114
1812	111
1813	111
1814	151
1815	151
1816	114
1817	133
1818	157
1819	172
1820	167
1821	142
1822	142
1823	160
1824	123
1825	130
1826	122
1827	144
1828	143
1829	137
1830	103
1831	99
1832	129
1833	162
1834	113
1835	118
1836	127
1837	138
1838	136
1839	156
1840	177
1841	121
1842	124
1843	119
1844	140
1845	164
1846	106
1847	142
1848	137
1849	147
1850	124
1851	149
1852	115
1853	105
1854	144
1855	135
1856	153
1857	93
1858	161
1859	153
1860	193
1861	123
1862	177
1863	75
1864	143
1865	162
1866	80
1867	150
1868	147
1869	136
1870	152
1871	162
1872	125
1873	162
1874	129
1875	105
1876	137
1877	106
1878	142
1879	167
1880	167
1881	139
1882	140
1883	159
1884	138
1885	167
1886	93
1887	142
1888	158
1889	169
1890	122
1891	141
1892	218
1893	110
1894	189
1895	135
1896	169
1897	115
1898	169
1899	142
1900	149
1901	143
1902	111
1903	170
1904	123
1905	156
1906	149
1907	134
1908	151
1909	177
1910	139
1911	150
1912	120
1913	130
1914	173
1915	138
1916	167
1917	150
1918	146
1919	150
1920	115
1921	101
1922	154
1923	131
1924	128
1925	167
1926	124
1927	149
1928	141
1929	122
1930	150
1931	147
1932	159
1933	139
1934	161
1935	167
1936	157
1937	115
1938	174
1939	208
1940	189
1941	197
1942	137
1943	123
1944	152
1945	109
1946	201
1947	115
1948	140
1949	151
1950	172
1951	146
1952	124
1953	135
1954	162
1955	220
1956	147
1957	158
1958	134
1959	157
1960	122
1961	150
1962	118
1963	147
1964	117
1965	152
1966	172
1967	124
1968	166
1969	133
1970	209
1971	141
1972	119
1973	175
1974	168
1975	173
1976	163
1977	150
1978	147
1979	161
1980	161
1981	108
1982	184
1983	97
1984	74
1985	144
1986	186
1987	143
1988	149
1989	204
1990	156
1991	168
1992	166
1993	107
1994	158
1995	166
1996	153
1997	137
1998	156
1999	128
2000	150
2001	141
2002	153
2003	148
2004	164
2005	176
2006	140
2007	99
2008	158
2009	136
2010	105
2011	108
2012	153
2013	146
2014	125
2015	147
2016	141
2017	155
2018	107
2019	136
2020	144
2021	113
2022	111
2023	121
2024	137
2025	209
2026	109
2027	131
2028	111
2029	115
2030	112
2031	130
2032	81
2033	83
2034	110
2035	117
2036	81
2037	61
2038	99
2039	99
2040	102
2041	54
2042	64
2043	82
2044	106
2045	78
2046	46
2047	62
