Date: 3/29/2024

From File
Mono Energy
C:\Beamline Controls\BCS Setup Data\Scan Files\LLNL Scan Setup\B1s_20240329.txt
: 290.00000000
: 320.00000000
: 0.05000000
Delay After Move (s): 0.00000000
Count Time (s): 1.00000000
Scan Number: 1
Bi-directional: No
Stay at End: 0
Description Length: 0

Time (s)	Mono Energy	Undulator Gap	Mono Energy	Mono Energy Goal	Beam Current	Storage Ring Energy	Gate	Counter 0	Counter 1	Counter 2	Counter 3	Counter 4	Counter 5	Counter 6	User Ring Energy	M1 AI Correlation Size	M1 AI Correlation Waveform	LabVIEW Memory
1590.21800000	180.00198981	0.00000000	0.00000000	0.00000000	500.15139262	1.88372223	0.00000000	1692781.00000000	202983.00000000	8907.00000000	140670.00000000	0.00000000	0.00000000	0.00000000	1.94023590	0.00000000	0.00000000	0.00000000
8.11000000	180.50648106	0.00000000	0.00000000	0.00000000	499.94178409	1.88372223	0.00000000	1706347.00000000	202831.00000000	8803.00000000	141561.00000000	0.00000000	0.00000000	0.00000000	1.94023590	0.00000000	0.00000000	0.00000000
16.24900000	181.00610022	0.00000000	0.00000000	0.00000000	500.33179147	1.88372223	0.00000000	1707278.00000000	200594.00000000	8770.00000000	140269.00000000	0.00000000	0.00000000	0.00000000	1.94023590	0.00000000	0.00000000	0.00000000
24.35900000	181.50384274	0.00000000	0.00000000	0.00000000	500.10240101	1.88372223	0.00000000	1726621.00000000	200813.00000000	8691.00000000	140897.00000000	0.00000000	0.00000000	0.00000000	1.94023590	0.00000000	0.00000000	0.00000000
32.50100000	182.00433041	0.00000000	0.00000000	0.00000000	500.40935698	1.88372223	0.00000000	1726287.00000000	198619.00000000	8641.00000000	139592.00000000	0.00000000	0.00000000	0.00000000	1.94023590	0.00000000	0.00000000	0.00000000
40.65700000	182.50758598	0.00000000	0.00000000	0.00000000	500.17720540	1.88372223	0.00000000	1739178.00000000	198174.00000000	8245.00000000	140023.00000000	0.00000000	0.00000000	0.00000000	1.94023590	0.00000000	0.00000000	0.00000000
48.50000000	183.00102592	0.00000000	0.00000000	0.00000000	499.99404544	1.88372223	0.00000000	1750091.00000000	197669.00000000	7998.00000000	140098.00000000	0.00000000	0.00000000	0.00000000	1.94023590	0.00000000	0.00000000	0.00000000
56.43700000	183.50506311	0.00000000	0.00000000	0.00000000	499.99382746	1.88372223	0.00000000	1741493.00000000	194687.00000000	7988.00000000	137636.00000000	0.00000000	0.00000000	0.00000000	1.94023590	0.00000000	0.00000000	0.00000000
64.37500000	184.00232611	0.00000000	0.00000000	0.00000000	500.08389064	1.88372223	0.00000000	1777757.00000000	197252.00000000	7925.00000000	140761.00000000	0.00000000	0.00000000	0.00000000	1.94023590	0.00000000	0.00000000	0.00000000
72.53200000	184.50709669	0.00000000	0.00000000	0.00000000	500.71128119	1.88372223	0.00000000	1799383.00000000	198112.00000000	7997.00000000	141831.00000000	0.00000000	0.00000000	0.00000000	1.94023590	0.00000000	0.00000000	0.00000000
80.45300000	185.00176072	0.00000000	0.00000000	0.00000000	500.48499698	1.88372223	0.00000000	1805321.00000000	197097.00000000	7937.00000000	141579.00000000	0.00000000	0.00000000	0.00000000	1.94023590	0.00000000	0.00000000	0.00000000
88.58000000	185.21457253	0.00000000	0.00000000	0.00000000	500.25976635	1.88372223	0.00000000	1795364.00000000	195269.00000000	7785.00000000	140419.00000000	0.00000000	0.00000000	0.00000000	1.94023590	0.00000000	0.00000000	0.00000000
96.68700000	185.40361092	0.00000000	0.00000000	0.00000000	500.03017607	1.88372223	0.00000000	1805270.00000000	195456.00000000	8065.00000000	140796.00000000	0.00000000	0.00000000	0.00000000	1.94023590	0.00000000	0.00000000	0.00000000
104.64500000	185.60113930	0.00000000	0.00000000	0.00000000	500.43963841	1.88372223	0.00000000	1812095.00000000	195364.00000000	7874.00000000	140988.00000000	0.00000000	0.00000000	0.00000000	1.94023590	0.00000000	0.00000000	0.00000000
112.57900000	185.80233765	0.00000000	0.00000000	0.00000000	500.21693275	1.88372223	0.00000000	1799499.00000000	193152.00000000	7806.00000000	139587.00000000	0.00000000	0.00000000	0.00000000	1.94023590	0.00000000	0.00000000	0.00000000
120.51600000	186.00234486	0.00000000	0.00000000	0.00000000	500.24247306	1.88372223	0.00000000	1822854.00000000	195383.00000000	7916.00000000	141455.00000000	0.00000000	0.00000000	0.00000000	1.94023590	0.00000000	0.00000000	0.00000000
128.42200000	186.20278315	0.00000000	0.00000000	0.00000000	500.42196365	1.88372223	0.00000000	1814061.00000000	193672.00000000	7882.00000000	140227.00000000	0.00000000	0.00000000	0.00000000	1.94023590	0.00000000	0.00000000	0.00000000
136.26600000	186.40201908	0.00000000	0.00000000	0.00000000	500.19402640	1.88372223	0.00000000	1829059.00000000	194698.00000000	7824.00000000	141440.00000000	0.00000000	0.00000000	0.00000000	1.94023590	0.00000000	0.00000000	0.00000000
144.34400000	186.60332020	0.00000000	0.00000000	0.00000000	500.33166431	1.88372223	0.00000000	1830934.00000000	193692.00000000	7585.00000000	140589.00000000	0.00000000	0.00000000	0.00000000	1.94023590	0.00000000	0.00000000	0.00000000
152.43800000	186.79848919	0.00000000	0.00000000	0.00000000	500.46377999	1.88372223	0.00000000	1846001.00000000	195139.00000000	7698.00000000	141977.00000000	0.00000000	0.00000000	0.00000000	1.94023590	0.00000000	0.00000000	0.00000000
160.28200000	187.00393879	0.00000000	0.00000000	0.00000000	500.24510701	1.88372223	0.00000000	1837414.00000000	193429.00000000	7497.00000000	140758.00000000	0.00000000	0.00000000	0.00000000	1.94023590	0.00000000	0.00000000	0.00000000
168.31300000	187.20159606	0.00000000	0.00000000	0.00000000	500.02923148	1.88372223	0.00000000	1841524.00000000	193034.00000000	7536.00000000	140710.00000000	0.00000000	0.00000000	0.00000000	1.94023590	0.00000000	0.00000000	0.00000000
176.04700000	187.40132401	0.00000000	0.00000000	0.00000000	500.07982163	1.88372223	0.00000000	1845773.00000000	193069.00000000	7751.00000000	140877.00000000	0.00000000	0.00000000	0.00000000	1.94023590	0.00000000	0.00000000	0.00000000
184.09500000	187.60147862	0.00000000	0.00000000	0.00000000	499.96485392	1.88372223	0.00000000	1864486.00000000	194282.00000000	7708.00000000	141764.00000000	0.00000000	0.00000000	0.00000000	1.94023590	0.00000000	0.00000000	0.00000000
192.11000000	187.80703984	0.00000000	0.00000000	0.00000000	499.75488209	1.88372223	0.00000000	1867974.00000000	194440.00000000	7837.00000000	142257.00000000	0.00000000	0.00000000	0.00000000	1.94023590	0.00000000	0.00000000	0.00000000
200.04800000	188.00473636	0.00000000	0.00000000	0.00000000	500.13201032	1.88372223	0.00000000	1873209.00000000	193755.00000000	7802.00000000	141570.00000000	0.00000000	0.00000000	0.00000000	1.94023590	0.00000000	0.00000000	0.00000000
207.78200000	188.20284956	0.00000000	0.00000000	0.00000000	499.91600763	1.88372223	0.00000000	1867805.00000000	192825.00000000	7678.00000000	140977.00000000	0.00000000	0.00000000	0.00000000	1.94023590	0.00000000	0.00000000	0.00000000
215.62500000	188.40305085	0.00000000	0.00000000	0.00000000	500.22002084	1.88372223	0.00000000	1875837.00000000	193496.00000000	7839.00000000	141629.00000000	0.00000000	0.00000000	0.00000000	1.94023590	0.00000000	0.00000000	0.00000000
223.32900000	188.60200488	0.00000000	0.00000000	0.00000000	500.10964893	1.88372223	0.00000000	1864283.00000000	191812.00000000	8046.00000000	140478.00000000	0.00000000	0.00000000	0.00000000	1.94023590	0.00000000	0.00000000	0.00000000
231.48600000	188.79970240	0.00000000	0.00000000	0.00000000	500.57288034	1.88372223	0.00000000	1889485.00000000	194247.00000000	7801.00000000	142319.00000000	0.00000000	0.00000000	0.00000000	1.94023590	0.00000000	0.00000000	0.00000000
239.43900000	189.00117625	0.00000000	0.00000000	0.00000000	500.34243629	1.88372223	0.00000000	1887916.00000000	193697.00000000	8187.00000000	141842.00000000	0.00000000	0.00000000	0.00000000	1.94023590	0.00000000	0.00000000	0.00000000
247.15800000	189.20308059	0.00000000	0.00000000	0.00000000	500.12334551	1.88372223	0.00000000	1876232.00000000	191806.00000000	8384.00000000	140279.00000000	0.00000000	0.00000000	0.00000000	1.94023590	0.00000000	0.00000000	0.00000000
254.89100000	189.40035310	0.00000000	0.00000000	0.00000000	500.05493527	1.88372223	0.00000000	1900312.00000000	194582.00000000	8542.00000000	142414.00000000	0.00000000	0.00000000	0.00000000	1.94023590	0.00000000	0.00000000	0.00000000
262.82900000	189.60142024	0.00000000	0.00000000	0.00000000	499.87166632	1.88372223	0.00000000	1906797.00000000	194968.00000000	9127.00000000	142379.00000000	0.00000000	0.00000000	0.00000000	1.94023590	0.00000000	0.00000000	0.00000000
270.65800000	189.79782981	0.00000000	0.00000000	0.00000000	500.27041117	1.88372223	0.00000000	1902308.00000000	194813.00000000	9494.00000000	141828.00000000	0.00000000	0.00000000	0.00000000	1.94023590	0.00000000	0.00000000	0.00000000
278.39100000	190.00483803	0.00000000	0.00000000	0.00000000	500.05217416	1.88372223	0.00000000	1904736.00000000	195287.00000000	9996.00000000	141424.00000000	0.00000000	0.00000000	0.00000000	1.94023590	0.00000000	0.00000000	0.00000000
286.40800000	190.09660887	0.00000000	0.00000000	0.00000000	500.57778495	1.88372223	0.00000000	1914663.00000000	196515.00000000	10324.00000000	142066.00000000	0.00000000	0.00000000	0.00000000	1.94023590	0.00000000	0.00000000	0.00000000
294.45300000	190.20208477	0.00000000	0.00000000	0.00000000	500.39260864	1.88372223	0.00000000	1915093.00000000	197081.00000000	11111.00000000	141940.00000000	0.00000000	0.00000000	0.00000000	1.94023590	0.00000000	0.00000000	0.00000000
302.59500000	190.30256575	0.00000000	0.00000000	0.00000000	500.07840474	1.88372223	0.00000000	1913146.00000000	197481.00000000	11339.00000000	141655.00000000	0.00000000	0.00000000	0.00000000	1.94023590	0.00000000	0.00000000	0.00000000
310.70500000	190.40315296	0.00000000	0.00000000	0.00000000	500.48557826	1.88372223	0.00000000	1912149.00000000	198142.00000000	12008.00000000	141666.00000000	0.00000000	0.00000000	0.00000000	1.94023590	0.00000000	0.00000000	0.00000000
318.62500000	190.50213901	0.00000000	0.00000000	0.00000000	500.26439848	1.88372223	0.00000000	1906218.00000000	197954.00000000	12480.00000000	140443.00000000	0.00000000	0.00000000	0.00000000	1.94023590	0.00000000	0.00000000	0.00000000
326.54900000	190.60122803	0.00000000	0.00000000	0.00000000	500.03971282	1.88372223	0.00000000	1927751.00000000	202030.00000000	13537.00000000	142339.00000000	0.00000000	0.00000000	0.00000000	1.94023590	0.00000000	0.00000000	0.00000000
334.68900000	190.71410998	0.00000000	0.00000000	0.00000000	500.39368039	1.88372223	0.00000000	1939890.00000000	205581.00000000	15069.00000000	143584.00000000	0.00000000	0.00000000	0.00000000	1.94023590	0.00000000	0.00000000	0.00000000
342.68800000	190.80656744	0.00000000	0.00000000	0.00000000	500.16434442	1.88372223	0.00000000	1932655.00000000	206048.00000000	16651.00000000	142224.00000000	0.00000000	0.00000000	0.00000000	1.94023590	0.00000000	0.00000000	0.00000000
350.51600000	190.90254399	0.00000000	0.00000000	0.00000000	500.13348171	1.88372223	0.00000000	1925363.00000000	207908.00000000	18063.00000000	141376.00000000	0.00000000	0.00000000	0.00000000	1.94023590	0.00000000	0.00000000	0.00000000
358.34400000	191.00033362	0.00000000	0.00000000	0.00000000	500.12419928	1.88372223	0.00000000	1931975.00000000	212277.00000000	20667.00000000	142085.00000000	0.00000000	0.00000000	0.00000000	1.94023590	0.00000000	0.00000000	0.00000000
366.20400000	191.10166004	0.00000000	0.00000000	0.00000000	500.53051903	1.88372223	0.00000000	1940913.00000000	217856.00000000	23836.00000000	142791.00000000	0.00000000	0.00000000	0.00000000	1.94023590	0.00000000	0.00000000	0.00000000
374.29700000	191.20309404	0.00000000	0.00000000	0.00000000	500.33219110	1.88372223	0.00000000	1938030.00000000	223120.00000000	27598.00000000	142029.00000000	0.00000000	0.00000000	0.00000000	1.94023590	0.00000000	0.00000000	0.00000000
382.26600000	191.30119192	0.00000000	0.00000000	0.00000000	500.10977609	1.88372223	0.00000000	1926350.00000000	231375.00000000	33555.00000000	140574.00000000	0.00000000	0.00000000	0.00000000	1.94023590	0.00000000	0.00000000	0.00000000
390.39100000	191.41662873	0.00000000	0.00000000	0.00000000	500.40873936	1.88372223	0.00000000	1951130.00000000	250021.00000000	43165.00000000	142721.00000000	0.00000000	0.00000000	0.00000000	1.94023590	0.00000000	0.00000000	0.00000000
398.42100000	191.51667167	0.00000000	0.00000000	0.00000000	500.17931257	1.88372223	0.00000000	1940557.00000000	271260.00000000	52924.00000000	141744.00000000	0.00000000	0.00000000	0.00000000	1.94023590	0.00000000	0.00000000	0.00000000
406.37400000	191.60127224	0.00000000	0.00000000	0.00000000	500.09549822	1.88372223	0.00000000	1926010.00000000	303903.00000000	65668.00000000	140848.00000000	0.00000000	0.00000000	0.00000000	1.94023590	0.00000000	0.00000000	0.00000000
414.18800000	191.70323747	0.00000000	0.00000000	0.00000000	500.06449018	1.88372223	0.00000000	1941086.00000000	369987.00000000	82839.00000000	141611.00000000	0.00000000	0.00000000	0.00000000	1.94023590	0.00000000	0.00000000	0.00000000
422.11100000	191.80184938	0.00000000	0.00000000	0.00000000	499.88116673	1.88372223	0.00000000	1921338.00000000	454655.00000000	96235.00000000	140065.00000000	0.00000000	0.00000000	0.00000000	1.94023590	0.00000000	0.00000000	0.00000000
430.14100000	191.90576106	0.00000000	0.00000000	0.00000000	499.64975993	1.88372223	0.00000000	1931173.00000000	670364.00000000	114429.00000000	140446.00000000	0.00000000	0.00000000	0.00000000	1.94023590	0.00000000	0.00000000	0.00000000
438.06200000	192.00111239	0.00000000	0.00000000	0.00000000	499.48260353	1.88372223	0.00000000	1948607.00000000	1151671.00000000	123114.00000000	141849.00000000	0.00000000	0.00000000	0.00000000	1.94023590	0.00000000	0.00000000	0.00000000
446.14200000	192.10871302	0.00000000	0.00000000	0.00000000	499.46612767	1.88372223	0.00000000	1929137.00000000	1832147.00000000	114967.00000000	139810.00000000	0.00000000	0.00000000	0.00000000	1.94023590	0.00000000	0.00000000	0.00000000
454.37600000	192.20774265	0.00000000	0.00000000	0.00000000	499.46679978	1.88372223	0.00000000	1938739.00000000	2254287.00000000	104947.00000000	140170.00000000	0.00000000	0.00000000	0.00000000	1.94023590	0.00000000	0.00000000	0.00000000
462.06300000	192.30165443	0.00000000	0.00000000	0.00000000	499.74289304	1.88372223	0.00000000	1954906.00000000	2113301.00000000	101309.00000000	141654.00000000	0.00000000	0.00000000	0.00000000	1.94023590	0.00000000	0.00000000	0.00000000
470.00000000	192.40610854	0.00000000	0.00000000	0.00000000	499.52705383	1.88372223	0.00000000	1956921.00000000	1529994.00000000	95358.00000000	141664.00000000	0.00000000	0.00000000	0.00000000	1.94023590	0.00000000	0.00000000	0.00000000
477.82800000	192.50195788	0.00000000	0.00000000	0.00000000	500.20826794	1.88372223	0.00000000	1962431.00000000	1079146.00000000	88211.00000000	142007.00000000	0.00000000	0.00000000	0.00000000	1.94023590	0.00000000	0.00000000	0.00000000
485.65600000	192.60139347	0.00000000	0.00000000	0.00000000	500.29200963	1.88372223	0.00000000	1960553.00000000	803372.00000000	74910.00000000	141627.00000000	0.00000000	0.00000000	0.00000000	1.94023590	0.00000000	0.00000000	0.00000000
493.29600000	192.70442630	0.00000000	0.00000000	0.00000000	500.47476996	1.88372223	0.00000000	1970196.00000000	751731.00000000	60404.00000000	142293.00000000	0.00000000	0.00000000	0.00000000	1.94023590	0.00000000	0.00000000	0.00000000
500.92400000	192.80582031	0.00000000	0.00000000	0.00000000	500.25996617	1.88372223	0.00000000	1962117.00000000	807755.00000000	52552.00000000	141543.00000000	0.00000000	0.00000000	0.00000000	1.94023590	0.00000000	0.00000000	0.00000000
508.93800000	192.91607616	0.00000000	0.00000000	0.00000000	500.03602527	1.88372223	0.00000000	1957002.00000000	846466.00000000	50595.00000000	141008.00000000	0.00000000	0.00000000	0.00000000	1.94023590	0.00000000	0.00000000	0.00000000
516.98500000	193.00367060	0.00000000	0.00000000	0.00000000	500.50120036	1.88372223	0.00000000	1969239.00000000	796668.00000000	48294.00000000	141798.00000000	0.00000000	0.00000000	0.00000000	1.94023590	0.00000000	0.00000000	0.00000000
524.71900000	193.10187085	0.00000000	0.00000000	0.00000000	500.33230010	1.88372223	0.00000000	1968370.00000000	680995.00000000	44398.00000000	141583.00000000	0.00000000	0.00000000	0.00000000	1.94023590	0.00000000	0.00000000	0.00000000
532.82800000	193.20017110	0.00000000	0.00000000	0.00000000	500.23171924	1.88372223	0.00000000	1971970.00000000	594574.00000000	40399.00000000	141356.00000000	0.00000000	0.00000000	0.00000000	1.94023590	0.00000000	0.00000000	0.00000000
540.67200000	193.30032954	0.00000000	0.00000000	0.00000000	500.11880421	1.88372223	0.00000000	1959856.00000000	549676.00000000	35931.00000000	140521.00000000	0.00000000	0.00000000	0.00000000	1.94023590	0.00000000	0.00000000	0.00000000
548.40700000	193.40235180	0.00000000	0.00000000	0.00000000	500.36503383	1.88372223	0.00000000	1961126.00000000	592788.00000000	34949.00000000	140285.00000000	0.00000000	0.00000000	0.00000000	1.94023590	0.00000000	0.00000000	0.00000000
556.32800000	193.51857719	0.00000000	0.00000000	0.00000000	500.14183771	1.88372223	0.00000000	1967392.00000000	640862.00000000	35463.00000000	140714.00000000	0.00000000	0.00000000	0.00000000	1.94023590	0.00000000	0.00000000	0.00000000
564.57800000	193.61201088	0.00000000	0.00000000	0.00000000	500.42686826	1.88372223	0.00000000	1959404.00000000	614107.00000000	33926.00000000	139989.00000000	0.00000000	0.00000000	0.00000000	1.94023590	0.00000000	0.00000000	0.00000000
572.57900000	193.70730031	0.00000000	0.00000000	0.00000000	500.20171029	1.88372223	0.00000000	1975358.00000000	542664.00000000	30597.00000000	140894.00000000	0.00000000	0.00000000	0.00000000	1.94023590	0.00000000	0.00000000	0.00000000
580.54800000	193.80975275	0.00000000	0.00000000	0.00000000	500.06552560	1.88372223	0.00000000	1971643.00000000	479088.00000000	27019.00000000	140996.00000000	0.00000000	0.00000000	0.00000000	1.94023590	0.00000000	0.00000000	0.00000000
588.68900000	193.90346790	0.00000000	0.00000000	0.00000000	500.09439014	1.88372223	0.00000000	1977638.00000000	458545.00000000	24947.00000000	140925.00000000	0.00000000	0.00000000	0.00000000	1.94023590	0.00000000	0.00000000	0.00000000
596.78300000	194.00612802	0.00000000	0.00000000	0.00000000	500.63664028	1.88372223	0.00000000	1987755.00000000	480028.00000000	24358.00000000	141201.00000000	0.00000000	0.00000000	0.00000000	1.94023590	0.00000000	0.00000000	0.00000000
604.51600000	194.10357861	0.00000000	0.00000000	0.00000000	500.42045593	1.88372223	0.00000000	1988185.00000000	537628.00000000	25645.00000000	141206.00000000	0.00000000	0.00000000	0.00000000	1.94023590	0.00000000	0.00000000	0.00000000
612.26600000	194.20645080	0.00000000	0.00000000	0.00000000	500.19791376	1.88372223	0.00000000	1972436.00000000	584721.00000000	26644.00000000	139833.00000000	0.00000000	0.00000000	0.00000000	1.94023590	0.00000000	0.00000000	0.00000000
619.98600000	194.30410280	0.00000000	0.00000000	0.00000000	500.06939479	1.88372223	0.00000000	1994984.00000000	601734.00000000	27475.00000000	141747.00000000	0.00000000	0.00000000	0.00000000	1.94023590	0.00000000	0.00000000	0.00000000
627.81100000	194.40363124	0.00000000	0.00000000	0.00000000	500.20817711	1.88372223	0.00000000	1989191.00000000	558076.00000000	25707.00000000	141095.00000000	0.00000000	0.00000000	0.00000000	1.94023590	0.00000000	0.00000000	0.00000000
635.74900000	194.50504175	0.00000000	0.00000000	0.00000000	500.19713266	1.88372223	0.00000000	1980902.00000000	493842.00000000	22683.00000000	139970.00000000	0.00000000	0.00000000	0.00000000	1.94023590	0.00000000	0.00000000	0.00000000
643.78200000	194.60655811	0.00000000	0.00000000	0.00000000	500.34114656	1.88372223	0.00000000	2012480.00000000	460759.00000000	21123.00000000	142877.00000000	0.00000000	0.00000000	0.00000000	1.94023590	0.00000000	0.00000000	0.00000000
651.53300000	194.70104565	0.00000000	0.00000000	0.00000000	500.20287287	1.88372223	0.00000000	1985609.00000000	419493.00000000	19290.00000000	139899.00000000	0.00000000	0.00000000	0.00000000	1.94023590	0.00000000	0.00000000	0.00000000
659.34500000	194.80098128	0.00000000	0.00000000	0.00000000	499.98683384	1.88372223	0.00000000	2007176.00000000	402712.00000000	17947.00000000	141991.00000000	0.00000000	0.00000000	0.00000000	1.94023590	0.00000000	0.00000000	0.00000000
667.46900000	194.92246971	0.00000000	0.00000000	0.00000000	500.09876796	1.88372223	0.00000000	2012897.00000000	391463.00000000	17637.00000000	142193.00000000	0.00000000	0.00000000	0.00000000	1.94023590	0.00000000	0.00000000	0.00000000
675.61100000	195.00473902	0.00000000	0.00000000	0.00000000	500.29200963	1.88372223	0.00000000	2006220.00000000	385852.00000000	17069.00000000	141654.00000000	0.00000000	0.00000000	0.00000000	1.94023590	0.00000000	0.00000000	0.00000000
683.53300000	195.10319571	0.00000000	0.00000000	0.00000000	500.22427150	1.88372223	0.00000000	2017180.00000000	384927.00000000	16684.00000000	142090.00000000	0.00000000	0.00000000	0.00000000	1.94023590	0.00000000	0.00000000	0.00000000
691.65500000	195.21788873	0.00000000	0.00000000	0.00000000	500.16726903	1.88372223	0.00000000	2016935.00000000	385143.00000000	16392.00000000	142293.00000000	0.00000000	0.00000000	0.00000000	1.94023590	0.00000000	0.00000000	0.00000000
699.78300000	195.30938132	0.00000000	0.00000000	0.00000000	500.27776809	1.88372223	0.00000000	1998732.00000000	381232.00000000	16130.00000000	140351.00000000	0.00000000	0.00000000	0.00000000	1.94023590	0.00000000	0.00000000	0.00000000
707.92100000	195.40455277	0.00000000	0.00000000	0.00000000	500.04917690	1.88372223	0.00000000	2014467.00000000	385595.00000000	16058.00000000	141470.00000000	0.00000000	0.00000000	0.00000000	1.94023590	0.00000000	0.00000000	0.00000000
716.04700000	195.50341372	0.00000000	0.00000000	0.00000000	500.35329910	1.88372223	0.00000000	2005376.00000000	384700.00000000	16158.00000000	140356.00000000	0.00000000	0.00000000	0.00000000	1.94023590	0.00000000	0.00000000	0.00000000
724.00000000	195.60237476	0.00000000	0.00000000	0.00000000	500.13037545	1.88372223	0.00000000	2015606.00000000	388116.00000000	16113.00000000	140880.00000000	0.00000000	0.00000000	0.00000000	1.94023590	0.00000000	0.00000000	0.00000000
732.01500000	195.71044659	0.00000000	0.00000000	0.00000000	500.47776722	1.88372223	0.00000000	2018437.00000000	391357.00000000	16139.00000000	141702.00000000	0.00000000	0.00000000	0.00000000	1.94023590	0.00000000	0.00000000	0.00000000
739.93800000	195.80240159	0.00000000	0.00000000	0.00000000	500.25022961	1.88372223	0.00000000	2016921.00000000	391998.00000000	16069.00000000	141144.00000000	0.00000000	0.00000000	0.00000000	1.94023590	0.00000000	0.00000000	0.00000000
747.98500000	195.90166564	0.00000000	0.00000000	0.00000000	500.07288252	1.88372223	0.00000000	2010714.00000000	391939.00000000	15910.00000000	140456.00000000	0.00000000	0.00000000	0.00000000	1.94023590	0.00000000	0.00000000	0.00000000
756.22000000	196.00464555	0.00000000	0.00000000	0.00000000	500.51738557	1.88372223	0.00000000	2020801.00000000	394916.00000000	15977.00000000	140920.00000000	0.00000000	0.00000000	0.00000000	1.94023590	0.00000000	0.00000000	0.00000000
764.17200000	196.20006261	0.00000000	0.00000000	0.00000000	499.94628906	1.88372223	0.00000000	2027231.00000000	399933.00000000	16270.00000000	141594.00000000	0.00000000	0.00000000	0.00000000	1.94023590	0.00000000	0.00000000	0.00000000
772.26600000	196.45214585	0.00000000	0.00000000	0.00000000	499.49588231	1.88372223	0.00000000	2015046.00000000	402031.00000000	16373.00000000	140166.00000000	0.00000000	0.00000000	0.00000000	1.94023590	0.00000000	0.00000000	0.00000000
780.34400000	196.70669829	0.00000000	0.00000000	0.00000000	499.80954125	1.88372223	0.00000000	2016951.00000000	411385.00000000	16695.00000000	139839.00000000	0.00000000	0.00000000	0.00000000	1.94023590	0.00000000	0.00000000	0.00000000
788.09300000	196.95278514	0.00000000	0.00000000	0.00000000	499.88414583	1.88372223	0.00000000	2049811.00000000	432690.00000000	17738.00000000	141668.00000000	0.00000000	0.00000000	0.00000000	1.94023590	0.00000000	0.00000000	0.00000000
796.12600000	197.20863755	0.00000000	0.00000000	0.00000000	499.94919550	1.88372223	0.00000000	2046210.00000000	454663.00000000	18737.00000000	140750.00000000	0.00000000	0.00000000	0.00000000	1.94023590	0.00000000	0.00000000	0.00000000
804.23500000	197.45598273	0.00000000	0.00000000	0.00000000	500.00628880	1.88372223	0.00000000	2046320.00000000	495776.00000000	20831.00000000	141064.00000000	0.00000000	0.00000000	0.00000000	1.94023590	0.00000000	0.00000000	0.00000000
812.15700000	197.70211011	0.00000000	0.00000000	0.00000000	499.81809707	1.88372223	0.00000000	2053592.00000000	554172.00000000	23101.00000000	140936.00000000	0.00000000	0.00000000	0.00000000	1.94023590	0.00000000	0.00000000	0.00000000
820.22000000	197.95069554	0.00000000	0.00000000	0.00000000	500.22986639	1.88372223	0.00000000	2053638.00000000	628209.00000000	25897.00000000	140327.00000000	0.00000000	0.00000000	0.00000000	1.94023590	0.00000000	0.00000000	0.00000000
828.23600000	198.20730053	0.00000000	0.00000000	0.00000000	500.21121070	1.88372223	0.00000000	2056759.00000000	728292.00000000	27831.00000000	140290.00000000	0.00000000	0.00000000	0.00000000	1.94023590	0.00000000	0.00000000	0.00000000
836.53300000	198.45530575	0.00000000	0.00000000	0.00000000	500.44668863	1.88372223	0.00000000	2063135.00000000	805994.00000000	28240.00000000	140826.00000000	0.00000000	0.00000000	0.00000000	1.94023590	0.00000000	0.00000000	0.00000000
844.51600000	198.70764798	0.00000000	0.00000000	0.00000000	500.22334508	1.88372223	0.00000000	2058232.00000000	831809.00000000	28413.00000000	139731.00000000	0.00000000	0.00000000	0.00000000	1.94023590	0.00000000	0.00000000	0.00000000
852.64100000	198.96249534	0.00000000	0.00000000	0.00000000	500.15862238	1.88372223	0.00000000	2065303.00000000	840074.00000000	27901.00000000	139959.00000000	0.00000000	0.00000000	0.00000000	1.94023590	0.00000000	0.00000000	0.00000000
860.46900000	199.20305941	0.00000000	0.00000000	0.00000000	500.39873032	1.88372223	0.00000000	2077654.00000000	843774.00000000	27930.00000000	140647.00000000	0.00000000	0.00000000	0.00000000	1.94023590	0.00000000	0.00000000	0.00000000
868.48400000	199.45169268	0.00000000	0.00000000	0.00000000	500.20536150	1.88372223	0.00000000	2069625.00000000	848060.00000000	27981.00000000	139720.00000000	0.00000000	0.00000000	0.00000000	1.94023590	0.00000000	0.00000000	0.00000000
876.31400000	199.70470036	0.00000000	0.00000000	0.00000000	500.00201997	1.88372223	0.00000000	2071355.00000000	868832.00000000	28692.00000000	139409.00000000	0.00000000	0.00000000	0.00000000	1.94023590	0.00000000	0.00000000	0.00000000
884.45200000	199.95270710	0.00000000	0.00000000	0.00000000	499.88474528	1.88372223	0.00000000	2077256.00000000	884193.00000000	29450.00000000	139618.00000000	0.00000000	0.00000000	0.00000000	1.94023590	0.00000000	0.00000000	0.00000000
892.18700000	200.20133061	0.00000000	0.00000000	0.00000000	499.83146667	1.88372223	0.00000000	2101231.00000000	882330.00000000	30072.00000000	140789.00000000	0.00000000	0.00000000	0.00000000	1.94023590	0.00000000	0.00000000	0.00000000
900.40700000	200.45435439	0.00000000	0.00000000	0.00000000	499.72876049	1.88372223	0.00000000	2090804.00000000	845211.00000000	29013.00000000	139573.00000000	0.00000000	0.00000000	0.00000000	1.94023590	0.00000000	0.00000000	0.00000000
908.23500000	200.70043721	0.00000000	0.00000000	0.00000000	499.74705287	1.88372223	0.00000000	2096466.00000000	812818.00000000	28118.00000000	139875.00000000	0.00000000	0.00000000	0.00000000	1.94023590	0.00000000	0.00000000	0.00000000
916.46900000	200.95092492	0.00000000	0.00000000	0.00000000	499.56022353	1.88372223	0.00000000	2083107.00000000	777399.00000000	27162.00000000	138160.00000000	0.00000000	0.00000000	0.00000000	1.94023590	0.00000000	0.00000000	0.00000000
924.18800000	201.20394347	0.00000000	0.00000000	0.00000000	499.60787092	1.88372223	0.00000000	2071179.00000000	745527.00000000	25837.00000000	137041.00000000	0.00000000	0.00000000	0.00000000	1.94023590	0.00000000	0.00000000	0.00000000
932.13900000	201.45187139	0.00000000	0.00000000	0.00000000	499.77782477	1.88372223	0.00000000	2095446.00000000	730888.00000000	25667.00000000	137859.00000000	0.00000000	0.00000000	0.00000000	1.94023590	0.00000000	0.00000000	0.00000000
940.42200000	201.71955493	0.00000000	0.00000000	0.00000000	499.76663499	1.88372223	0.00000000	2109698.00000000	717800.00000000	25244.00000000	138719.00000000	0.00000000	0.00000000	0.00000000	1.94023590	0.00000000	0.00000000	0.00000000
948.64000000	201.95340278	0.00000000	0.00000000	0.00000000	500.16161964	1.88372223	0.00000000	2099301.00000000	700700.00000000	24482.00000000	137788.00000000	0.00000000	0.00000000	0.00000000	1.94023590	0.00000000	0.00000000	0.00000000
956.70500000	202.21472557	0.00000000	0.00000000	0.00000000	499.96941339	1.88372223	0.00000000	2112692.00000000	692923.00000000	24362.00000000	138406.00000000	0.00000000	0.00000000	0.00000000	1.94023590	0.00000000	0.00000000	0.00000000
964.70300000	202.45165210	0.00000000	0.00000000	0.00000000	499.82578096	1.88372223	0.00000000	2098466.00000000	678783.00000000	23311.00000000	136705.00000000	0.00000000	0.00000000	0.00000000	1.94023590	0.00000000	0.00000000	0.00000000
972.62700000	202.70459980	0.00000000	0.00000000	0.00000000	500.00452677	1.88372223	0.00000000	2106649.00000000	675125.00000000	23795.00000000	136775.00000000	0.00000000	0.00000000	0.00000000	1.94023590	0.00000000	0.00000000	0.00000000
980.65600000	202.96399503	0.00000000	0.00000000	0.00000000	499.85893250	1.88372223	0.00000000	2104742.00000000	671885.00000000	23589.00000000	136704.00000000	0.00000000	0.00000000	0.00000000	1.94023590	0.00000000	0.00000000	0.00000000
988.30000000	203.20462455	0.00000000	0.00000000	0.00000000	500.15511649	1.88372223	0.00000000	2129204.00000000	680525.00000000	23502.00000000	138413.00000000	0.00000000	0.00000000	0.00000000	1.94023590	0.00000000	0.00000000	0.00000000
995.92200000	203.45361554	0.00000000	0.00000000	0.00000000	500.10881333	1.88372223	0.00000000	2110619.00000000	674106.00000000	23128.00000000	136160.00000000	0.00000000	0.00000000	0.00000000	1.94023590	0.00000000	0.00000000	0.00000000
1003.48600000	203.69931276	0.00000000	0.00000000	0.00000000	500.59231713	1.88372223	0.00000000	2131995.00000000	684052.00000000	23613.00000000	137384.00000000	0.00000000	0.00000000	0.00000000	1.94023590	0.00000000	0.00000000	0.00000000
1011.31200000	203.95147549	0.00000000	0.00000000	0.00000000	500.37556966	1.88372223	0.00000000	2144497.00000000	692747.00000000	24130.00000000	138111.00000000	0.00000000	0.00000000	0.00000000	1.94023590	0.00000000	0.00000000	0.00000000
1019.32800000	204.20230132	0.00000000	0.00000000	0.00000000	500.14679682	1.88372223	0.00000000	2129725.00000000	691575.00000000	24074.00000000	136641.00000000	0.00000000	0.00000000	0.00000000	1.94023590	0.00000000	0.00000000	0.00000000
1027.45300000	204.45177809	0.00000000	0.00000000	0.00000000	500.59106373	1.88372223	0.00000000	2121001.00000000	690323.00000000	24248.00000000	135330.00000000	0.00000000	0.00000000	0.00000000	1.94023590	0.00000000	0.00000000	0.00000000
1035.70300000	204.72158310	0.00000000	0.00000000	0.00000000	500.45664106	1.88372223	0.00000000	2136905.00000000	697990.00000000	24460.00000000	136387.00000000	0.00000000	0.00000000	0.00000000	1.94023590	0.00000000	0.00000000	0.00000000
1043.79700000	204.95058851	0.00000000	0.00000000	0.00000000	500.23044768	1.88372223	0.00000000	2146151.00000000	699440.00000000	24541.00000000	136410.00000000	0.00000000	0.00000000	0.00000000	1.94023590	0.00000000	0.00000000	0.00000000
1051.54800000	205.20189822	0.00000000	0.00000000	0.00000000	500.08492606	1.88372223	0.00000000	2139541.00000000	695755.00000000	24639.00000000	135899.00000000	0.00000000	0.00000000	0.00000000	1.94023590	0.00000000	0.00000000	0.00000000
1059.66100000	205.45978354	0.00000000	0.00000000	0.00000000	500.44806707	1.88372223	0.00000000	2136421.00000000	689778.00000000	24394.00000000	135330.00000000	0.00000000	0.00000000	0.00000000	1.94023590	0.00000000	0.00000000	0.00000000
1067.59400000	205.70039839	0.00000000	0.00000000	0.00000000	500.22140140	1.88372223	0.00000000	2136129.00000000	684113.00000000	24080.00000000	134938.00000000	0.00000000	0.00000000	0.00000000	1.94023590	0.00000000	0.00000000	0.00000000
1075.43900000	205.95155575	0.00000000	0.00000000	0.00000000	500.21210080	1.88372223	0.00000000	2140570.00000000	678381.00000000	24274.00000000	134503.00000000	0.00000000	0.00000000	0.00000000	1.94023590	0.00000000	0.00000000	0.00000000
1083.15800000	206.20332720	0.00000000	0.00000000	0.00000000	500.65438770	1.88372223	0.00000000	2146236.00000000	674705.00000000	24101.00000000	134826.00000000	0.00000000	0.00000000	0.00000000	1.94023590	0.00000000	0.00000000	0.00000000
1091.10800000	206.45170403	0.00000000	0.00000000	0.00000000	500.43226333	1.88372223	0.00000000	2146440.00000000	670592.00000000	24140.00000000	134596.00000000	0.00000000	0.00000000	0.00000000	1.94023590	0.00000000	0.00000000	0.00000000
1098.75000000	206.70067995	0.00000000	0.00000000	0.00000000	500.23578825	1.88372223	0.00000000	2143498.00000000	665193.00000000	24714.00000000	133948.00000000	0.00000000	0.00000000	0.00000000	1.94023590	0.00000000	0.00000000	0.00000000
1106.48500000	206.95025715	0.00000000	0.00000000	0.00000000	500.02111162	1.88372223	0.00000000	2155579.00000000	665893.00000000	24149.00000000	134551.00000000	0.00000000	0.00000000	0.00000000	1.94023590	0.00000000	0.00000000	0.00000000
1114.70300000	207.19841779	0.00000000	0.00000000	0.00000000	499.79855129	1.88372223	0.00000000	2155048.00000000	662931.00000000	24241.00000000	134074.00000000	0.00000000	0.00000000	0.00000000	1.94023590	0.00000000	0.00000000	0.00000000
1122.67200000	207.50388532	0.00000000	0.00000000	0.00000000	499.63633583	1.88372223	0.00000000	2161633.00000000	662161.00000000	24080.00000000	134271.00000000	0.00000000	0.00000000	0.00000000	1.94023590	0.00000000	0.00000000	0.00000000
1130.85900000	208.01364714	0.00000000	0.00000000	0.00000000	499.42792620	1.88372223	0.00000000	2148849.00000000	650508.00000000	23662.00000000	132459.00000000	0.00000000	0.00000000	0.00000000	1.94023590	0.00000000	0.00000000	0.00000000
1138.73600000	208.49932583	0.00000000	0.00000000	0.00000000	499.45728120	1.88372223	0.00000000	2139564.00000000	638428.00000000	23396.00000000	131005.00000000	0.00000000	0.00000000	0.00000000	1.94023590	0.00000000	0.00000000	0.00000000
1146.64100000	209.00371932	0.00000000	0.00000000	0.00000000	499.36640058	1.88372223	0.00000000	2156720.00000000	634806.00000000	23315.00000000	132139.00000000	0.00000000	0.00000000	0.00000000	1.94023590	0.00000000	0.00000000	0.00000000
1154.57800000	209.49816807	0.00000000	0.00000000	0.00000000	499.44436573	1.88372223	0.00000000	2139398.00000000	617879.00000000	22987.00000000	129897.00000000	0.00000000	0.00000000	0.00000000	1.94023590	0.00000000	0.00000000	0.00000000
1162.61000000	210.01156232	0.00000000	0.00000000	0.00000000	499.69982329	1.88372223	0.00000000	2150881.00000000	610049.00000000	22987.00000000	129984.00000000	0.00000000	0.00000000	0.00000000	1.94023590	0.00000000	0.00000000	0.00000000
1170.86000000	210.51496733	0.00000000	0.00000000	0.00000000	499.55895197	1.88372223	0.00000000	2147268.00000000	599363.00000000	22343.00000000	128917.00000000	0.00000000	0.00000000	0.00000000	1.94023590	0.00000000	0.00000000	0.00000000
1178.96900000	211.00193643	0.00000000	0.00000000	0.00000000	499.76865133	1.88372223	0.00000000	2127026.00000000	584786.00000000	21916.00000000	126752.00000000	0.00000000	0.00000000	0.00000000	1.94023590	0.00000000	0.00000000	0.00000000
1186.90600000	211.50379190	0.00000000	0.00000000	0.00000000	499.55837068	1.88372223	0.00000000	2124246.00000000	579243.00000000	21431.00000000	126493.00000000	0.00000000	0.00000000	0.00000000	1.94023590	0.00000000	0.00000000	0.00000000
1194.53100000	212.00804043	0.00000000	0.00000000	0.00000000	499.36327616	1.88372223	0.00000000	2140575.00000000	578601.00000000	21295.00000000	126773.00000000	0.00000000	0.00000000	0.00000000	1.94023590	0.00000000	0.00000000	0.00000000
1202.36000000	212.50195008	0.00000000	0.00000000	0.00000000	499.15657407	1.88372223	0.00000000	2114079.00000000	566805.00000000	20874.00000000	123815.00000000	0.00000000	0.00000000	0.00000000	1.94023590	0.00000000	0.00000000	0.00000000
1210.57800000	213.01951521	0.00000000	0.00000000	0.00000000	498.92513093	1.88372223	0.00000000	2111564.00000000	567753.00000000	20748.00000000	123596.00000000	0.00000000	0.00000000	0.00000000	1.94023590	0.00000000	0.00000000	0.00000000
1218.31300000	213.50528488	0.00000000	0.00000000	0.00000000	498.81599426	1.88372223	0.00000000	2117448.00000000	570546.00000000	20688.00000000	122664.00000000	0.00000000	0.00000000	0.00000000	1.94023590	0.00000000	0.00000000	0.00000000
1226.04700000	214.00404901	0.00000000	0.00000000	0.00000000	498.65657625	1.88372223	0.00000000	2121968.00000000	578614.00000000	20882.00000000	122701.00000000	0.00000000	0.00000000	0.00000000	1.94023590	0.00000000	0.00000000	0.00000000
1234.26600000	214.49865428	0.00000000	0.00000000	0.00000000	498.46393404	1.88372223	0.00000000	2113093.00000000	583767.00000000	21028.00000000	121167.00000000	0.00000000	0.00000000	0.00000000	1.94023590	0.00000000	0.00000000	0.00000000
1242.20300000	215.00425108	0.00000000	0.00000000	0.00000000	498.62218948	1.88372223	0.00000000	2115180.00000000	595175.00000000	21217.00000000	120496.00000000	0.00000000	0.00000000	0.00000000	1.94023590	0.00000000	0.00000000	0.00000000
1250.15500000	215.50568127	0.00000000	0.00000000	0.00000000	498.40013777	1.88372223	0.00000000	2090254.00000000	600121.00000000	21427.00000000	118231.00000000	0.00000000	0.00000000	0.00000000	1.94023590	0.00000000	0.00000000	0.00000000
1257.98600000	216.00726046	0.00000000	0.00000000	0.00000000	498.45955622	1.88372223	0.00000000	2087659.00000000	610988.00000000	21730.00000000	117434.00000000	0.00000000	0.00000000	0.00000000	1.94023590	0.00000000	0.00000000	0.00000000
1266.11000000	216.50015228	0.00000000	0.00000000	0.00000000	498.62126305	1.88372223	0.00000000	2084717.00000000	618717.00000000	22133.00000000	116916.00000000	0.00000000	0.00000000	0.00000000	1.94023590	0.00000000	0.00000000	0.00000000
1273.82800000	217.00416123	0.00000000	0.00000000	0.00000000	498.53049142	1.88372223	0.00000000	2082041.00000000	619518.00000000	22193.00000000	115971.00000000	0.00000000	0.00000000	0.00000000	1.94023590	0.00000000	0.00000000	0.00000000
1281.73500000	217.50607036	0.00000000	0.00000000	0.00000000	498.25027466	1.88372223	0.00000000	2063008.00000000	607307.00000000	22086.00000000	113851.00000000	0.00000000	0.00000000	0.00000000	1.94023590	0.00000000	0.00000000	0.00000000
1289.78100000	218.00136184	0.00000000	0.00000000	0.00000000	498.05250985	1.88372223	0.00000000	2060939.00000000	594395.00000000	22203.00000000	112719.00000000	0.00000000	0.00000000	0.00000000	1.94023590	0.00000000	0.00000000	0.00000000
1297.70400000	218.50116063	0.00000000	0.00000000	0.00000000	497.97523499	1.88372223	0.00000000	2065511.00000000	579249.00000000	21894.00000000	112608.00000000	0.00000000	0.00000000	0.00000000	1.94023590	0.00000000	0.00000000	0.00000000
1305.54700000	219.00325650	0.00000000	0.00000000	0.00000000	497.91810535	1.88372223	0.00000000	2058358.00000000	556510.00000000	21301.00000000	111755.00000000	0.00000000	0.00000000	0.00000000	1.94023590	0.00000000	0.00000000	0.00000000
1313.28100000	219.50539822	0.00000000	0.00000000	0.00000000	497.76882353	1.88372223	0.00000000	2038185.00000000	527224.00000000	20721.00000000	109518.00000000	0.00000000	0.00000000	0.00000000	1.94023590	0.00000000	0.00000000	0.00000000
1321.34400000	219.99846100	0.00000000	0.00000000	0.00000000	497.73814247	1.88372223	0.00000000	2045454.00000000	509393.00000000	20202.00000000	109551.00000000	0.00000000	0.00000000	0.00000000	1.94023590	0.00000000	0.00000000	0.00000000
1329.48400000	220.50518227	0.00000000	0.00000000	0.00000000	497.63881502	1.88372223	0.00000000	2046708.00000000	489097.00000000	19809.00000000	108591.00000000	0.00000000	0.00000000	0.00000000	1.94023590	0.00000000	0.00000000	0.00000000
1337.32700000	221.00275207	0.00000000	0.00000000	0.00000000	497.88698832	1.88372223	0.00000000	2038960.00000000	472101.00000000	18862.00000000	107654.00000000	0.00000000	0.00000000	0.00000000	1.94023590	0.00000000	0.00000000	0.00000000
1345.04800000	221.50026408	0.00000000	0.00000000	0.00000000	497.91759673	1.88372223	0.00000000	2035614.00000000	457550.00000000	18549.00000000	106695.00000000	0.00000000	0.00000000	0.00000000	1.94023590	0.00000000	0.00000000	0.00000000
1352.89200000	222.00002119	0.00000000	0.00000000	0.00000000	497.69957769	1.88372223	0.00000000	2026449.00000000	444659.00000000	17848.00000000	105773.00000000	0.00000000	0.00000000	0.00000000	1.94023590	0.00000000	0.00000000	0.00000000
1360.81300000	222.50203864	0.00000000	0.00000000	0.00000000	498.28945705	1.88372223	0.00000000	2029458.00000000	435115.00000000	17324.00000000	104933.00000000	0.00000000	0.00000000	0.00000000	1.94023590	0.00000000	0.00000000	0.00000000
1368.73400000	223.00165192	0.00000000	0.00000000	0.00000000	498.07716006	1.88372223	0.00000000	2020696.00000000	426388.00000000	17382.00000000	104033.00000000	0.00000000	0.00000000	0.00000000	1.94023590	0.00000000	0.00000000	0.00000000
1376.48600000	223.50351404	0.00000000	0.00000000	0.00000000	497.92958577	1.88372223	0.00000000	2023637.00000000	420796.00000000	16607.00000000	103544.00000000	0.00000000	0.00000000	0.00000000	1.94023590	0.00000000	0.00000000	0.00000000
1384.70300000	224.00291824	0.00000000	0.00000000	0.00000000	497.74021330	1.88372223	0.00000000	2010807.00000000	412506.00000000	16419.00000000	102003.00000000	0.00000000	0.00000000	0.00000000	1.94023590	0.00000000	0.00000000	0.00000000
1392.92200000	224.51404582	0.00000000	0.00000000	0.00000000	497.51289368	1.88372223	0.00000000	1996190.00000000	406032.00000000	16310.00000000	100766.00000000	0.00000000	0.00000000	0.00000000	1.94023590	0.00000000	0.00000000	0.00000000
1400.67300000	225.00607011	0.00000000	0.00000000	0.00000000	497.48526437	1.88372223	0.00000000	1987547.00000000	400105.00000000	15847.00000000	99290.00000000	0.00000000	0.00000000	0.00000000	1.94023590	0.00000000	0.00000000	0.00000000
