Date: 3/29/2024

From File
Mono Energy
C:\Beamline Controls\BCS Setup Data\Scan Files\LLNL Scan Setup\B1s_20240329.txt
: 290.00000000
: 320.00000000
: 0.05000000
Delay After Move (s): 0.00000000
Count Time (s): 1.00000000
Scan Number: 1
Bi-directional: No
Stay at End: 0
Description Length: 0

Time (s)	Mono Energy	Undulator Gap	Mono Energy	Mono Energy Goal	Beam Current	Storage Ring Energy	Gate	Counter 0	Counter 1	Counter 2	Counter 3	Counter 4	Counter 5	Counter 6	User Ring Energy	M1 AI Correlation Size	M1 AI Correlation Waveform	LabVIEW Memory
1501.90400000	180.00351431	0.00000000	0.00000000	0.00000000	498.78998166	1.88372223	0.00000000	1697738.00000000	129683.00000000	219984.00000000	138554.00000000	0.00000000	0.00000000	0.00000000	1.94088914	0.00000000	0.00000000	0.00000000
7.95200000	180.50188203	0.00000000	0.00000000	0.00000000	499.00004432	1.88372223	0.00000000	1715601.00000000	130026.00000000	223721.00000000	138478.00000000	0.00000000	0.00000000	0.00000000	1.94088914	0.00000000	0.00000000	0.00000000
16.06400000	180.99839282	0.00000000	0.00000000	0.00000000	499.01908148	1.88372223	0.00000000	1734072.00000000	130816.00000000	228706.00000000	139489.00000000	0.00000000	0.00000000	0.00000000	1.94088914	0.00000000	0.00000000	0.00000000
23.79700000	181.50384274	0.00000000	0.00000000	0.00000000	498.92765590	1.88372223	0.00000000	1735400.00000000	130074.00000000	232059.00000000	138349.00000000	0.00000000	0.00000000	0.00000000	1.94088914	0.00000000	0.00000000	0.00000000
31.64200000	182.00744765	0.00000000	0.00000000	0.00000000	499.12402198	1.88372223	0.00000000	1750124.00000000	130100.00000000	236992.00000000	138426.00000000	0.00000000	0.00000000	0.00000000	1.94088914	0.00000000	0.00000000	0.00000000
39.64200000	182.50601877	0.00000000	0.00000000	0.00000000	498.91385033	1.88372223	0.00000000	1754874.00000000	129605.00000000	242313.00000000	138031.00000000	0.00000000	0.00000000	0.00000000	1.94088914	0.00000000	0.00000000	0.00000000
47.26600000	183.00102592	0.00000000	0.00000000	0.00000000	499.27811759	1.88372223	0.00000000	1768172.00000000	129899.00000000	248912.00000000	138689.00000000	0.00000000	0.00000000	0.00000000	1.94088914	0.00000000	0.00000000	0.00000000
55.42200000	183.50347872	0.00000000	0.00000000	0.00000000	499.08507574	1.88372223	0.00000000	1780659.00000000	129555.00000000	256775.00000000	138150.00000000	0.00000000	0.00000000	0.00000000	1.94088914	0.00000000	0.00000000	0.00000000
63.32900000	184.00232611	0.00000000	0.00000000	0.00000000	498.88843718	1.88372223	0.00000000	1797510.00000000	129851.00000000	265301.00000000	139061.00000000	0.00000000	0.00000000	0.00000000	1.94088914	0.00000000	0.00000000	0.00000000
71.57900000	184.50549495	0.00000000	0.00000000	0.00000000	498.69090852	1.88372223	0.00000000	1806024.00000000	129482.00000000	275988.00000000	139058.00000000	0.00000000	0.00000000	0.00000000	1.94088914	0.00000000	0.00000000	0.00000000
79.40800000	185.00176072	0.00000000	0.00000000	0.00000000	498.50469680	1.88372223	0.00000000	1820067.00000000	129456.00000000	289883.00000000	139373.00000000	0.00000000	0.00000000	0.00000000	1.94088914	0.00000000	0.00000000	0.00000000
87.54700000	185.21295848	0.00000000	0.00000000	0.00000000	498.39641389	1.88372223	0.00000000	1822117.00000000	129275.00000000	294183.00000000	139104.00000000	0.00000000	0.00000000	0.00000000	1.94088914	0.00000000	0.00000000	0.00000000
95.48500000	185.40361092	0.00000000	0.00000000	0.00000000	498.27332633	1.88372223	0.00000000	1829702.00000000	129522.00000000	301555.00000000	139501.00000000	0.00000000	0.00000000	0.00000000	1.94088914	0.00000000	0.00000000	0.00000000
103.42200000	185.60113930	0.00000000	0.00000000	0.00000000	498.10331799	1.88372223	0.00000000	1832783.00000000	129488.00000000	307967.00000000	139466.00000000	0.00000000	0.00000000	0.00000000	1.94088914	0.00000000	0.00000000	0.00000000
111.23500000	185.79908905	0.00000000	0.00000000	0.00000000	498.31347148	1.88372223	0.00000000	1840127.00000000	129828.00000000	315838.00000000	139992.00000000	0.00000000	0.00000000	0.00000000	1.94088914	0.00000000	0.00000000	0.00000000
119.18800000	185.99908927	0.00000000	0.00000000	0.00000000	498.18300883	1.88372223	0.00000000	1831578.00000000	128430.00000000	321299.00000000	138203.00000000	0.00000000	0.00000000	0.00000000	1.94088914	0.00000000	0.00000000	0.00000000
127.27100000	186.20115183	0.00000000	0.00000000	0.00000000	498.29685030	1.88372223	0.00000000	1845472.00000000	129272.00000000	333088.00000000	139444.00000000	0.00000000	0.00000000	0.00000000	1.94088914	0.00000000	0.00000000	0.00000000
135.47000000	186.40365392	0.00000000	0.00000000	0.00000000	498.41150920	1.88372223	0.00000000	1852587.00000000	129282.00000000	342451.00000000	139392.00000000	0.00000000	0.00000000	0.00000000	1.94088914	0.00000000	0.00000000	0.00000000
143.29900000	186.60004353	0.00000000	0.00000000	0.00000000	498.27421642	1.88372223	0.00000000	1851779.00000000	128944.00000000	353813.00000000	139102.00000000	0.00000000	0.00000000	0.00000000	1.94088914	0.00000000	0.00000000	0.00000000
151.40800000	186.80177283	0.00000000	0.00000000	0.00000000	497.95203799	1.88372223	0.00000000	1869496.00000000	130094.00000000	368345.00000000	140752.00000000	0.00000000	0.00000000	0.00000000	1.94088914	0.00000000	0.00000000	0.00000000
159.26700000	187.00393879	0.00000000	0.00000000	0.00000000	497.93185643	1.88372223	0.00000000	1860253.00000000	128839.00000000	383278.00000000	139115.00000000	0.00000000	0.00000000	0.00000000	1.94088914	0.00000000	0.00000000	0.00000000
167.28300000	187.19994719	0.00000000	0.00000000	0.00000000	498.13597906	1.88372223	0.00000000	1864537.00000000	128942.00000000	403215.00000000	139461.00000000	0.00000000	0.00000000	0.00000000	1.94088914	0.00000000	0.00000000	0.00000000
175.11000000	187.40297643	0.00000000	0.00000000	0.00000000	498.46480597	1.88372223	0.00000000	1866985.00000000	127994.00000000	427625.00000000	138623.00000000	0.00000000	0.00000000	0.00000000	1.94088914	0.00000000	0.00000000	0.00000000
183.03300000	187.60147862	0.00000000	0.00000000	0.00000000	498.25299944	1.88372223	0.00000000	1875169.00000000	127647.00000000	462891.00000000	139619.00000000	0.00000000	0.00000000	0.00000000	1.94088914	0.00000000	0.00000000	0.00000000
190.78200000	187.80040180	0.00000000	0.00000000	0.00000000	498.59018235	1.88372223	0.00000000	1891613.00000000	126928.00000000	498949.00000000	140324.00000000	0.00000000	0.00000000	0.00000000	1.94088914	0.00000000	0.00000000	0.00000000
198.70500000	188.00307331	0.00000000	0.00000000	0.00000000	498.68533180	1.88372223	0.00000000	1887980.00000000	125372.00000000	532789.00000000	140103.00000000	0.00000000	0.00000000	0.00000000	1.94088914	0.00000000	0.00000000	0.00000000
206.33000000	188.20118300	0.00000000	0.00000000	0.00000000	498.69808379	1.88372223	0.00000000	1908841.00000000	125737.00000000	564796.00000000	141423.00000000	0.00000000	0.00000000	0.00000000	1.94088914	0.00000000	0.00000000	0.00000000
214.17400000	188.40138074	0.00000000	0.00000000	0.00000000	498.93739246	1.88372223	0.00000000	1912184.00000000	125145.00000000	591130.00000000	141476.00000000	0.00000000	0.00000000	0.00000000	1.94088914	0.00000000	0.00000000	0.00000000
221.98500000	188.60033125	0.00000000	0.00000000	0.00000000	498.72200739	1.88372223	0.00000000	1913652.00000000	125331.00000000	611579.00000000	141331.00000000	0.00000000	0.00000000	0.00000000	1.94088914	0.00000000	0.00000000	0.00000000
230.14200000	188.79802525	0.00000000	0.00000000	0.00000000	499.04018947	1.88372223	0.00000000	1918700.00000000	126084.00000000	629035.00000000	141377.00000000	0.00000000	0.00000000	0.00000000	1.94088914	0.00000000	0.00000000	0.00000000
237.86000000	189.00117625	0.00000000	0.00000000	0.00000000	498.84840102	1.88372223	0.00000000	1916371.00000000	127154.00000000	644275.00000000	141042.00000000	0.00000000	0.00000000	0.00000000	1.94088914	0.00000000	0.00000000	0.00000000
246.07900000	189.21150263	0.00000000	0.00000000	0.00000000	498.64398775	1.88372223	0.00000000	1922724.00000000	130107.00000000	656868.00000000	140871.00000000	0.00000000	0.00000000	0.00000000	1.94088914	0.00000000	0.00000000	0.00000000
254.12500000	189.41216877	0.00000000	0.00000000	0.00000000	498.99582999	1.88372223	0.00000000	1926669.00000000	134379.00000000	664520.00000000	140811.00000000	0.00000000	0.00000000	0.00000000	1.94088914	0.00000000	0.00000000	0.00000000
262.14100000	189.59972883	0.00000000	0.00000000	0.00000000	498.82823762	1.88372223	0.00000000	1939055.00000000	140260.00000000	669385.00000000	141891.00000000	0.00000000	0.00000000	0.00000000	1.94088914	0.00000000	0.00000000	0.00000000
270.18700000	189.80121975	0.00000000	0.00000000	0.00000000	499.08641997	1.88372223	0.00000000	1945546.00000000	146048.00000000	673175.00000000	141324.00000000	0.00000000	0.00000000	0.00000000	1.94088914	0.00000000	0.00000000	0.00000000
278.40700000	190.00483803	0.00000000	0.00000000	0.00000000	499.27918934	1.88372223	0.00000000	1943120.00000000	153982.00000000	674643.00000000	141370.00000000	0.00000000	0.00000000	0.00000000	1.94088914	0.00000000	0.00000000	0.00000000
286.53300000	190.09830917	0.00000000	0.00000000	0.00000000	499.23050653	1.88372223	0.00000000	1957058.00000000	158539.00000000	677477.00000000	142045.00000000	0.00000000	0.00000000	0.00000000	1.94088914	0.00000000	0.00000000	0.00000000
294.46900000	190.20208477	0.00000000	0.00000000	0.00000000	499.51048715	1.88372223	0.00000000	1945509.00000000	162619.00000000	677137.00000000	140863.00000000	0.00000000	0.00000000	0.00000000	1.94088914	0.00000000	0.00000000	0.00000000
302.59400000	190.30426974	0.00000000	0.00000000	0.00000000	499.37459310	1.88372223	0.00000000	1947673.00000000	168362.00000000	678552.00000000	140962.00000000	0.00000000	0.00000000	0.00000000	1.94088914	0.00000000	0.00000000	0.00000000
310.81500000	190.40485875	0.00000000	0.00000000	0.00000000	499.38405718	1.88372223	0.00000000	1946932.00000000	173417.00000000	680665.00000000	140770.00000000	0.00000000	0.00000000	0.00000000	1.94088914	0.00000000	0.00000000	0.00000000
318.62700000	190.50213901	0.00000000	0.00000000	0.00000000	499.97526260	1.88372223	0.00000000	1958087.00000000	179897.00000000	681980.00000000	141220.00000000	0.00000000	0.00000000	0.00000000	1.94088914	0.00000000	0.00000000	0.00000000
326.56400000	190.60293737	0.00000000	0.00000000	0.00000000	499.76147606	1.88372223	0.00000000	1950432.00000000	186743.00000000	682586.00000000	140767.00000000	0.00000000	0.00000000	0.00000000	1.94088914	0.00000000	0.00000000	0.00000000
334.59600000	190.70726484	0.00000000	0.00000000	0.00000000	499.62409247	1.88372223	0.00000000	1962396.00000000	194993.00000000	684696.00000000	141360.00000000	0.00000000	0.00000000	0.00000000	1.94088914	0.00000000	0.00000000	0.00000000
342.11100000	190.80142856	0.00000000	0.00000000	0.00000000	499.56372942	1.88372223	0.00000000	1964734.00000000	201915.00000000	684876.00000000	141314.00000000	0.00000000	0.00000000	0.00000000	1.94088914	0.00000000	0.00000000	0.00000000
350.15700000	190.90254399	0.00000000	0.00000000	0.00000000	499.75727990	1.88372223	0.00000000	1968942.00000000	210220.00000000	688263.00000000	141744.00000000	0.00000000	0.00000000	0.00000000	1.94088914	0.00000000	0.00000000	0.00000000
358.09500000	191.00205012	0.00000000	0.00000000	0.00000000	499.96823265	1.88372223	0.00000000	1957472.00000000	217355.00000000	684366.00000000	140701.00000000	0.00000000	0.00000000	0.00000000	1.94088914	0.00000000	0.00000000	0.00000000
365.81500000	191.10337837	0.00000000	0.00000000	0.00000000	499.75871495	1.88372223	0.00000000	1964695.00000000	225304.00000000	688694.00000000	140886.00000000	0.00000000	0.00000000	0.00000000	1.94088914	0.00000000	0.00000000	0.00000000
373.93900000	191.20137392	0.00000000	0.00000000	0.00000000	500.21389916	1.88372223	0.00000000	1982640.00000000	234344.00000000	692330.00000000	142130.00000000	0.00000000	0.00000000	0.00000000	1.94088914	0.00000000	0.00000000	0.00000000
381.67300000	191.30291383	0.00000000	0.00000000	0.00000000	500.15035720	1.88372223	0.00000000	1978030.00000000	242261.00000000	691641.00000000	141640.00000000	0.00000000	0.00000000	0.00000000	1.94088914	0.00000000	0.00000000	0.00000000
389.50100000	191.40283791	0.00000000	0.00000000	0.00000000	500.40356227	1.88372223	0.00000000	1973227.00000000	249095.00000000	692845.00000000	140970.00000000	0.00000000	0.00000000	0.00000000	1.94088914	0.00000000	0.00000000	0.00000000
397.53200000	191.51494591	0.00000000	0.00000000	0.00000000	500.18908546	1.88372223	0.00000000	1975081.00000000	255111.00000000	690824.00000000	140887.00000000	0.00000000	0.00000000	0.00000000	1.94088914	0.00000000	0.00000000	0.00000000
405.37600000	191.59954495	0.00000000	0.00000000	0.00000000	500.17971220	1.88372223	0.00000000	1986180.00000000	260805.00000000	689651.00000000	142298.00000000	0.00000000	0.00000000	0.00000000	1.94088914	0.00000000	0.00000000	0.00000000
413.40800000	191.70323747	0.00000000	0.00000000	0.00000000	500.33518837	1.88372223	0.00000000	1985980.00000000	264358.00000000	688167.00000000	141609.00000000	0.00000000	0.00000000	0.00000000	1.94088914	0.00000000	0.00000000	0.00000000
421.53200000	191.80011847	0.00000000	0.00000000	0.00000000	500.11727833	1.88372223	0.00000000	1991055.00000000	268492.00000000	686734.00000000	141658.00000000	0.00000000	0.00000000	0.00000000	1.94088914	0.00000000	0.00000000	0.00000000
429.57900000	191.90749387	0.00000000	0.00000000	0.00000000	500.62296186	1.88372223	0.00000000	1981994.00000000	271980.00000000	684863.00000000	140552.00000000	0.00000000	0.00000000	0.00000000	1.94088914	0.00000000	0.00000000	0.00000000
437.62600000	192.00284693	0.00000000	0.00000000	0.00000000	500.47527858	1.88372223	0.00000000	1986111.00000000	277951.00000000	687529.00000000	141065.00000000	0.00000000	0.00000000	0.00000000	1.94088914	0.00000000	0.00000000	0.00000000
445.45400000	192.10350376	0.00000000	0.00000000	0.00000000	500.30799502	1.88372223	0.00000000	1994647.00000000	282886.00000000	689517.00000000	141216.00000000	0.00000000	0.00000000	0.00000000	1.94088914	0.00000000	0.00000000	0.00000000
453.26800000	192.20426620	0.00000000	0.00000000	0.00000000	500.10409037	1.88372223	0.00000000	1995139.00000000	286654.00000000	688055.00000000	141994.00000000	0.00000000	0.00000000	0.00000000	1.94088914	0.00000000	0.00000000	0.00000000
461.51800000	192.30687444	0.00000000	0.00000000	0.00000000	500.19344511	1.88372223	0.00000000	1992385.00000000	285216.00000000	683811.00000000	140956.00000000	0.00000000	0.00000000	0.00000000	1.94088914	0.00000000	0.00000000	0.00000000
469.43900000	192.40785040	0.00000000	0.00000000	0.00000000	499.98330979	1.88372223	0.00000000	1987302.00000000	282965.00000000	683050.00000000	140490.00000000	0.00000000	0.00000000	0.00000000	1.94088914	0.00000000	0.00000000	0.00000000
477.25000000	192.50195788	0.00000000	0.00000000	0.00000000	500.32628741	1.88372223	0.00000000	1998677.00000000	285286.00000000	684401.00000000	141336.00000000	0.00000000	0.00000000	0.00000000	1.94088914	0.00000000	0.00000000	0.00000000
485.03200000	192.60313888	0.00000000	0.00000000	0.00000000	500.11874971	1.88372223	0.00000000	1999807.00000000	288281.00000000	684366.00000000	141243.00000000	0.00000000	0.00000000	0.00000000	1.94088914	0.00000000	0.00000000	0.00000000
492.62700000	192.70267906	0.00000000	0.00000000	0.00000000	500.28014773	1.88372223	0.00000000	1997320.00000000	292251.00000000	682712.00000000	140716.00000000	0.00000000	0.00000000	0.00000000	1.94088914	0.00000000	0.00000000	0.00000000
500.46800000	192.80407123	0.00000000	0.00000000	0.00000000	500.07702419	1.88372223	0.00000000	2006156.00000000	297533.00000000	685325.00000000	141631.00000000	0.00000000	0.00000000	0.00000000	1.94088914	0.00000000	0.00000000	0.00000000
508.61100000	192.91432508	0.00000000	0.00000000	0.00000000	500.27166457	1.88372223	0.00000000	2016520.00000000	301828.00000000	686686.00000000	142117.00000000	0.00000000	0.00000000	0.00000000	1.94088914	0.00000000	0.00000000	0.00000000
516.93900000	193.00542330	0.00000000	0.00000000	0.00000000	500.04995800	1.88372223	0.00000000	2009626.00000000	303543.00000000	685804.00000000	141480.00000000	0.00000000	0.00000000	0.00000000	1.94088914	0.00000000	0.00000000	0.00000000
524.78200000	193.10362534	0.00000000	0.00000000	0.00000000	500.30706860	1.88372223	0.00000000	2008903.00000000	306008.00000000	685364.00000000	141022.00000000	0.00000000	0.00000000	0.00000000	1.94088914	0.00000000	0.00000000	0.00000000
532.37700000	193.20719637	0.00000000	0.00000000	0.00000000	500.10557992	1.88372223	0.00000000	2017468.00000000	311780.00000000	688324.00000000	141803.00000000	0.00000000	0.00000000	0.00000000	1.94088914	0.00000000	0.00000000	0.00000000
540.40700000	193.30736210	0.00000000	0.00000000	0.00000000	500.46417963	1.88372223	0.00000000	2022280.00000000	319829.00000000	688926.00000000	142018.00000000	0.00000000	0.00000000	0.00000000	1.94088914	0.00000000	0.00000000	0.00000000
548.44100000	193.40411175	0.00000000	0.00000000	0.00000000	500.25705973	1.88372223	0.00000000	2016243.00000000	330688.00000000	688258.00000000	141208.00000000	0.00000000	0.00000000	0.00000000	1.94088914	0.00000000	0.00000000	0.00000000
556.58000000	193.52210135	0.00000000	0.00000000	0.00000000	499.80539958	1.88372223	0.00000000	2012188.00000000	344125.00000000	687771.00000000	140804.00000000	0.00000000	0.00000000	0.00000000	1.94088914	0.00000000	0.00000000	0.00000000
564.39200000	193.60142895	0.00000000	0.00000000	0.00000000	499.59553673	1.88372223	0.00000000	2025025.00000000	353569.00000000	691280.00000000	141302.00000000	0.00000000	0.00000000	0.00000000	1.94088914	0.00000000	0.00000000	0.00000000
572.43800000	193.70376940	0.00000000	0.00000000	0.00000000	499.38494728	1.88372223	0.00000000	2035318.00000000	361348.00000000	695148.00000000	142738.00000000	0.00000000	0.00000000	0.00000000	1.94088914	0.00000000	0.00000000	0.00000000
580.37600000	193.80091638	0.00000000	0.00000000	0.00000000	499.30069696	1.88372223	0.00000000	2035551.00000000	369962.00000000	694767.00000000	142260.00000000	0.00000000	0.00000000	0.00000000	1.94088914	0.00000000	0.00000000	0.00000000
588.48600000	193.90700610	0.00000000	0.00000000	0.00000000	499.27039737	1.88372223	0.00000000	2031270.00000000	396989.00000000	694978.00000000	141501.00000000	0.00000000	0.00000000	0.00000000	1.94088914	0.00000000	0.00000000	0.00000000
596.51600000	194.00081535	0.00000000	0.00000000	0.00000000	499.37017895	1.88372223	0.00000000	2025443.00000000	464659.00000000	700311.00000000	140868.00000000	0.00000000	0.00000000	0.00000000	1.94088914	0.00000000	0.00000000	0.00000000
604.23500000	194.10357861	0.00000000	0.00000000	0.00000000	499.44747198	1.88372223	0.00000000	2004879.00000000	598638.00000000	710135.00000000	138358.00000000	0.00000000	0.00000000	0.00000000	1.94088914	0.00000000	0.00000000	0.00000000
611.87500000	194.19935266	0.00000000	0.00000000	0.00000000	499.24222310	1.88372223	0.00000000	2020065.00000000	732433.00000000	726798.00000000	140547.00000000	0.00000000	0.00000000	0.00000000	1.94088914	0.00000000	0.00000000	0.00000000
619.90800000	194.32186826	0.00000000	0.00000000	0.00000000	499.83144851	1.88372223	0.00000000	2023928.00000000	797402.00000000	735812.00000000	140439.00000000	0.00000000	0.00000000	0.00000000	1.94088914	0.00000000	0.00000000	0.00000000
628.04900000	194.40363124	0.00000000	0.00000000	0.00000000	499.87697056	1.88372223	0.00000000	2043143.00000000	757802.00000000	743553.00000000	141698.00000000	0.00000000	0.00000000	0.00000000	1.94088914	0.00000000	0.00000000	0.00000000
635.65700000	194.50504175	0.00000000	0.00000000	0.00000000	500.14852251	1.88372223	0.00000000	2043055.00000000	641887.00000000	739409.00000000	141545.00000000	0.00000000	0.00000000	0.00000000	1.94088914	0.00000000	0.00000000	0.00000000
643.70400000	194.62081451	0.00000000	0.00000000	0.00000000	499.96846880	1.88372223	0.00000000	2047043.00000000	519603.00000000	733482.00000000	141382.00000000	0.00000000	0.00000000	0.00000000	1.94088914	0.00000000	0.00000000	0.00000000
651.39200000	194.70104565	0.00000000	0.00000000	0.00000000	499.75152152	1.88372223	0.00000000	2039855.00000000	439323.00000000	727721.00000000	140617.00000000	0.00000000	0.00000000	0.00000000	1.94088914	0.00000000	0.00000000	0.00000000
659.23500000	194.80098128	0.00000000	0.00000000	0.00000000	499.97560774	1.88372223	0.00000000	2054595.00000000	371831.00000000	722209.00000000	141979.00000000	0.00000000	0.00000000	0.00000000	1.94088914	0.00000000	0.00000000	0.00000000
666.84400000	194.90280690	0.00000000	0.00000000	0.00000000	500.04207429	1.88372223	0.00000000	2063101.00000000	333126.00000000	718708.00000000	142580.00000000	0.00000000	0.00000000	0.00000000	1.94088914	0.00000000	0.00000000	0.00000000
675.09400000	195.01547492	0.00000000	0.00000000	0.00000000	500.11146545	1.88372223	0.00000000	2056681.00000000	307186.00000000	711128.00000000	141745.00000000	0.00000000	0.00000000	0.00000000	1.94088914	0.00000000	0.00000000	0.00000000
683.12600000	195.10140470	0.00000000	0.00000000	0.00000000	500.66543216	1.88372223	0.00000000	2053780.00000000	294252.00000000	707938.00000000	141412.00000000	0.00000000	0.00000000	0.00000000	1.94088914	0.00000000	0.00000000	0.00000000
690.76600000	195.20713053	0.00000000	0.00000000	0.00000000	500.46301705	1.88372223	0.00000000	2072936.00000000	289070.00000000	706604.00000000	142914.00000000	0.00000000	0.00000000	0.00000000	1.94088914	0.00000000	0.00000000	0.00000000
699.00100000	195.29861303	0.00000000	0.00000000	0.00000000	500.24401710	1.88372223	0.00000000	2067624.00000000	285047.00000000	706459.00000000	141949.00000000	0.00000000	0.00000000	0.00000000	1.94088914	0.00000000	0.00000000	0.00000000
707.03300000	195.40095971	0.00000000	0.00000000	0.00000000	500.03133865	1.88372223	0.00000000	2070714.00000000	284062.00000000	702787.00000000	142289.00000000	0.00000000	0.00000000	0.00000000	1.94088914	0.00000000	0.00000000	0.00000000
715.08000000	195.50341372	0.00000000	0.00000000	0.00000000	500.13789586	1.88372223	0.00000000	2067870.00000000	283924.00000000	702446.00000000	142244.00000000	0.00000000	0.00000000	0.00000000	1.94088914	0.00000000	0.00000000	0.00000000
723.28300000	195.60597524	0.00000000	0.00000000	0.00000000	500.44692267	1.88372223	0.00000000	2063250.00000000	283714.00000000	700882.00000000	141449.00000000	0.00000000	0.00000000	0.00000000	1.94088914	0.00000000	0.00000000	0.00000000
731.50200000	195.70504016	0.00000000	0.00000000	0.00000000	500.58753967	1.88372223	0.00000000	2074108.00000000	285869.00000000	701034.00000000	141898.00000000	0.00000000	0.00000000	0.00000000	1.94088914	0.00000000	0.00000000	0.00000000
739.75100000	195.80420549	0.00000000	0.00000000	0.00000000	500.37288121	1.88372223	0.00000000	2071165.00000000	287218.00000000	699918.00000000	141689.00000000	0.00000000	0.00000000	0.00000000	1.94088914	0.00000000	0.00000000	0.00000000
747.67300000	195.90347137	0.00000000	0.00000000	0.00000000	500.16310919	1.88372223	0.00000000	2075452.00000000	289748.00000000	699928.00000000	141711.00000000	0.00000000	0.00000000	0.00000000	1.94088914	0.00000000	0.00000000	0.00000000
755.29700000	196.00103039	0.00000000	0.00000000	0.00000000	500.24200076	1.88372223	0.00000000	2083032.00000000	293086.00000000	700825.00000000	142040.00000000	0.00000000	0.00000000	0.00000000	1.94088914	0.00000000	0.00000000	0.00000000
762.93900000	196.19825140	0.00000000	0.00000000	0.00000000	500.44884818	1.88372223	0.00000000	2084073.00000000	298387.00000000	700432.00000000	141841.00000000	0.00000000	0.00000000	0.00000000	1.94088914	0.00000000	0.00000000	0.00000000
771.17400000	196.45032999	0.00000000	0.00000000	0.00000000	500.34025646	1.88372223	0.00000000	2087354.00000000	306146.00000000	699640.00000000	141500.00000000	0.00000000	0.00000000	0.00000000	1.94088914	0.00000000	0.00000000	0.00000000
779.40700000	196.70851890	0.00000000	0.00000000	0.00000000	500.12837728	1.88372223	0.00000000	2093260.00000000	315859.00000000	702653.00000000	141836.00000000	0.00000000	0.00000000	0.00000000	1.94088914	0.00000000	0.00000000	0.00000000
787.31400000	196.95096001	0.00000000	0.00000000	0.00000000	500.36955697	1.88372223	0.00000000	2087638.00000000	323283.00000000	699501.00000000	141042.00000000	0.00000000	0.00000000	0.00000000	1.94088914	0.00000000	0.00000000	0.00000000
795.43800000	197.19765881	0.00000000	0.00000000	0.00000000	500.21878560	1.88372223	0.00000000	2099222.00000000	332869.00000000	700904.00000000	141593.00000000	0.00000000	0.00000000	0.00000000	1.94088914	0.00000000	0.00000000	0.00000000
803.68800000	197.45965177	0.00000000	0.00000000	0.00000000	500.16260056	1.88372223	0.00000000	2111755.00000000	342927.00000000	701984.00000000	142034.00000000	0.00000000	0.00000000	0.00000000	1.94088914	0.00000000	0.00000000	0.00000000
811.62700000	197.70027106	0.00000000	0.00000000	0.00000000	500.53237188	1.88372223	0.00000000	2105986.00000000	349453.00000000	700630.00000000	141345.00000000	0.00000000	0.00000000	0.00000000	1.94088914	0.00000000	0.00000000	0.00000000
819.65700000	197.95069554	0.00000000	0.00000000	0.00000000	500.31972976	1.88372223	0.00000000	2113164.00000000	357307.00000000	700606.00000000	141612.00000000	0.00000000	0.00000000	0.00000000	1.94088914	0.00000000	0.00000000	0.00000000
827.67300000	198.20545207	0.00000000	0.00000000	0.00000000	500.10697864	1.88372223	0.00000000	2101500.00000000	362641.00000000	697896.00000000	140409.00000000	0.00000000	0.00000000	0.00000000	1.94088914	0.00000000	0.00000000	0.00000000
835.45300000	198.45345267	0.00000000	0.00000000	0.00000000	500.53778512	1.88372223	0.00000000	2119869.00000000	371818.00000000	700134.00000000	140946.00000000	0.00000000	0.00000000	0.00000000	1.94088914	0.00000000	0.00000000	0.00000000
843.45400000	198.70393241	0.00000000	0.00000000	0.00000000	500.37942069	1.88372223	0.00000000	2120988.00000000	378674.00000000	701412.00000000	141400.00000000	0.00000000	0.00000000	0.00000000	1.94088914	0.00000000	0.00000000	0.00000000
851.51700000	198.96063277	0.00000000	0.00000000	0.00000000	500.16379947	1.88372223	0.00000000	2116074.00000000	382829.00000000	700903.00000000	140280.00000000	0.00000000	0.00000000	0.00000000	1.94088914	0.00000000	0.00000000	0.00000000
859.62600000	199.20305941	0.00000000	0.00000000	0.00000000	500.27898516	1.88372223	0.00000000	2119619.00000000	387312.00000000	700002.00000000	140052.00000000	0.00000000	0.00000000	0.00000000	1.94088914	0.00000000	0.00000000	0.00000000
867.54800000	199.45169268	0.00000000	0.00000000	0.00000000	500.37885757	1.88372223	0.00000000	2134200.00000000	393441.00000000	703084.00000000	140783.00000000	0.00000000	0.00000000	0.00000000	1.94088914	0.00000000	0.00000000	0.00000000
875.48500000	199.70094741	0.00000000	0.00000000	0.00000000	500.16447158	1.88372223	0.00000000	2135173.00000000	396803.00000000	704140.00000000	140579.00000000	0.00000000	0.00000000	0.00000000	1.94088914	0.00000000	0.00000000	0.00000000
883.53200000	199.95646951	0.00000000	0.00000000	0.00000000	500.48570542	1.88372223	0.00000000	2141775.00000000	400160.00000000	700580.00000000	140080.00000000	0.00000000	0.00000000	0.00000000	1.94088914	0.00000000	0.00000000	0.00000000
891.25000000	200.20133061	0.00000000	0.00000000	0.00000000	500.55629549	1.88372223	0.00000000	2144897.00000000	404840.00000000	702116.00000000	140601.00000000	0.00000000	0.00000000	0.00000000	1.94088914	0.00000000	0.00000000	0.00000000
899.06400000	200.45246378	0.00000000	0.00000000	0.00000000	500.35121009	1.88372223	0.00000000	2165649.00000000	412406.00000000	702907.00000000	141614.00000000	0.00000000	0.00000000	0.00000000	1.94088914	0.00000000	0.00000000	0.00000000
907.01500000	200.70233249	0.00000000	0.00000000	0.00000000	500.13324556	1.88372223	0.00000000	2145505.00000000	414428.00000000	699817.00000000	139701.00000000	0.00000000	0.00000000	0.00000000	1.94088914	0.00000000	0.00000000	0.00000000
915.15800000	200.95092492	0.00000000	0.00000000	0.00000000	500.66695804	1.88372223	0.00000000	2168913.00000000	424367.00000000	701832.00000000	141052.00000000	0.00000000	0.00000000	0.00000000	1.94088914	0.00000000	0.00000000	0.00000000
922.86000000	201.20584828	0.00000000	0.00000000	0.00000000	500.46140035	1.88372223	0.00000000	2167680.00000000	432214.00000000	701388.00000000	140643.00000000	0.00000000	0.00000000	0.00000000	1.94088914	0.00000000	0.00000000	0.00000000
930.59300000	201.44996192	0.00000000	0.00000000	0.00000000	500.34392584	1.88372223	0.00000000	2163724.00000000	439255.00000000	698978.00000000	139674.00000000	0.00000000	0.00000000	0.00000000	1.94088914	0.00000000	0.00000000	0.00000000
938.68900000	201.71189695	0.00000000	0.00000000	0.00000000	500.13077509	1.88372223	0.00000000	2167608.00000000	447484.00000000	698439.00000000	139324.00000000	0.00000000	0.00000000	0.00000000	1.94088914	0.00000000	0.00000000	0.00000000
946.45400000	201.95340278	0.00000000	0.00000000	0.00000000	500.54229010	1.88372223	0.00000000	2173260.00000000	456852.00000000	698667.00000000	139771.00000000	0.00000000	0.00000000	0.00000000	1.94088914	0.00000000	0.00000000	0.00000000
954.59500000	202.20702995	0.00000000	0.00000000	0.00000000	500.60225351	1.88372223	0.00000000	2176315.00000000	465327.00000000	699076.00000000	139921.00000000	0.00000000	0.00000000	0.00000000	1.94088914	0.00000000	0.00000000	0.00000000
962.70400000	202.45165210	0.00000000	0.00000000	0.00000000	500.38583301	1.88372223	0.00000000	2182151.00000000	471649.00000000	699551.00000000	140004.00000000	0.00000000	0.00000000	0.00000000	1.94088914	0.00000000	0.00000000	0.00000000
970.35900000	202.70459980	0.00000000	0.00000000	0.00000000	500.18276396	1.88372223	0.00000000	2186645.00000000	474555.00000000	699756.00000000	139484.00000000	0.00000000	0.00000000	0.00000000	1.94088914	0.00000000	0.00000000	0.00000000
978.56500000	202.96787163	0.00000000	0.00000000	0.00000000	500.46606881	1.88372223	0.00000000	2191523.00000000	477140.00000000	700365.00000000	139331.00000000	0.00000000	0.00000000	0.00000000	1.94088914	0.00000000	0.00000000	0.00000000
986.50200000	203.20073890	0.00000000	0.00000000	0.00000000	500.70505051	1.88372223	0.00000000	2200096.00000000	478182.00000000	699728.00000000	139517.00000000	0.00000000	0.00000000	0.00000000	1.94088914	0.00000000	0.00000000	0.00000000
994.32900000	203.45166793	0.00000000	0.00000000	0.00000000	500.50107320	1.88372223	0.00000000	2194752.00000000	475162.00000000	698789.00000000	138690.00000000	0.00000000	0.00000000	0.00000000	1.94088914	0.00000000	0.00000000	0.00000000
1002.54800000	203.71298001	0.00000000	0.00000000	0.00000000	500.27818589	1.88372223	0.00000000	2208255.00000000	475887.00000000	700503.00000000	139620.00000000	0.00000000	0.00000000	0.00000000	1.94088914	0.00000000	0.00000000	0.00000000
1010.51700000	203.95147549	0.00000000	0.00000000	0.00000000	500.06539844	1.88372223	0.00000000	2199982.00000000	469580.00000000	697656.00000000	138224.00000000	0.00000000	0.00000000	0.00000000	1.94088914	0.00000000	0.00000000	0.00000000
1018.51700000	204.20230132	0.00000000	0.00000000	0.00000000	500.39671398	1.88372223	0.00000000	2214882.00000000	467871.00000000	699681.00000000	139395.00000000	0.00000000	0.00000000	0.00000000	1.94088914	0.00000000	0.00000000	0.00000000
1026.62600000	204.44981132	0.00000000	0.00000000	0.00000000	500.18025716	1.88372223	0.00000000	2204938.00000000	460353.00000000	696977.00000000	138288.00000000	0.00000000	0.00000000	0.00000000	1.94088914	0.00000000	0.00000000	0.00000000
1034.84500000	204.71763921	0.00000000	0.00000000	0.00000000	500.53028288	1.88372223	0.00000000	2205467.00000000	451603.00000000	695634.00000000	137785.00000000	0.00000000	0.00000000	0.00000000	1.94088914	0.00000000	0.00000000	0.00000000
1042.96900000	204.95058851	0.00000000	0.00000000	0.00000000	500.73244367	1.88372223	0.00000000	2206182.00000000	442967.00000000	695116.00000000	137284.00000000	0.00000000	0.00000000	0.00000000	1.94088914	0.00000000	0.00000000	0.00000000
1050.79800000	205.20189822	0.00000000	0.00000000	0.00000000	500.52410671	1.88372223	0.00000000	2224594.00000000	438034.00000000	696616.00000000	138276.00000000	0.00000000	0.00000000	0.00000000	1.94088914	0.00000000	0.00000000	0.00000000
1058.53300000	205.45183894	0.00000000	0.00000000	0.00000000	500.31869434	1.88372223	0.00000000	2221128.00000000	427464.00000000	694560.00000000	137751.00000000	0.00000000	0.00000000	0.00000000	1.94088914	0.00000000	0.00000000	0.00000000
1066.36000000	205.69840753	0.00000000	0.00000000	0.00000000	500.11257353	1.88372223	0.00000000	2221534.00000000	417626.00000000	693876.00000000	137303.00000000	0.00000000	0.00000000	0.00000000	1.94088914	0.00000000	0.00000000	0.00000000
1074.29800000	205.95155575	0.00000000	0.00000000	0.00000000	500.54773966	1.88372223	0.00000000	2225690.00000000	409701.00000000	692479.00000000	137218.00000000	0.00000000	0.00000000	0.00000000	1.94088914	0.00000000	0.00000000	0.00000000
1082.04700000	206.20132659	0.00000000	0.00000000	0.00000000	500.43019249	1.88372223	0.00000000	2230918.00000000	401332.00000000	694363.00000000	137568.00000000	0.00000000	0.00000000	0.00000000	1.94088914	0.00000000	0.00000000	0.00000000
1089.97100000	206.45170403	0.00000000	0.00000000	0.00000000	500.21557036	1.88372223	0.00000000	2220297.00000000	389591.00000000	687148.00000000	135668.00000000	0.00000000	0.00000000	0.00000000	1.94088914	0.00000000	0.00000000	0.00000000
1097.59400000	206.70067995	0.00000000	0.00000000	0.00000000	500.01696995	1.88372223	0.00000000	2211874.00000000	380618.00000000	685371.00000000	134922.00000000	0.00000000	0.00000000	0.00000000	1.94088914	0.00000000	0.00000000	0.00000000
1105.71900000	206.95227232	0.00000000	0.00000000	0.00000000	500.88276091	1.88372223	0.00000000	2236272.00000000	376893.00000000	687859.00000000	136731.00000000	0.00000000	0.00000000	0.00000000	1.94088914	0.00000000	0.00000000	0.00000000
1113.67300000	207.20245784	0.00000000	0.00000000	0.00000000	500.67320687	1.88372223	0.00000000	2223658.00000000	366866.00000000	683970.00000000	134896.00000000	0.00000000	0.00000000	0.00000000	1.94088914	0.00000000	0.00000000	0.00000000
1121.79900000	207.50185940	0.00000000	0.00000000	0.00000000	500.45226324	1.88372223	0.00000000	2233645.00000000	360095.00000000	682636.00000000	135532.00000000	0.00000000	0.00000000	0.00000000	1.94088914	0.00000000	0.00000000	0.00000000
1129.72000000	208.00346807	0.00000000	0.00000000	0.00000000	500.34734090	1.88372223	0.00000000	2240636.00000000	347415.00000000	680266.00000000	135056.00000000	0.00000000	0.00000000	0.00000000	1.94088914	0.00000000	0.00000000	0.00000000
1137.43900000	208.49932583	0.00000000	0.00000000	0.00000000	500.14292762	1.88372223	0.00000000	2237261.00000000	335285.00000000	676639.00000000	134433.00000000	0.00000000	0.00000000	0.00000000	1.94088914	0.00000000	0.00000000	0.00000000
1145.28200000	209.00577468	0.00000000	0.00000000	0.00000000	500.49328032	1.88372223	0.00000000	2226392.00000000	323129.00000000	668769.00000000	132946.00000000	0.00000000	0.00000000	0.00000000	1.94088914	0.00000000	0.00000000	0.00000000
1153.29800000	209.49610301	0.00000000	0.00000000	0.00000000	500.37279038	1.88372223	0.00000000	2234814.00000000	315217.00000000	667464.00000000	132688.00000000	0.00000000	0.00000000	0.00000000	1.94088914	0.00000000	0.00000000	0.00000000
1161.03300000	210.00326180	0.00000000	0.00000000	0.00000000	500.17177400	1.88372223	0.00000000	2231913.00000000	307095.00000000	664841.00000000	131845.00000000	0.00000000	0.00000000	0.00000000	1.94088914	0.00000000	0.00000000	0.00000000
1169.28200000	210.51705252	0.00000000	0.00000000	0.00000000	500.34928458	1.88372223	0.00000000	2238361.00000000	301818.00000000	661462.00000000	131626.00000000	0.00000000	0.00000000	0.00000000	1.94088914	0.00000000	0.00000000	0.00000000
1177.29900000	211.00193643	0.00000000	0.00000000	0.00000000	500.29913039	1.88372223	0.00000000	2234211.00000000	295993.00000000	659653.00000000	130630.00000000	0.00000000	0.00000000	0.00000000	1.94088914	0.00000000	0.00000000	0.00000000
1185.14300000	211.50379190	0.00000000	0.00000000	0.00000000	500.08875892	1.88372223	0.00000000	2228393.00000000	290447.00000000	655340.00000000	129502.00000000	0.00000000	0.00000000	0.00000000	1.94088914	0.00000000	0.00000000	0.00000000
1193.34500000	211.99535204	0.00000000	0.00000000	0.00000000	500.60826619	1.88372223	0.00000000	2234642.00000000	287535.00000000	653071.00000000	129099.00000000	0.00000000	0.00000000	0.00000000	1.94088914	0.00000000	0.00000000	0.00000000
1201.07900000	212.50195008	0.00000000	0.00000000	0.00000000	500.40318080	1.88372223	0.00000000	2232597.00000000	284038.00000000	651985.00000000	128643.00000000	0.00000000	0.00000000	0.00000000	1.94088914	0.00000000	0.00000000	0.00000000
1209.11000000	212.99816650	0.00000000	0.00000000	0.00000000	500.19004822	1.88372223	0.00000000	2218770.00000000	278163.00000000	648132.00000000	126639.00000000	0.00000000	0.00000000	0.00000000	1.94088914	0.00000000	0.00000000	0.00000000
1217.14200000	213.50314007	0.00000000	0.00000000	0.00000000	500.23740496	1.88372223	0.00000000	2205140.00000000	272938.00000000	643406.00000000	125041.00000000	0.00000000	0.00000000	0.00000000	1.94088914	0.00000000	0.00000000	0.00000000
1225.36100000	214.01697900	0.00000000	0.00000000	0.00000000	500.41246323	1.88372223	0.00000000	2219645.00000000	271700.00000000	643271.00000000	125673.00000000	0.00000000	0.00000000	0.00000000	1.94088914	0.00000000	0.00000000	0.00000000
1233.20400000	214.50298405	0.00000000	0.00000000	0.00000000	500.20448957	1.88372223	0.00000000	2210605.00000000	267318.00000000	641077.00000000	124348.00000000	0.00000000	0.00000000	0.00000000	1.94088914	0.00000000	0.00000000	0.00000000
1241.43800000	215.00207605	0.00000000	0.00000000	0.00000000	500.23586092	1.88372223	0.00000000	2201208.00000000	262926.00000000	637736.00000000	122802.00000000	0.00000000	0.00000000	0.00000000	1.94088914	0.00000000	0.00000000	0.00000000
1249.65700000	215.51660790	0.00000000	0.00000000	0.00000000	500.48452468	1.88372223	0.00000000	2191727.00000000	259279.00000000	635608.00000000	121420.00000000	0.00000000	0.00000000	0.00000000	1.94088914	0.00000000	0.00000000	0.00000000
1257.59300000	216.01384686	0.00000000	0.00000000	0.00000000	500.27306330	1.88372223	0.00000000	2200265.00000000	258130.00000000	635777.00000000	121464.00000000	0.00000000	0.00000000	0.00000000	1.94088914	0.00000000	0.00000000	0.00000000
1265.64200000	216.50676878	0.00000000	0.00000000	0.00000000	500.05871364	1.88372223	0.00000000	2197427.00000000	255591.00000000	634922.00000000	120346.00000000	0.00000000	0.00000000	0.00000000	1.94088914	0.00000000	0.00000000	0.00000000
1273.46900000	217.00637696	0.00000000	0.00000000	0.00000000	500.57636806	1.88372223	0.00000000	2191874.00000000	254113.00000000	632216.00000000	119937.00000000	0.00000000	0.00000000	0.00000000	1.94088914	0.00000000	0.00000000	0.00000000
1281.59700000	217.50829635	0.00000000	0.00000000	0.00000000	500.37408011	1.88372223	0.00000000	2203756.00000000	253175.00000000	632392.00000000	119574.00000000	0.00000000	0.00000000	0.00000000	1.94088914	0.00000000	0.00000000	0.00000000
1289.82800000	218.00583418	0.00000000	0.00000000	0.00000000	500.06605239	1.88372223	0.00000000	2178153.00000000	248727.00000000	628722.00000000	117216.00000000	0.00000000	0.00000000	0.00000000	1.94088914	0.00000000	0.00000000	0.00000000
1297.47100000	218.50340704	0.00000000	0.00000000	0.00000000	500.77371506	1.88372223	0.00000000	2186572.00000000	248735.00000000	628720.00000000	117171.00000000	0.00000000	0.00000000	0.00000000	1.94088914	0.00000000	0.00000000	0.00000000
1305.68900000	219.00551325	0.00000000	0.00000000	0.00000000	500.57168143	1.88372223	0.00000000	2181758.00000000	246819.00000000	625895.00000000	116029.00000000	0.00000000	0.00000000	0.00000000	1.94088914	0.00000000	0.00000000	0.00000000
1313.72000000	219.50539822	0.00000000	0.00000000	0.00000000	500.35909380	1.88372223	0.00000000	2186356.00000000	245931.00000000	626325.00000000	115467.00000000	0.00000000	0.00000000	0.00000000	1.94088914	0.00000000	0.00000000	0.00000000
1321.75100000	220.00529306	0.00000000	0.00000000	0.00000000	500.14596122	1.88372223	0.00000000	2151396.00000000	240642.00000000	618051.00000000	112607.00000000	0.00000000	0.00000000	0.00000000	1.94088914	0.00000000	0.00000000	0.00000000
1329.57800000	220.50289451	0.00000000	0.00000000	0.00000000	500.52993774	1.88372223	0.00000000	2156044.00000000	239522.00000000	616864.00000000	111873.00000000	0.00000000	0.00000000	0.00000000	1.94088914	0.00000000	0.00000000	0.00000000
1337.31300000	221.00275207	0.00000000	0.00000000	0.00000000	500.44972011	1.88372223	0.00000000	2171046.00000000	239730.00000000	617651.00000000	112510.00000000	0.00000000	0.00000000	0.00000000	1.94088914	0.00000000	0.00000000	0.00000000
1345.04800000	221.50026408	0.00000000	0.00000000	0.00000000	500.24705069	1.88372223	0.00000000	2160796.00000000	236731.00000000	615522.00000000	111156.00000000	0.00000000	0.00000000	0.00000000	1.94088914	0.00000000	0.00000000	0.00000000
1352.82900000	222.00234013	0.00000000	0.00000000	0.00000000	500.03480820	1.88372223	0.00000000	2143287.00000000	232841.00000000	609857.00000000	109508.00000000	0.00000000	0.00000000	0.00000000	1.94088914	0.00000000	0.00000000	0.00000000
1360.81300000	222.50203864	0.00000000	0.00000000	0.00000000	500.39638701	1.88372223	0.00000000	2154799.00000000	232031.00000000	610666.00000000	109625.00000000	0.00000000	0.00000000	0.00000000	1.94088914	0.00000000	0.00000000	0.00000000
1368.64200000	223.00399183	0.00000000	0.00000000	0.00000000	500.18607003	1.88372223	0.00000000	2163234.00000000	230205.00000000	611229.00000000	109434.00000000	0.00000000	0.00000000	0.00000000	1.94088914	0.00000000	0.00000000	0.00000000
1376.29700000	223.50116364	0.00000000	0.00000000	0.00000000	500.17854963	1.88372223	0.00000000	2151703.00000000	225758.00000000	606766.00000000	107387.00000000	0.00000000	0.00000000	0.00000000	1.94088914	0.00000000	0.00000000	0.00000000
1384.43900000	224.00527921	0.00000000	0.00000000	0.00000000	500.55411566	1.88372223	0.00000000	2141033.00000000	222656.00000000	604468.00000000	106432.00000000	0.00000000	0.00000000	0.00000000	1.94088914	0.00000000	0.00000000	0.00000000
1392.26700000	224.50455929	0.00000000	0.00000000	0.00000000	500.35102844	1.88372223	0.00000000	2130224.00000000	219532.00000000	601598.00000000	105377.00000000	0.00000000	0.00000000	0.00000000	1.94088914	0.00000000	0.00000000	0.00000000
1400.39000000	225.01798144	0.00000000	0.00000000	0.00000000	500.13233730	1.88372223	0.00000000	2129809.00000000	216845.00000000	596901.00000000	104569.00000000	0.00000000	0.00000000	0.00000000	1.94088914	0.00000000	0.00000000	0.00000000
