Date: 3/28/2024

From File
Mono Energy
C:\Beamline Controls\BCS Setup Data\Scan Files\Zakaria Long Pickle RIXS\CoL23-survey.txt
: 290.00000000
: 320.00000000
: 0.05000000
Delay After Move (s): 0.00000000
Count Time (s): 1.00000000
Scan Number: 1
Bi-directional: No
Stay at End: 0
Description Length: 11
CoCl spot 1
Time (s)	Mono Energy	Undulator Gap	Mono Energy	Mono Energy Goal	Beam Current	Storage Ring Energy	Gate	Counter 0	Counter 1	Counter 2	Counter 3	Counter 4	Counter 5	Counter 6	User Ring Energy	M1 AI Correlation Size	M1 AI Correlation Waveform	LabVIEW Memory
216.68600000	769.99878929	0.00000000	0.00000000	0.00000000	500.08686066	1.88372223	0.00000000	204285.00000000	86.00000000	841.00000000	8222.00000000	0.00000000	0.00000000	0.00000000	1.93918487	0.00000000	0.00000000	0.00000000
3.51700000	771.00599935	0.00000000	0.00000000	0.00000000	500.11222839	1.88372223	0.00000000	202663.00000000	87.00000000	853.00000000	8073.00000000	0.00000000	0.00000000	0.00000000	1.93918487	0.00000000	0.00000000	0.00000000
7.03100000	772.00248479	0.00000000	0.00000000	0.00000000	500.02951304	1.88372223	0.00000000	202008.00000000	87.00000000	863.00000000	8083.00000000	0.00000000	0.00000000	0.00000000	1.93918487	0.00000000	0.00000000	0.00000000
10.04800000	773.00154958	0.00000000	0.00000000	0.00000000	499.94895935	1.88372223	0.00000000	202471.00000000	86.00000000	848.00000000	8109.00000000	0.00000000	0.00000000	0.00000000	1.93918487	0.00000000	0.00000000	0.00000000
14.37500000	774.02559172	0.00000000	0.00000000	0.00000000	499.82218424	1.88372223	0.00000000	202163.00000000	86.00000000	864.00000000	8069.00000000	0.00000000	0.00000000	0.00000000	1.93918487	0.00000000	0.00000000	0.00000000
18.79600000	775.02541416	0.00000000	0.00000000	0.00000000	500.02665202	1.88372223	0.00000000	202671.00000000	86.00000000	888.00000000	8088.00000000	0.00000000	0.00000000	0.00000000	1.93918487	0.00000000	0.00000000	0.00000000
23.18800000	776.02332222	0.00000000	0.00000000	0.00000000	499.90025838	1.88372223	0.00000000	202108.00000000	87.00000000	911.00000000	8028.00000000	0.00000000	0.00000000	0.00000000	1.93918487	0.00000000	0.00000000	0.00000000
28.50100000	777.00575406	0.00000000	0.00000000	0.00000000	499.74881490	1.88372223	0.00000000	201294.00000000	85.00000000	811.00000000	7961.00000000	0.00000000	0.00000000	0.00000000	1.93918487	0.00000000	0.00000000	0.00000000
32.73400000	778.03139235	0.00000000	0.00000000	0.00000000	499.95627085	1.88372223	0.00000000	200729.00000000	87.00000000	784.00000000	7944.00000000	0.00000000	0.00000000	0.00000000	1.93918487	0.00000000	0.00000000	0.00000000
