Date: 3/29/2024

From File
Mono Energy
C:\Beamline Controls\BCS Setup Data\Scan Files\LLNL Scan Setup\B1s_20240329.txt
: 290.00000000
: 320.00000000
: 0.05000000
Delay After Move (s): 0.00000000
Count Time (s): 1.00000000
Scan Number: 1
Bi-directional: No
Stay at End: 0
Description Length: 0

Time (s)	Mono Energy	Undulator Gap	Mono Energy	Mono Energy Goal	Beam Current	Storage Ring Energy	Gate	Counter 0	Counter 1	Counter 2	Counter 3	Counter 4	Counter 5	Counter 6	User Ring Energy	M1 AI Correlation Size	M1 AI Correlation Waveform	LabVIEW Memory
1503.05900000	180.00198981	0.00000000	0.00000000	0.00000000	500.20169213	1.88372223	0.00000000	1655427.00000000	257196.00000000	9717.00000000	140069.00000000	0.00000000	0.00000000	0.00000000	1.94023590	0.00000000	0.00000000	0.00000000
8.03000000	180.50801411	0.00000000	0.00000000	0.00000000	500.24101984	1.88372223	0.00000000	1667969.00000000	263120.00000000	9380.00000000	140134.00000000	0.00000000	0.00000000	0.00000000	1.94023590	0.00000000	0.00000000	0.00000000
16.06200000	181.00764178	0.00000000	0.00000000	0.00000000	500.27889433	1.88372223	0.00000000	1679865.00000000	266970.00000000	9399.00000000	140085.00000000	0.00000000	0.00000000	0.00000000	1.94023590	0.00000000	0.00000000	0.00000000
24.42100000	181.50384274	0.00000000	0.00000000	0.00000000	500.03917251	1.88372223	0.00000000	1689604.00000000	269849.00000000	9144.00000000	140108.00000000	0.00000000	0.00000000	0.00000000	1.94023590	0.00000000	0.00000000	0.00000000
32.31100000	182.00433041	0.00000000	0.00000000	0.00000000	500.40098281	1.88372223	0.00000000	1691065.00000000	270659.00000000	9228.00000000	139244.00000000	0.00000000	0.00000000	0.00000000	1.94023590	0.00000000	0.00000000	0.00000000
40.37400000	182.50445158	0.00000000	0.00000000	0.00000000	500.17976670	1.88372223	0.00000000	1710065.00000000	274136.00000000	9060.00000000	140100.00000000	0.00000000	0.00000000	0.00000000	1.94023590	0.00000000	0.00000000	0.00000000
48.29500000	183.00260165	0.00000000	0.00000000	0.00000000	499.98401823	1.88372223	0.00000000	1712897.00000000	274320.00000000	8819.00000000	139189.00000000	0.00000000	0.00000000	0.00000000	1.94023590	0.00000000	0.00000000	0.00000000
56.43700000	183.50506311	0.00000000	0.00000000	0.00000000	500.39277213	1.88372223	0.00000000	1724338.00000000	275557.00000000	9145.00000000	139130.00000000	0.00000000	0.00000000	0.00000000	1.94023590	0.00000000	0.00000000	0.00000000
64.35900000	184.00073312	0.00000000	0.00000000	0.00000000	500.17079308	1.88372223	0.00000000	1748552.00000000	279061.00000000	9406.00000000	140612.00000000	0.00000000	0.00000000	0.00000000	1.94023590	0.00000000	0.00000000	0.00000000
72.49900000	184.51190209	0.00000000	0.00000000	0.00000000	500.17873128	1.88372223	0.00000000	1748187.00000000	277796.00000000	8990.00000000	139560.00000000	0.00000000	0.00000000	0.00000000	1.94023590	0.00000000	0.00000000	0.00000000
80.34200000	185.00015038	0.00000000	0.00000000	0.00000000	500.14683315	1.88372223	0.00000000	1754373.00000000	278426.00000000	9205.00000000	139658.00000000	0.00000000	0.00000000	0.00000000	1.94023590	0.00000000	0.00000000	0.00000000
88.48400000	185.21618661	0.00000000	0.00000000	0.00000000	500.52588690	1.88372223	0.00000000	1758180.00000000	278583.00000000	9235.00000000	139109.00000000	0.00000000	0.00000000	0.00000000	1.94023590	0.00000000	0.00000000	0.00000000
96.59200000	185.40361092	0.00000000	0.00000000	0.00000000	500.46005612	1.88372223	0.00000000	1766936.00000000	280697.00000000	8860.00000000	139733.00000000	0.00000000	0.00000000	0.00000000	1.94023590	0.00000000	0.00000000	0.00000000
104.51400000	185.59951851	0.00000000	0.00000000	0.00000000	500.23558844	1.88372223	0.00000000	1773735.00000000	281664.00000000	8904.00000000	139815.00000000	0.00000000	0.00000000	0.00000000	1.94023590	0.00000000	0.00000000	0.00000000
112.26300000	185.79908905	0.00000000	0.00000000	0.00000000	500.01130240	1.88372223	0.00000000	1780089.00000000	282883.00000000	8943.00000000	140276.00000000	0.00000000	0.00000000	0.00000000	1.94023590	0.00000000	0.00000000	0.00000000
120.17000000	186.00234486	0.00000000	0.00000000	0.00000000	500.26154654	1.88372223	0.00000000	1785724.00000000	284043.00000000	9246.00000000	140656.00000000	0.00000000	0.00000000	0.00000000	1.94023590	0.00000000	0.00000000	0.00000000
128.21900000	186.20278315	0.00000000	0.00000000	0.00000000	500.03746033	1.88372223	0.00000000	1785670.00000000	283787.00000000	8971.00000000	140093.00000000	0.00000000	0.00000000	0.00000000	1.94023590	0.00000000	0.00000000	0.00000000
136.34400000	186.40365392	0.00000000	0.00000000	0.00000000	500.50198146	1.88372223	0.00000000	1786194.00000000	283917.00000000	8762.00000000	139586.00000000	0.00000000	0.00000000	0.00000000	1.94023590	0.00000000	0.00000000	0.00000000
144.06200000	186.60004353	0.00000000	0.00000000	0.00000000	500.28327215	1.88372223	0.00000000	1793893.00000000	285333.00000000	8768.00000000	140200.00000000	0.00000000	0.00000000	0.00000000	1.94023590	0.00000000	0.00000000	0.00000000
152.23400000	186.79848919	0.00000000	0.00000000	0.00000000	500.05713327	1.88372223	0.00000000	1794151.00000000	284716.00000000	8969.00000000	139573.00000000	0.00000000	0.00000000	0.00000000	1.94023590	0.00000000	0.00000000	0.00000000
160.12400000	187.00393879	0.00000000	0.00000000	0.00000000	500.05938575	1.88372223	0.00000000	1797912.00000000	286067.00000000	9107.00000000	140197.00000000	0.00000000	0.00000000	0.00000000	1.94023590	0.00000000	0.00000000	0.00000000
168.14100000	187.20159606	0.00000000	0.00000000	0.00000000	499.85228402	1.88372223	0.00000000	1796620.00000000	284018.00000000	8864.00000000	138737.00000000	0.00000000	0.00000000	0.00000000	1.94023590	0.00000000	0.00000000	0.00000000
176.00000000	187.40297643	0.00000000	0.00000000	0.00000000	499.46214948	1.88372223	0.00000000	1805379.00000000	285802.00000000	8936.00000000	139626.00000000	0.00000000	0.00000000	0.00000000	1.94023590	0.00000000	0.00000000	0.00000000
184.21800000	187.60147862	0.00000000	0.00000000	0.00000000	499.98341878	1.88372223	0.00000000	1812669.00000000	286646.00000000	8937.00000000	139870.00000000	0.00000000	0.00000000	0.00000000	1.94023590	0.00000000	0.00000000	0.00000000
192.04600000	187.80206126	0.00000000	0.00000000	0.00000000	499.75738889	1.88372223	0.00000000	1803683.00000000	284945.00000000	8994.00000000	138822.00000000	0.00000000	0.00000000	0.00000000	1.94023590	0.00000000	0.00000000	0.00000000
200.17100000	188.00806255	0.00000000	0.00000000	0.00000000	499.76688930	1.88372223	0.00000000	1833192.00000000	289909.00000000	9025.00000000	141507.00000000	0.00000000	0.00000000	0.00000000	1.94023590	0.00000000	0.00000000	0.00000000
208.10700000	188.20118300	0.00000000	0.00000000	0.00000000	499.85319228	1.88372223	0.00000000	1838547.00000000	289862.00000000	9161.00000000	141108.00000000	0.00000000	0.00000000	0.00000000	1.94023590	0.00000000	0.00000000	0.00000000
216.04500000	188.40305085	0.00000000	0.00000000	0.00000000	499.81840588	1.88372223	0.00000000	1837243.00000000	289462.00000000	9045.00000000	140781.00000000	0.00000000	0.00000000	0.00000000	1.94023590	0.00000000	0.00000000	0.00000000
223.87500000	188.60033125	0.00000000	0.00000000	0.00000000	500.02623422	1.88372223	0.00000000	1841910.00000000	291231.00000000	8810.00000000	141570.00000000	0.00000000	0.00000000	0.00000000	1.94023590	0.00000000	0.00000000	0.00000000
232.11000000	188.79970240	0.00000000	0.00000000	0.00000000	499.92603484	1.88372223	0.00000000	1845880.00000000	290349.00000000	9025.00000000	140770.00000000	0.00000000	0.00000000	0.00000000	1.94023590	0.00000000	0.00000000	0.00000000
240.03000000	189.00117625	0.00000000	0.00000000	0.00000000	500.41713170	1.88372223	0.00000000	1852117.00000000	291900.00000000	9174.00000000	141591.00000000	0.00000000	0.00000000	0.00000000	1.94023590	0.00000000	0.00000000	0.00000000
248.26400000	189.21150263	0.00000000	0.00000000	0.00000000	500.18419902	1.88372223	0.00000000	1843307.00000000	289553.00000000	9136.00000000	140240.00000000	0.00000000	0.00000000	0.00000000	1.94023590	0.00000000	0.00000000	0.00000000
256.39100000	189.41554495	0.00000000	0.00000000	0.00000000	500.38975670	1.88372223	0.00000000	1858250.00000000	291667.00000000	8976.00000000	141511.00000000	0.00000000	0.00000000	0.00000000	1.94023590	0.00000000	0.00000000	0.00000000
264.23400000	189.59972883	0.00000000	0.00000000	0.00000000	500.36316281	1.88372223	0.00000000	1855037.00000000	290794.00000000	9338.00000000	140453.00000000	0.00000000	0.00000000	0.00000000	1.94023590	0.00000000	0.00000000	0.00000000
272.46900000	189.79952477	0.00000000	0.00000000	0.00000000	500.18699646	1.88372223	0.00000000	1860208.00000000	291602.00000000	9256.00000000	140547.00000000	0.00000000	0.00000000	0.00000000	1.94023590	0.00000000	0.00000000	0.00000000
280.46800000	190.00313941	0.00000000	0.00000000	0.00000000	499.96182033	1.88372223	0.00000000	1863661.00000000	290986.00000000	9213.00000000	140184.00000000	0.00000000	0.00000000	0.00000000	1.94023590	0.00000000	0.00000000	0.00000000
288.59300000	190.10000949	0.00000000	0.00000000	0.00000000	499.97702462	1.88372223	0.00000000	1865310.00000000	291290.00000000	9296.00000000	140273.00000000	0.00000000	0.00000000	0.00000000	1.94023590	0.00000000	0.00000000	0.00000000
296.73300000	190.20208477	0.00000000	0.00000000	0.00000000	500.26901245	1.88372223	0.00000000	1856136.00000000	289847.00000000	9419.00000000	139564.00000000	0.00000000	0.00000000	0.00000000	1.94023590	0.00000000	0.00000000	0.00000000
304.84400000	190.30426974	0.00000000	0.00000000	0.00000000	500.10083880	1.88372223	0.00000000	1868723.00000000	292431.00000000	9558.00000000	140620.00000000	0.00000000	0.00000000	0.00000000	1.94023590	0.00000000	0.00000000	0.00000000
312.90600000	190.40485875	0.00000000	0.00000000	0.00000000	500.35073780	1.88372223	0.00000000	1877303.00000000	293406.00000000	9704.00000000	141125.00000000	0.00000000	0.00000000	0.00000000	1.94023590	0.00000000	0.00000000	0.00000000
320.84300000	190.50213901	0.00000000	0.00000000	0.00000000	500.12759617	1.88372223	0.00000000	1875927.00000000	292835.00000000	9895.00000000	140630.00000000	0.00000000	0.00000000	0.00000000	1.94023590	0.00000000	0.00000000	0.00000000
328.67200000	190.60464673	0.00000000	0.00000000	0.00000000	500.17211914	1.88372223	0.00000000	1880499.00000000	293700.00000000	9843.00000000	141283.00000000	0.00000000	0.00000000	0.00000000	1.94023590	0.00000000	0.00000000	0.00000000
336.82700000	190.70897608	0.00000000	0.00000000	0.00000000	499.94885036	1.88372223	0.00000000	1887565.00000000	295112.00000000	9999.00000000	141376.00000000	0.00000000	0.00000000	0.00000000	1.94023590	0.00000000	0.00000000	0.00000000
344.73300000	190.80142856	0.00000000	0.00000000	0.00000000	500.20278204	1.88372223	0.00000000	1891992.00000000	296334.00000000	10105.00000000	141606.00000000	0.00000000	0.00000000	0.00000000	1.94023590	0.00000000	0.00000000	0.00000000
352.39000000	190.90425874	0.00000000	0.00000000	0.00000000	500.06107512	1.88372223	0.00000000	1892001.00000000	296291.00000000	10469.00000000	141062.00000000	0.00000000	0.00000000	0.00000000	1.94023590	0.00000000	0.00000000	0.00000000
360.42100000	191.00033362	0.00000000	0.00000000	0.00000000	500.22770473	1.88372223	0.00000000	1891794.00000000	297236.00000000	10703.00000000	141071.00000000	0.00000000	0.00000000	0.00000000	1.94023590	0.00000000	0.00000000	0.00000000
368.12400000	191.10337837	0.00000000	0.00000000	0.00000000	500.02943130	1.88372223	0.00000000	1889657.00000000	297653.00000000	11031.00000000	140764.00000000	0.00000000	0.00000000	0.00000000	1.94023590	0.00000000	0.00000000	0.00000000
376.18800000	191.20309404	0.00000000	0.00000000	0.00000000	499.80678013	1.88372223	0.00000000	1898701.00000000	299430.00000000	11597.00000000	141342.00000000	0.00000000	0.00000000	0.00000000	1.94023590	0.00000000	0.00000000	0.00000000
384.09300000	191.30119192	0.00000000	0.00000000	0.00000000	499.62133135	1.88372223	0.00000000	1888899.00000000	298388.00000000	11764.00000000	140826.00000000	0.00000000	0.00000000	0.00000000	1.94023590	0.00000000	0.00000000	0.00000000
391.82800000	191.40628543	0.00000000	0.00000000	0.00000000	499.50912476	1.88372223	0.00000000	1874607.00000000	295601.00000000	12361.00000000	139033.00000000	0.00000000	0.00000000	0.00000000	1.94023590	0.00000000	0.00000000	0.00000000
399.86100000	191.51149447	0.00000000	0.00000000	0.00000000	499.43028768	1.88372223	0.00000000	1902635.00000000	300686.00000000	13729.00000000	140996.00000000	0.00000000	0.00000000	0.00000000	1.94023590	0.00000000	0.00000000	0.00000000
408.01600000	191.60472691	0.00000000	0.00000000	0.00000000	499.42273095	1.88372223	0.00000000	1891218.00000000	301235.00000000	15492.00000000	140549.00000000	0.00000000	0.00000000	0.00000000	1.94023590	0.00000000	0.00000000	0.00000000
415.92100000	191.70323747	0.00000000	0.00000000	0.00000000	499.20899891	1.88372223	0.00000000	1902521.00000000	307197.00000000	18339.00000000	141060.00000000	0.00000000	0.00000000	0.00000000	1.94023590	0.00000000	0.00000000	0.00000000
423.89100000	191.81742896	0.00000000	0.00000000	0.00000000	499.44438389	1.88372223	0.00000000	1909899.00000000	317866.00000000	24506.00000000	141121.00000000	0.00000000	0.00000000	0.00000000	1.94023590	0.00000000	0.00000000	0.00000000
431.90600000	191.90229552	0.00000000	0.00000000	0.00000000	499.59982372	1.88372223	0.00000000	1903478.00000000	341376.00000000	35363.00000000	141019.00000000	0.00000000	0.00000000	0.00000000	1.94023590	0.00000000	0.00000000	0.00000000
439.93800000	192.00111239	0.00000000	0.00000000	0.00000000	499.68952361	1.88372223	0.00000000	1892070.00000000	417086.00000000	59556.00000000	139014.00000000	0.00000000	0.00000000	0.00000000	1.94023590	0.00000000	0.00000000	0.00000000
448.06100000	192.10871302	0.00000000	0.00000000	0.00000000	499.95773315	1.88372223	0.00000000	1913524.00000000	542028.00000000	79367.00000000	141096.00000000	0.00000000	0.00000000	0.00000000	1.94023590	0.00000000	0.00000000	0.00000000
455.79600000	192.20252802	0.00000000	0.00000000	0.00000000	499.74541800	1.88372223	0.00000000	1902846.00000000	601566.00000000	76512.00000000	139903.00000000	0.00000000	0.00000000	0.00000000	1.94023590	0.00000000	0.00000000	0.00000000
463.84300000	192.30165443	0.00000000	0.00000000	0.00000000	499.59210350	1.88372223	0.00000000	1902383.00000000	568710.00000000	63023.00000000	139672.00000000	0.00000000	0.00000000	0.00000000	1.94023590	0.00000000	0.00000000	0.00000000
471.87400000	192.40785040	0.00000000	0.00000000	0.00000000	499.59010533	1.88372223	0.00000000	1911052.00000000	465831.00000000	40318.00000000	140741.00000000	0.00000000	0.00000000	0.00000000	1.94023590	0.00000000	0.00000000	0.00000000
479.92200000	192.50718877	0.00000000	0.00000000	0.00000000	499.49034191	1.88372223	0.00000000	1907991.00000000	400318.00000000	25315.00000000	139898.00000000	0.00000000	0.00000000	0.00000000	1.94023590	0.00000000	0.00000000	0.00000000
487.92200000	192.60313888	0.00000000	0.00000000	0.00000000	499.92754255	1.88372223	0.00000000	1912784.00000000	374324.00000000	17998.00000000	140255.00000000	0.00000000	0.00000000	0.00000000	1.94023590	0.00000000	0.00000000	0.00000000
495.56100000	192.70093185	0.00000000	0.00000000	0.00000000	499.76705279	1.88372223	0.00000000	1931076.00000000	388728.00000000	18641.00000000	141782.00000000	0.00000000	0.00000000	0.00000000	1.94023590	0.00000000	0.00000000	0.00000000
503.70300000	192.81806474	0.00000000	0.00000000	0.00000000	500.07807777	1.88372223	0.00000000	1933745.00000000	410167.00000000	23571.00000000	141386.00000000	0.00000000	0.00000000	0.00000000	1.94023590	0.00000000	0.00000000	0.00000000
511.53000000	192.90031760	0.00000000	0.00000000	0.00000000	500.21200997	1.88372223	0.00000000	1925906.00000000	412008.00000000	24718.00000000	140920.00000000	0.00000000	0.00000000	0.00000000	1.94023590	0.00000000	0.00000000	0.00000000
519.57800000	193.00717603	0.00000000	0.00000000	0.00000000	499.99736968	1.88372223	0.00000000	1926456.00000000	388636.00000000	22552.00000000	140545.00000000	0.00000000	0.00000000	0.00000000	1.94023590	0.00000000	0.00000000	0.00000000
527.39000000	193.10888898	0.00000000	0.00000000	0.00000000	500.52252633	1.88372223	0.00000000	1928690.00000000	360880.00000000	18248.00000000	140132.00000000	0.00000000	0.00000000	0.00000000	1.94023590	0.00000000	0.00000000	0.00000000
535.53000000	193.20368367	0.00000000	0.00000000	0.00000000	500.29744103	1.88372223	0.00000000	1934638.00000000	348044.00000000	15179.00000000	140649.00000000	0.00000000	0.00000000	0.00000000	1.94023590	0.00000000	0.00000000	0.00000000
543.65800000	193.30560391	0.00000000	0.00000000	0.00000000	500.06223769	1.88372223	0.00000000	1931625.00000000	345485.00000000	14126.00000000	140758.00000000	0.00000000	0.00000000	0.00000000	1.94023590	0.00000000	0.00000000	0.00000000
551.87600000	193.40411175	0.00000000	0.00000000	0.00000000	500.44134594	1.88372223	0.00000000	1926649.00000000	353863.00000000	16192.00000000	140285.00000000	0.00000000	0.00000000	0.00000000	1.94023590	0.00000000	0.00000000	0.00000000
559.61000000	193.50624363	0.00000000	0.00000000	0.00000000	500.23371742	1.88372223	0.00000000	1927346.00000000	357159.00000000	18441.00000000	139637.00000000	0.00000000	0.00000000	0.00000000	1.94023590	0.00000000	0.00000000	0.00000000
567.45200000	193.60495613	0.00000000	0.00000000	0.00000000	499.89133926	1.88372223	0.00000000	1942407.00000000	351572.00000000	18688.00000000	140972.00000000	0.00000000	0.00000000	0.00000000	1.94023590	0.00000000	0.00000000	0.00000000
575.17100000	193.70023862	0.00000000	0.00000000	0.00000000	499.94450887	1.88372223	0.00000000	1948789.00000000	338212.00000000	16649.00000000	141559.00000000	0.00000000	0.00000000	0.00000000	1.94023590	0.00000000	0.00000000	0.00000000
582.98400000	193.80445083	0.00000000	0.00000000	0.00000000	499.99597095	1.88372223	0.00000000	1958544.00000000	329429.00000000	14264.00000000	141886.00000000	0.00000000	0.00000000	0.00000000	1.94023590	0.00000000	0.00000000	0.00000000
590.63900000	193.90700610	0.00000000	0.00000000	0.00000000	500.72986421	1.88372223	0.00000000	1955742.00000000	325060.00000000	13608.00000000	141215.00000000	0.00000000	0.00000000	0.00000000	1.94023590	0.00000000	0.00000000	0.00000000
598.45300000	194.00081535	0.00000000	0.00000000	0.00000000	500.50421579	1.88372223	0.00000000	1945081.00000000	323937.00000000	13995.00000000	140401.00000000	0.00000000	0.00000000	0.00000000	1.94023590	0.00000000	0.00000000	0.00000000
606.18700000	194.10535135	0.00000000	0.00000000	0.00000000	500.28140113	1.88372223	0.00000000	1951792.00000000	328620.00000000	15997.00000000	140746.00000000	0.00000000	0.00000000	0.00000000	1.94023590	0.00000000	0.00000000	0.00000000
614.31200000	194.22419841	0.00000000	0.00000000	0.00000000	500.05686079	1.88372223	0.00000000	1960174.00000000	333193.00000000	17892.00000000	141168.00000000	0.00000000	0.00000000	0.00000000	1.94023590	0.00000000	0.00000000	0.00000000
622.13900000	194.30055009	0.00000000	0.00000000	0.00000000	500.67854745	1.88372223	0.00000000	1972209.00000000	336144.00000000	18984.00000000	142218.00000000	0.00000000	0.00000000	0.00000000	1.94023590	0.00000000	0.00000000	0.00000000
630.26400000	194.40540946	0.00000000	0.00000000	0.00000000	500.44694083	1.88372223	0.00000000	1964837.00000000	332587.00000000	18047.00000000	141328.00000000	0.00000000	0.00000000	0.00000000	1.94023590	0.00000000	0.00000000	0.00000000
638.40700000	194.50860193	0.00000000	0.00000000	0.00000000	500.22020249	1.88372223	0.00000000	1949749.00000000	326028.00000000	16088.00000000	139916.00000000	0.00000000	0.00000000	0.00000000	1.94023590	0.00000000	0.00000000	0.00000000
646.23300000	194.60299434	0.00000000	0.00000000	0.00000000	500.07277352	1.88372223	0.00000000	1964161.00000000	324782.00000000	14549.00000000	141061.00000000	0.00000000	0.00000000	0.00000000	1.94023590	0.00000000	0.00000000	0.00000000
654.15600000	194.70282932	0.00000000	0.00000000	0.00000000	500.20118350	1.88372223	0.00000000	1955047.00000000	318666.00000000	12715.00000000	140037.00000000	0.00000000	0.00000000	0.00000000	1.94023590	0.00000000	0.00000000	0.00000000
662.11100000	194.80276678	0.00000000	0.00000000	0.00000000	500.17504374	1.88372223	0.00000000	1963584.00000000	316115.00000000	11802.00000000	140669.00000000	0.00000000	0.00000000	0.00000000	1.94023590	0.00000000	0.00000000	0.00000000
670.12400000	194.91889436	0.00000000	0.00000000	0.00000000	500.28078352	1.88372223	0.00000000	1969417.00000000	315106.00000000	11371.00000000	141265.00000000	0.00000000	0.00000000	0.00000000	1.94023590	0.00000000	0.00000000	0.00000000
678.06000000	195.00294982	0.00000000	0.00000000	0.00000000	500.05202884	1.88372223	0.00000000	1970448.00000000	313426.00000000	10679.00000000	140835.00000000	0.00000000	0.00000000	0.00000000	1.94023590	0.00000000	0.00000000	0.00000000
685.99900000	195.10498675	0.00000000	0.00000000	0.00000000	500.52000137	1.88372223	0.00000000	1969909.00000000	312979.00000000	10707.00000000	140699.00000000	0.00000000	0.00000000	0.00000000	1.94023590	0.00000000	0.00000000	0.00000000
693.85800000	195.20533761	0.00000000	0.00000000	0.00000000	500.33824012	1.88372223	0.00000000	1973466.00000000	313196.00000000	10342.00000000	140910.00000000	0.00000000	0.00000000	0.00000000	1.94023590	0.00000000	0.00000000	0.00000000
702.06100000	195.30220233	0.00000000	0.00000000	0.00000000	500.15575227	1.88372223	0.00000000	1977506.00000000	313802.00000000	10310.00000000	141258.00000000	0.00000000	0.00000000	0.00000000	1.94023590	0.00000000	0.00000000	0.00000000
709.99900000	195.39916323	0.00000000	0.00000000	0.00000000	500.16230992	1.88372223	0.00000000	1980040.00000000	313958.00000000	10429.00000000	141078.00000000	0.00000000	0.00000000	0.00000000	1.94023590	0.00000000	0.00000000	0.00000000
718.04600000	195.50161536	0.00000000	0.00000000	0.00000000	500.03052121	1.88372223	0.00000000	1981826.00000000	314607.00000000	10124.00000000	141356.00000000	0.00000000	0.00000000	0.00000000	1.94023590	0.00000000	0.00000000	0.00000000
725.87400000	195.60597524	0.00000000	0.00000000	0.00000000	500.16699655	1.88372223	0.00000000	1989439.00000000	315271.00000000	10391.00000000	141524.00000000	0.00000000	0.00000000	0.00000000	1.94023590	0.00000000	0.00000000	0.00000000
734.00000000	195.70864442	0.00000000	0.00000000	0.00000000	500.02821423	1.88372223	0.00000000	1980238.00000000	313732.00000000	10118.00000000	140650.00000000	0.00000000	0.00000000	0.00000000	1.94023590	0.00000000	0.00000000	0.00000000
742.01400000	195.80600943	0.00000000	0.00000000	0.00000000	500.06806873	1.88372223	0.00000000	1975999.00000000	312735.00000000	10271.00000000	140075.00000000	0.00000000	0.00000000	0.00000000	1.94023590	0.00000000	0.00000000	0.00000000
749.84200000	195.90166564	0.00000000	0.00000000	0.00000000	500.22754124	1.88372223	0.00000000	1981943.00000000	313898.00000000	10356.00000000	140700.00000000	0.00000000	0.00000000	0.00000000	1.94023590	0.00000000	0.00000000	0.00000000
757.67100000	196.00103039	0.00000000	0.00000000	0.00000000	500.11882237	1.88372223	0.00000000	1977965.00000000	313024.00000000	10219.00000000	139933.00000000	0.00000000	0.00000000	0.00000000	1.94023590	0.00000000	0.00000000	0.00000000
765.29600000	196.20006261	0.00000000	0.00000000	0.00000000	500.32703218	1.88372223	0.00000000	1990825.00000000	315154.00000000	10317.00000000	140853.00000000	0.00000000	0.00000000	0.00000000	1.94023590	0.00000000	0.00000000	0.00000000
773.34300000	196.44851416	0.00000000	0.00000000	0.00000000	500.16692389	1.88372223	0.00000000	1984977.00000000	313461.00000000	10533.00000000	139330.00000000	0.00000000	0.00000000	0.00000000	1.94023590	0.00000000	0.00000000	0.00000000
781.46600000	196.70851890	0.00000000	0.00000000	0.00000000	500.20917620	1.88372223	0.00000000	1993737.00000000	315612.00000000	10959.00000000	140162.00000000	0.00000000	0.00000000	0.00000000	1.94023590	0.00000000	0.00000000	0.00000000
789.28100000	196.95096001	0.00000000	0.00000000	0.00000000	500.26359921	1.88372223	0.00000000	2008033.00000000	319383.00000000	10820.00000000	141199.00000000	0.00000000	0.00000000	0.00000000	1.94023590	0.00000000	0.00000000	0.00000000
797.42000000	197.20680767	0.00000000	0.00000000	0.00000000	500.10765076	1.88372223	0.00000000	2007906.00000000	321141.00000000	11401.00000000	141044.00000000	0.00000000	0.00000000	0.00000000	1.94023590	0.00000000	0.00000000	0.00000000
805.43600000	197.45598273	0.00000000	0.00000000	0.00000000	499.89268348	1.88372223	0.00000000	2009805.00000000	324345.00000000	11861.00000000	140184.00000000	0.00000000	0.00000000	0.00000000	1.94023590	0.00000000	0.00000000	0.00000000
813.37400000	197.70211011	0.00000000	0.00000000	0.00000000	500.16941252	1.88372223	0.00000000	2001007.00000000	328512.00000000	12634.00000000	138762.00000000	0.00000000	0.00000000	0.00000000	1.94023590	0.00000000	0.00000000	0.00000000
821.59400000	197.95069554	0.00000000	0.00000000	0.00000000	500.31547910	1.88372223	0.00000000	2016197.00000000	342787.00000000	13423.00000000	140242.00000000	0.00000000	0.00000000	0.00000000	1.94023590	0.00000000	0.00000000	0.00000000
829.73400000	198.20730053	0.00000000	0.00000000	0.00000000	500.32634190	1.88372223	0.00000000	2025735.00000000	359958.00000000	13823.00000000	140477.00000000	0.00000000	0.00000000	0.00000000	1.94023590	0.00000000	0.00000000	0.00000000
837.45200000	198.45345267	0.00000000	0.00000000	0.00000000	500.09953090	1.88372223	0.00000000	2008886.00000000	368708.00000000	13661.00000000	138475.00000000	0.00000000	0.00000000	0.00000000	1.94023590	0.00000000	0.00000000	0.00000000
845.48400000	198.70207468	0.00000000	0.00000000	0.00000000	500.47090076	1.88372223	0.00000000	2034241.00000000	379151.00000000	13446.00000000	139961.00000000	0.00000000	0.00000000	0.00000000	1.94023590	0.00000000	0.00000000	0.00000000
853.51500000	198.96249534	0.00000000	0.00000000	0.00000000	500.24741400	1.88372223	0.00000000	2033915.00000000	381230.00000000	12886.00000000	139736.00000000	0.00000000	0.00000000	0.00000000	1.94023590	0.00000000	0.00000000	0.00000000
861.49800000	199.20119233	0.00000000	0.00000000	0.00000000	500.03711519	1.88372223	0.00000000	2031886.00000000	381771.00000000	12705.00000000	139301.00000000	0.00000000	0.00000000	0.00000000	1.94023590	0.00000000	0.00000000	0.00000000
869.63900000	199.44982094	0.00000000	0.00000000	0.00000000	500.55102757	1.88372223	0.00000000	2028319.00000000	382418.00000000	12317.00000000	138641.00000000	0.00000000	0.00000000	0.00000000	1.94023590	0.00000000	0.00000000	0.00000000
877.38800000	199.70282387	0.00000000	0.00000000	0.00000000	500.32663255	1.88372223	0.00000000	2022532.00000000	384247.00000000	12368.00000000	137951.00000000	0.00000000	0.00000000	0.00000000	1.94023590	0.00000000	0.00000000	0.00000000
885.10800000	199.95270710	0.00000000	0.00000000	0.00000000	500.11391776	1.88372223	0.00000000	2025309.00000000	385846.00000000	12247.00000000	137700.00000000	0.00000000	0.00000000	0.00000000	1.94023590	0.00000000	0.00000000	0.00000000
892.96900000	200.20133061	0.00000000	0.00000000	0.00000000	500.34766788	1.88372223	0.00000000	2058450.00000000	389618.00000000	12211.00000000	139466.00000000	0.00000000	0.00000000	0.00000000	1.94023590	0.00000000	0.00000000	0.00000000
901.07800000	200.45246378	0.00000000	0.00000000	0.00000000	500.12080238	1.88372223	0.00000000	2050929.00000000	383636.00000000	11474.00000000	138873.00000000	0.00000000	0.00000000	0.00000000	1.94023590	0.00000000	0.00000000	0.00000000
909.01500000	200.70043721	0.00000000	0.00000000	0.00000000	500.54147266	1.88372223	0.00000000	2038837.00000000	373863.00000000	11341.00000000	137048.00000000	0.00000000	0.00000000	0.00000000	1.94023590	0.00000000	0.00000000	0.00000000
917.23400000	200.95092492	0.00000000	0.00000000	0.00000000	500.36570594	1.88372223	0.00000000	2054465.00000000	372604.00000000	10911.00000000	138336.00000000	0.00000000	0.00000000	0.00000000	1.94023590	0.00000000	0.00000000	0.00000000
925.04600000	201.20203870	0.00000000	0.00000000	0.00000000	500.23032052	1.88372223	0.00000000	2064700.00000000	367861.00000000	10476.00000000	138439.00000000	0.00000000	0.00000000	0.00000000	1.94023590	0.00000000	0.00000000	0.00000000
932.90500000	201.45187139	0.00000000	0.00000000	0.00000000	500.07419041	1.88372223	0.00000000	2060129.00000000	362733.00000000	10629.00000000	138222.00000000	0.00000000	0.00000000	0.00000000	1.94023590	0.00000000	0.00000000	0.00000000
941.01500000	201.71764038	0.00000000	0.00000000	0.00000000	500.44864836	1.88372223	0.00000000	2051765.00000000	356261.00000000	9954.00000000	136971.00000000	0.00000000	0.00000000	0.00000000	1.94023590	0.00000000	0.00000000	0.00000000
949.26500000	201.95915997	0.00000000	0.00000000	0.00000000	500.21435329	1.88372223	0.00000000	2068249.00000000	355194.00000000	10003.00000000	137876.00000000	0.00000000	0.00000000	0.00000000	1.94023590	0.00000000	0.00000000	0.00000000
957.18700000	202.20125862	0.00000000	0.00000000	0.00000000	500.27308146	1.88372223	0.00000000	2066827.00000000	351424.00000000	10106.00000000	137318.00000000	0.00000000	0.00000000	0.00000000	1.94023590	0.00000000	0.00000000	0.00000000
965.00000000	202.45358060	0.00000000	0.00000000	0.00000000	500.56396121	1.88372223	0.00000000	2086778.00000000	352215.00000000	10128.00000000	138401.00000000	0.00000000	0.00000000	0.00000000	1.94023590	0.00000000	0.00000000	0.00000000
973.23500000	202.71039990	0.00000000	0.00000000	0.00000000	500.33655076	1.88372223	0.00000000	2090606.00000000	350677.00000000	10056.00000000	138308.00000000	0.00000000	0.00000000	0.00000000	1.94023590	0.00000000	0.00000000	0.00000000
981.15500000	202.95042810	0.00000000	0.00000000	0.00000000	500.11095683	1.88372223	0.00000000	2077287.00000000	346750.00000000	10132.00000000	136888.00000000	0.00000000	0.00000000	0.00000000	1.94023590	0.00000000	0.00000000	0.00000000
989.01500000	203.20073890	0.00000000	0.00000000	0.00000000	500.35633269	1.88372223	0.00000000	2088476.00000000	347645.00000000	9971.00000000	137385.00000000	0.00000000	0.00000000	0.00000000	1.94023590	0.00000000	0.00000000	0.00000000
996.82700000	203.45361554	0.00000000	0.00000000	0.00000000	500.13597034	1.88372223	0.00000000	2085415.00000000	347173.00000000	10010.00000000	136900.00000000	0.00000000	0.00000000	0.00000000	1.94023590	0.00000000	0.00000000	0.00000000
1004.64000000	203.70126511	0.00000000	0.00000000	0.00000000	500.44107346	1.88372223	0.00000000	2087109.00000000	347439.00000000	10119.00000000	136761.00000000	0.00000000	0.00000000	0.00000000	1.94023590	0.00000000	0.00000000	0.00000000
1012.48300000	203.95147549	0.00000000	0.00000000	0.00000000	500.27805873	1.88372223	0.00000000	2083453.00000000	346391.00000000	9854.00000000	135842.00000000	0.00000000	0.00000000	0.00000000	1.94023590	0.00000000	0.00000000	0.00000000
1020.39000000	204.20033935	0.00000000	0.00000000	0.00000000	500.05508060	1.88372223	0.00000000	2089716.00000000	347892.00000000	9707.00000000	136134.00000000	0.00000000	0.00000000	0.00000000	1.94023590	0.00000000	0.00000000	0.00000000
1028.64000000	204.45177809	0.00000000	0.00000000	0.00000000	500.58285304	1.88372223	0.00000000	2095464.00000000	348362.00000000	10045.00000000	135979.00000000	0.00000000	0.00000000	0.00000000	1.94023590	0.00000000	0.00000000	0.00000000
1036.78200000	204.72158310	0.00000000	0.00000000	0.00000000	500.34850348	1.88372223	0.00000000	2092716.00000000	346934.00000000	10076.00000000	135110.00000000	0.00000000	0.00000000	0.00000000	1.94023590	0.00000000	0.00000000	0.00000000
1044.84500000	204.95058851	0.00000000	0.00000000	0.00000000	500.12247358	1.88372223	0.00000000	2104345.00000000	349156.00000000	9835.00000000	135884.00000000	0.00000000	0.00000000	0.00000000	1.94023590	0.00000000	0.00000000	0.00000000
1052.45200000	205.20189822	0.00000000	0.00000000	0.00000000	500.52385239	1.88372223	0.00000000	2108992.00000000	349374.00000000	9923.00000000	136030.00000000	0.00000000	0.00000000	0.00000000	1.94023590	0.00000000	0.00000000	0.00000000
1060.36000000	205.45183894	0.00000000	0.00000000	0.00000000	500.37202744	1.88372223	0.00000000	2098675.00000000	346113.00000000	9795.00000000	134737.00000000	0.00000000	0.00000000	0.00000000	1.94023590	0.00000000	0.00000000	0.00000000
1068.48500000	205.70039839	0.00000000	0.00000000	0.00000000	499.67275710	1.88372223	0.00000000	2102810.00000000	345729.00000000	9626.00000000	134703.00000000	0.00000000	0.00000000	0.00000000	1.94023590	0.00000000	0.00000000	0.00000000
1076.32700000	205.95355151	0.00000000	0.00000000	0.00000000	499.89978609	1.88372223	0.00000000	2106260.00000000	344026.00000000	9742.00000000	134232.00000000	0.00000000	0.00000000	0.00000000	1.94023590	0.00000000	0.00000000	0.00000000
1084.24900000	206.20332720	0.00000000	0.00000000	0.00000000	499.84928676	1.88372223	0.00000000	2106534.00000000	342413.00000000	9437.00000000	133959.00000000	0.00000000	0.00000000	0.00000000	1.94023590	0.00000000	0.00000000	0.00000000
1091.98200000	206.45170403	0.00000000	0.00000000	0.00000000	500.54990133	1.88372223	0.00000000	2111705.00000000	342490.00000000	9562.00000000	134221.00000000	0.00000000	0.00000000	0.00000000	1.94023590	0.00000000	0.00000000	0.00000000
1099.64000000	206.70269027	0.00000000	0.00000000	0.00000000	500.33467974	1.88372223	0.00000000	2118391.00000000	341988.00000000	9636.00000000	133999.00000000	0.00000000	0.00000000	0.00000000	1.94023590	0.00000000	0.00000000	0.00000000
1107.64100000	206.95227232	0.00000000	0.00000000	0.00000000	500.10554359	1.88372223	0.00000000	2118031.00000000	341064.00000000	9541.00000000	133979.00000000	0.00000000	0.00000000	0.00000000	1.94023590	0.00000000	0.00000000	0.00000000
1115.67100000	207.19841779	0.00000000	0.00000000	0.00000000	500.69696699	1.88372223	0.00000000	2124470.00000000	339928.00000000	9552.00000000	133660.00000000	0.00000000	0.00000000	0.00000000	1.94023590	0.00000000	0.00000000	0.00000000
1123.81300000	207.51198943	0.00000000	0.00000000	0.00000000	500.47077361	1.88372223	0.00000000	2120690.00000000	337984.00000000	9148.00000000	133040.00000000	0.00000000	0.00000000	0.00000000	1.94023590	0.00000000	0.00000000	0.00000000
1131.96800000	208.01975506	0.00000000	0.00000000	0.00000000	500.23903983	1.88372223	0.00000000	2107602.00000000	333492.00000000	9097.00000000	131627.00000000	0.00000000	0.00000000	0.00000000	1.94023590	0.00000000	0.00000000	0.00000000
1139.98300000	208.49932583	0.00000000	0.00000000	0.00000000	500.01426333	1.88372223	0.00000000	2117828.00000000	332868.00000000	9039.00000000	131933.00000000	0.00000000	0.00000000	0.00000000	1.94023590	0.00000000	0.00000000	0.00000000
1147.82700000	209.00166400	0.00000000	0.00000000	0.00000000	500.58741252	1.88372223	0.00000000	2131925.00000000	331548.00000000	9045.00000000	131950.00000000	0.00000000	0.00000000	0.00000000	1.94023590	0.00000000	0.00000000	0.00000000
1155.84300000	209.49816807	0.00000000	0.00000000	0.00000000	500.36187308	1.88372223	0.00000000	2083118.00000000	320004.00000000	8692.00000000	127714.00000000	0.00000000	0.00000000	0.00000000	1.94023590	0.00000000	0.00000000	0.00000000
1163.87500000	210.00326180	0.00000000	0.00000000	0.00000000	500.13437180	1.88372223	0.00000000	2094313.00000000	319315.00000000	8678.00000000	127916.00000000	0.00000000	0.00000000	0.00000000	1.94023590	0.00000000	0.00000000	0.00000000
1171.59300000	210.50454198	0.00000000	0.00000000	0.00000000	500.33122835	1.88372223	0.00000000	2102599.00000000	318058.00000000	8556.00000000	127875.00000000	0.00000000	0.00000000	0.00000000	1.94023590	0.00000000	0.00000000	0.00000000
1179.51400000	211.00193643	0.00000000	0.00000000	0.00000000	500.12414478	1.88372223	0.00000000	2104724.00000000	315571.00000000	8453.00000000	127484.00000000	0.00000000	0.00000000	0.00000000	1.94023590	0.00000000	0.00000000	0.00000000
1187.24800000	211.50168711	0.00000000	0.00000000	0.00000000	500.25891259	1.88372223	0.00000000	2100731.00000000	312782.00000000	8604.00000000	126685.00000000	0.00000000	0.00000000	0.00000000	1.94023590	0.00000000	0.00000000	0.00000000
1195.48400000	211.99958134	0.00000000	0.00000000	0.00000000	500.12610663	1.88372223	0.00000000	2096536.00000000	309702.00000000	8379.00000000	125395.00000000	0.00000000	0.00000000	0.00000000	1.94023590	0.00000000	0.00000000	0.00000000
1203.40600000	212.50407482	0.00000000	0.00000000	0.00000000	499.94296483	1.88372223	0.00000000	2094489.00000000	307960.00000000	8439.00000000	124791.00000000	0.00000000	0.00000000	0.00000000	1.94023590	0.00000000	0.00000000	0.00000000
1211.45100000	213.01951521	0.00000000	0.00000000	0.00000000	499.88594418	1.88372223	0.00000000	2086766.00000000	305649.00000000	8286.00000000	123658.00000000	0.00000000	0.00000000	0.00000000	1.94023590	0.00000000	0.00000000	0.00000000
1219.38800000	213.50528488	0.00000000	0.00000000	0.00000000	499.97061230	1.88372223	0.00000000	2072361.00000000	301996.00000000	8328.00000000	121567.00000000	0.00000000	0.00000000	0.00000000	1.94023590	0.00000000	0.00000000	0.00000000
1227.61000000	214.01482389	0.00000000	0.00000000	0.00000000	500.18369039	1.88372223	0.00000000	2088353.00000000	304017.00000000	8457.00000000	121890.00000000	0.00000000	0.00000000	0.00000000	1.94023590	0.00000000	0.00000000	0.00000000
1235.82700000	214.51164411	0.00000000	0.00000000	0.00000000	499.95213826	1.88372223	0.00000000	2069334.00000000	301570.00000000	8388.00000000	120164.00000000	0.00000000	0.00000000	0.00000000	1.94023590	0.00000000	0.00000000	0.00000000
1243.63800000	215.00425108	0.00000000	0.00000000	0.00000000	500.23996626	1.88372223	0.00000000	2073890.00000000	302600.00000000	8576.00000000	119848.00000000	0.00000000	0.00000000	0.00000000	1.94023590	0.00000000	0.00000000	0.00000000
1251.78100000	215.50786651	0.00000000	0.00000000	0.00000000	500.01453581	1.88372223	0.00000000	2069496.00000000	302234.00000000	8501.00000000	118599.00000000	0.00000000	0.00000000	0.00000000	1.94023590	0.00000000	0.00000000	0.00000000
1259.88900000	216.00506508	0.00000000	0.00000000	0.00000000	500.30962989	1.88372223	0.00000000	2076092.00000000	304328.00000000	8577.00000000	118598.00000000	0.00000000	0.00000000	0.00000000	1.94023590	0.00000000	0.00000000	0.00000000
1267.93800000	216.51118000	0.00000000	0.00000000	0.00000000	500.08599781	1.88372223	0.00000000	2061707.00000000	302777.00000000	8124.00000000	117173.00000000	0.00000000	0.00000000	0.00000000	1.94023590	0.00000000	0.00000000	0.00000000
1275.85900000	217.00416123	0.00000000	0.00000000	0.00000000	500.87985447	1.88372223	0.00000000	2058950.00000000	300965.00000000	8610.00000000	116102.00000000	0.00000000	0.00000000	0.00000000	1.94023590	0.00000000	0.00000000	0.00000000
1283.78100000	217.50607036	0.00000000	0.00000000	0.00000000	500.65456935	1.88372223	0.00000000	2051104.00000000	297286.00000000	8568.00000000	114827.00000000	0.00000000	0.00000000	0.00000000	1.94023590	0.00000000	0.00000000	0.00000000
1291.93700000	218.00136184	0.00000000	0.00000000	0.00000000	500.42826698	1.88372223	0.00000000	2040996.00000000	292080.00000000	8330.00000000	113520.00000000	0.00000000	0.00000000	0.00000000	1.94023590	0.00000000	0.00000000	0.00000000
1300.04600000	218.50340704	0.00000000	0.00000000	0.00000000	500.19686018	1.88372223	0.00000000	2047917.00000000	287873.00000000	8400.00000000	113024.00000000	0.00000000	0.00000000	0.00000000	1.94023590	0.00000000	0.00000000	0.00000000
1308.26400000	219.00551325	0.00000000	0.00000000	0.00000000	500.09758722	1.88372223	0.00000000	2027181.00000000	280025.00000000	8204.00000000	111192.00000000	0.00000000	0.00000000	0.00000000	1.94023590	0.00000000	0.00000000	0.00000000
1316.31100000	219.50539822	0.00000000	0.00000000	0.00000000	500.15482585	1.88372223	0.00000000	2033385.00000000	275769.00000000	7976.00000000	110856.00000000	0.00000000	0.00000000	0.00000000	1.94023590	0.00000000	0.00000000	0.00000000
1324.56200000	220.00073830	0.00000000	0.00000000	0.00000000	499.94114830	1.88372223	0.00000000	2020533.00000000	269702.00000000	7673.00000000	109282.00000000	0.00000000	0.00000000	0.00000000	1.94023590	0.00000000	0.00000000	0.00000000
1332.46900000	220.50289451	0.00000000	0.00000000	0.00000000	499.71560887	1.88372223	0.00000000	2012502.00000000	265067.00000000	7448.00000000	108393.00000000	0.00000000	0.00000000	0.00000000	1.94023590	0.00000000	0.00000000	0.00000000
1340.10800000	221.00045398	0.00000000	0.00000000	0.00000000	499.77424622	1.88372223	0.00000000	2015091.00000000	261630.00000000	7446.00000000	107820.00000000	0.00000000	0.00000000	0.00000000	1.94023590	0.00000000	0.00000000	0.00000000
1348.03100000	221.50026408	0.00000000	0.00000000	0.00000000	500.00463577	1.88372223	0.00000000	1999112.00000000	255948.00000000	7301.00000000	105838.00000000	0.00000000	0.00000000	0.00000000	1.94023590	0.00000000	0.00000000	0.00000000
1355.76500000	222.00234013	0.00000000	0.00000000	0.00000000	500.01945859	1.88372223	0.00000000	1996980.00000000	253102.00000000	7496.00000000	105418.00000000	0.00000000	0.00000000	0.00000000	1.94023590	0.00000000	0.00000000	0.00000000
1363.48300000	222.50436807	0.00000000	0.00000000	0.00000000	500.41840326	1.88372223	0.00000000	1999930.00000000	250559.00000000	7439.00000000	104542.00000000	0.00000000	0.00000000	0.00000000	1.94023590	0.00000000	0.00000000	0.00000000
1371.35900000	223.00165192	0.00000000	0.00000000	0.00000000	500.20192827	1.88372223	0.00000000	1988504.00000000	247308.00000000	7288.00000000	103533.00000000	0.00000000	0.00000000	0.00000000	1.94023590	0.00000000	0.00000000	0.00000000
1379.46700000	223.50586450	0.00000000	0.00000000	0.00000000	500.11833191	1.88372223	0.00000000	1991469.00000000	245328.00000000	7261.00000000	102706.00000000	0.00000000	0.00000000	0.00000000	1.94023590	0.00000000	0.00000000	0.00000000
1387.10900000	224.00291824	0.00000000	0.00000000	0.00000000	500.19569760	1.88372223	0.00000000	1987893.00000000	243167.00000000	7010.00000000	102038.00000000	0.00000000	0.00000000	0.00000000	1.94023590	0.00000000	0.00000000	0.00000000
1395.23300000	224.51167411	0.00000000	0.00000000	0.00000000	500.32563346	1.88372223	0.00000000	1981060.00000000	240237.00000000	7083.00000000	101008.00000000	0.00000000	0.00000000	0.00000000	1.94023590	0.00000000	0.00000000	0.00000000
1403.20300000	225.00368800	0.00000000	0.00000000	0.00000000	500.45704070	1.88372223	0.00000000	1973924.00000000	237846.00000000	7168.00000000	99961.00000000	0.00000000	0.00000000	0.00000000	1.94023590	0.00000000	0.00000000	0.00000000
