SU
Andor
Scan Type: One Motor From File
C:\Beamline Controls\BCS Setup Data\ScanFiles\Zakaria Long Pickle RIXS\CoL3.txt
X Motor: BL 8 Energy
Delay After Move (s): 0.10000000
Stay at End: 0
Curvature: 0.0
Clip to ROI: No
ROI: 1309 526 2539 1627
Background ROI: None
Data File Path: C:\Beamline Controls\BCS Setup Data\240706\CCD Scan 17177
Time	Frame #	BL 8 Energy	Izero	Izero 2	TFY	TEY	Sample Current	Beam Current	Total Flux	Counts	Background	Filename
03:41:25	1.00000000	775.01194649	30603446.00000000	713075.00000000	9987520.00000000	264837.00000000	0.00000000	0.00000000	0.00000000	560682.00000000	334.00000000	cox17177-00001
03:46:31	2.00000000	775.51056214	30821566.00000000	716298.00000000	9889708.00000000	270935.00000000	0.00000000	0.00000000	0.00000000	567998.00000000	334.00000000	cox17177-00002
03:51:38	3.00000000	776.01432059	30916400.00000000	719925.00000000	9803646.00000000	273909.00000000	0.00000000	0.00000000	0.00000000	584878.00000000	334.00000000	cox17177-00003
03:56:45	4.00000000	776.50972084	30968050.00000000	720324.00000000	9714600.00000000	276394.00000000	0.00000000	0.00000000	0.00000000	597791.00000000	334.00000000	cox17177-00004
04:01:52	5.00000000	777.02380357	30956858.00000000	721391.00000000	9725221.00000000	278824.00000000	0.00000000	0.00000000	0.00000000	608289.00000000	334.00000000	cox17177-00005
04:06:59	6.00000000	777.51145766	30889997.00000000	716460.00000000	9872858.00000000	283881.00000000	0.00000000	0.00000000	0.00000000	651981.00000000	334.00000000	cox17177-00006
04:12:06	7.00000000	777.71482758	31072577.00000000	721625.00000000	9923911.00000000	293996.00000000	0.00000000	0.00000000	0.00000000	716341.00000000	334.00000000	cox17177-00007
04:17:13	8.00000000	777.90021283	30972838.00000000	715913.00000000	9985435.00000000	308604.00000000	0.00000000	0.00000000	0.00000000	749074.00000000	333.00000000	cox17177-00008
04:22:20	9.00000000	778.10831127	31132668.00000000	719313.00000000	10102170.00000000	333177.00000000	0.00000000	0.00000000	0.00000000	783391.00000000	335.00000000	cox17177-00009
04:27:25	10.00000000	778.30746617	31090087.00000000	717033.00000000	10057009.00000000	349286.00000000	0.00000000	0.00000000	0.00000000	987466.00000000	333.00000000	cox17177-00010
04:32:32	11.00000000	778.49766371	31223027.00000000	720993.00000000	9962178.00000000	345298.00000000	0.00000000	0.00000000	0.00000000	1082913.00000000	333.00000000	cox17177-00011
04:37:41	12.00000000	778.70154998	31104838.00000000	719413.00000000	9902395.00000000	351325.00000000	0.00000000	0.00000000	0.00000000	1078441.00000000	334.00000000	cox17177-00012
04:42:48	13.00000000	778.90554308	31240209.00000000	723601.00000000	10115509.00000000	376443.00000000	0.00000000	0.00000000	0.00000000	1202710.00000000	334.00000000	cox17177-00013
04:47:54	14.00000000	779.10510637	31119313.00000000	721699.00000000	10496542.00000000	413397.00000000	0.00000000	0.00000000	0.00000000	1382926.00000000	334.00000000	cox17177-00014
04:53:01	15.00000000	779.31385010	31300337.00000000	727491.00000000	11105783.00000000	448239.00000000	0.00000000	0.00000000	0.00000000	1566418.00000000	334.00000000	cox17177-00015
04:58:07	16.00000000	779.50908130	31223478.00000000	724085.00000000	11414966.00000000	458362.00000000	0.00000000	0.00000000	0.00000000	1682539.00000000	334.00000000	cox17177-00016
05:03:14	17.00000000	779.70895404	31200490.00000000	726277.00000000	11542705.00000000	456246.00000000	0.00000000	0.00000000	0.00000000	1769608.00000000	334.00000000	cox17177-00017
05:08:20	18.00000000	779.90438329	31233678.00000000	726694.00000000	11679735.00000000	439829.00000000	0.00000000	0.00000000	0.00000000	1864557.00000000	334.00000000	cox17177-00018
05:13:27	19.00000000	780.10445884	31267105.00000000	730003.00000000	11959489.00000000	453772.00000000	0.00000000	0.00000000	0.00000000	1924161.00000000	334.00000000	cox17177-00019
05:18:34	20.00000000	780.30463708	31275747.00000000	729003.00000000	11747272.00000000	434058.00000000	0.00000000	0.00000000	0.00000000	1881184.00000000	334.00000000	cox17177-00020
05:23:40	21.00000000	780.50036511	31322579.00000000	729134.00000000	11581478.00000000	424043.00000000	0.00000000	0.00000000	0.00000000	1852034.00000000	335.00000000	cox17177-00021
05:28:46	22.00000000	780.70530195	31271802.00000000	728215.00000000	11596728.00000000	422335.00000000	0.00000000	0.00000000	0.00000000	1813858.00000000	335.00000000	cox17177-00022
05:33:52	23.00000000	780.90578874	31254484.00000000	730746.00000000	11580537.00000000	453126.00000000	0.00000000	0.00000000	0.00000000	1821980.00000000	333.00000000	cox17177-00023
05:39:00	24.00000000	781.11093858	31155604.00000000	727439.00000000	11122014.00000000	432314.00000000	0.00000000	0.00000000	0.00000000	1674204.00000000	334.50000000	cox17177-00024
05:44:07	25.00000000	781.31163380	31090164.00000000	725762.00000000	10563256.00000000	397838.00000000	0.00000000	0.00000000	0.00000000	1576861.00000000	333.00000000	cox17177-00025
05:49:14	26.00000000	781.50330275	31049434.00000000	725217.00000000	10123402.00000000	381534.00000000	0.00000000	0.00000000	0.00000000	1449349.00000000	333.00000000	cox17177-00026
05:54:22	27.00000000	781.69963269	30975707.00000000	724053.00000000	9672024.00000000	372637.00000000	0.00000000	0.00000000	0.00000000	1367450.00000000	334.00000000	cox17177-00027
05:59:29	28.00000000	781.90976933	30978463.00000000	722790.00000000	9405753.00000000	363240.00000000	0.00000000	0.00000000	0.00000000	1285876.00000000	335.00000000	cox17177-00028
06:04:34	29.00000000	782.11087533	30907608.00000000	724260.00000000	9205472.00000000	352734.00000000	0.00000000	0.00000000	0.00000000	1283854.00000000	333.00000000	cox17177-00029
06:09:42	30.00000000	782.30751073	30779799.00000000	719815.00000000	9029381.00000000	347988.00000000	0.00000000	0.00000000	0.00000000	1174241.00000000	335.00000000	cox17177-00030
06:14:49	31.00000000	782.51339788	30799167.00000000	720996.00000000	8898214.00000000	342161.00000000	0.00000000	0.00000000	0.00000000	1146404.00000000	334.00000000	cox17177-00031
06:19:56	32.00000000	782.91633500	30844720.00000000	725640.00000000	8772769.00000000	336879.00000000	0.00000000	0.00000000	0.00000000	1135297.00000000	334.00000000	cox17177-00032
06:25:04	33.00000000	783.30592984	30814233.00000000	722291.00000000	8627198.00000000	331431.00000000	0.00000000	0.00000000	0.00000000	1077185.00000000	335.00000000	cox17177-00033
06:30:10	34.00000000	783.70050299	30829826.00000000	725096.00000000	8374319.00000000	322823.00000000	0.00000000	0.00000000	0.00000000	1049015.00000000	334.00000000	cox17177-00034
06:35:17	35.00000000	784.10925912	30840759.00000000	726156.00000000	8050419.00000000	315027.00000000	0.00000000	0.00000000	0.00000000	918721.00000000	334.00000000	cox17177-00035
06:40:23	36.00000000	784.49544278	30781962.00000000	726658.00000000	7824896.00000000	309094.00000000	0.00000000	0.00000000	0.00000000	833369.00000000	335.00000000	cox17177-00036
06:45:30	37.00000000	784.91423795	30834430.00000000	729865.00000000	7746332.00000000	302896.00000000	0.00000000	0.00000000	0.00000000	827851.00000000	333.00000000	cox17177-00037
06:50:36	38.00000000	785.60553657	30697105.00000000	726024.00000000	8297861.00000000	298488.00000000	0.00000000	0.00000000	0.00000000	738839.00000000	334.00000000	cox17177-00038
06:55:44	39.00000000	785.80393348	30740772.00000000	730967.00000000	8353578.00000000	298565.00000000	0.00000000	0.00000000	0.00000000	768002.00000000	333.00000000	cox17177-00039
07:00:52	40.00000000	786.00243064	30774443.00000000	734931.00000000	8071492.00000000	298169.00000000	0.00000000	0.00000000	0.00000000	750428.00000000	334.00000000	cox17177-00040
07:05:58	41.00000000	786.20564785	30740125.00000000	739422.00000000	7689506.00000000	297062.00000000	0.00000000	0.00000000	0.00000000	741185.00000000	334.00000000	cox17177-00041
07:11:06	42.00000000	786.40434804	30789591.00000000	743057.00000000	7524928.00000000	296777.00000000	0.00000000	0.00000000	0.00000000	732066.00000000	334.00000000	cox17177-00042
07:16:13	43.00000000	786.61239770	30794207.00000000	747238.00000000	7408655.00000000	297329.00000000	0.00000000	0.00000000	0.00000000	716638.00000000	334.00000000	cox17177-00043
07:21:20	44.00000000	786.81593050	30794810.00000000	748777.00000000	7310143.00000000	296931.00000000	0.00000000	0.00000000	0.00000000	728825.00000000	333.00000000	cox17177-00044
07:26:28	45.00000000	787.00568090	30784545.00000000	750547.00000000	7243822.00000000	296852.00000000	0.00000000	0.00000000	0.00000000	718573.00000000	334.00000000	cox17177-00045
07:31:36	46.00000000	787.20015429	30737981.00000000	750520.00000000	7123429.00000000	295956.00000000	0.00000000	0.00000000	0.00000000	712300.00000000	334.00000000	cox17177-00046
07:36:44	47.00000000	787.71922020	30862048.00000000	755937.00000000	7057969.00000000	295717.00000000	0.00000000	0.00000000	0.00000000	667193.00000000	334.00000000	cox17177-00047
07:41:51	48.00000000	788.20646661	30907834.00000000	756776.00000000	7020875.00000000	295500.00000000	0.00000000	0.00000000	0.00000000	743086.00000000	332.00000000	cox17177-00048
