Instrument: Andor
X Size: 2048
Y Size: 64
Total Flux: 0.000
Total Counts: 608289
Background: 334.000000
Curvature: 0.0
Clipped to ROI: No
ROI: 1309 526 2539 1627
X	Counts
0	479
1	328
2	105
3	275
4	311
5	593
6	576
7	448
8	440
9	415
10	837
11	692
12	620
13	391
14	605
15	579
16	951
17	711
18	774
19	1219
20	905
21	459
22	1157
23	1068
24	1401
25	2009
26	1809
27	1873
28	1418
29	2332
30	2047
31	2080
32	1719
33	1724
34	1446
35	1380
36	1998
37	2518
38	2286
39	1795
40	1641
41	1949
42	1932
43	2238
44	2488
45	2627
46	3003
47	3643
48	3899
49	3967
50	4106
51	4846
52	5948
53	5654
54	5965
55	5464
56	6919
57	7447
58	7073
59	6913
60	7244
61	6734
62	7523
63	8310
64	8119
65	7904
66	8015
67	7314
68	7024
69	6367
70	5550
71	4756
72	4272
73	4433
74	4201
75	3856
76	4131
77	3845
78	4136
79	4006
80	3302
81	3085
82	2651
83	2390
84	2722
85	2076
86	1280
87	1538
88	1221
89	1092
90	814
91	1081
92	1392
93	1171
94	1537
95	1522
96	820
97	952
98	1162
99	342
100	759
101	1273
102	1169
103	1151
104	1411
105	988
106	779
107	1147
108	857
109	610
110	370
111	520
112	604
113	449
114	705
115	1160
116	595
117	373
118	334
119	328
120	143
121	73
122	134
123	331
124	322
125	195
126	132
127	134
128	286
129	213
130	151
131	96
132	80
133	141
134	317
135	376
136	285
137	161
138	97
139	201
140	120
141	84
142	84
143	114
144	167
145	54
146	150
147	227
148	143
149	149
150	117
151	63
152	66
153	148
154	83
155	47
156	113
157	177
158	108
159	114
160	123
161	95
162	85
163	131
164	64
165	54
166	71
167	87
168	64
169	88
170	56
171	59
172	92
173	59
174	91
175	57
176	35
177	79
178	35
179	58
180	51
181	68
182	73
183	71
184	37
185	46
186	120
187	30
188	39
189	90
190	23
191	66
192	66
193	101
194	45
195	79
196	79
197	49
198	66
199	117
200	50
201	78
202	135
203	83
204	72
205	51
206	57
207	129
208	118
209	61
210	45
211	70
212	60
213	91
214	78
215	51
216	98
217	101
218	322
219	48
220	96
221	97
222	69
223	117
224	126
225	63
226	77
227	58
228	77
229	47
230	67
231	38
232	147
233	81
234	97
235	38
236	55
237	84
238	75
239	65
240	37
241	53
242	74
243	94
244	71
245	91
246	53
247	107
248	40
249	67
250	57
251	55
252	138
253	68
254	40
255	25
256	64
257	44
258	47
259	37
260	46
261	34
262	64
263	161
264	109
265	49
266	20
267	57
268	70
269	38
270	19
271	28
272	69
273	72
274	22
275	81
276	59
277	68
278	33
279	32
280	99
281	59
282	145
283	81
284	90
285	55
286	58
287	22
288	50
289	51
290	65
291	55
292	46
293	30
294	41
295	52
296	37
297	83
298	102
299	53
300	77
301	309
302	99
303	95
304	167
305	103
306	46
307	33
308	31
309	76
310	71
311	50
312	30
313	35
314	19
315	76
316	14
317	50
318	32
319	39
320	33
321	57
322	37
323	46
324	46
325	39
326	69
327	57
328	56
329	38
330	53
331	98
332	106
333	49
334	23
335	15
336	87
337	20
338	66
339	61
340	32
341	18
342	55
343	46
344	42
345	30
346	88
347	73
348	138
349	45
350	55
351	55
352	25
353	61
354	113
355	35
356	49
357	53
358	38
359	56
360	46
361	27
362	33
363	49
364	21
365	54
366	48
367	87
368	20
369	33
370	25
371	70
372	42
373	18
374	36
375	50
376	64
377	71
378	52
379	17
380	67
381	68
382	51
383	30
384	27
385	33
386	65
387	114
388	195
389	71
390	22
391	26
392	53
393	82
394	46
395	49
396	55
397	34
398	15
399	30
400	80
401	33
402	14
403	6
404	9
405	52
406	34
407	24
408	12
409	46
410	4
411	40
412	32
413	14
414	45
415	24
416	107
417	43
418	17
419	59
420	24
421	41
422	62
423	53
424	127
425	15
426	27
427	48
428	18
429	36
430	31
431	14
432	30
433	42
434	28
435	30
436	48
437	34
438	57
439	135
440	14
441	28
442	34
443	65
444	36
445	38
446	40
447	22
448	109
449	88
450	79
451	31
452	114
453	45
454	40
455	44
456	32
457	17
458	32
459	88
460	86
461	56
462	66
463	33
464	26
465	51
466	17
467	18
468	45
469	94
470	19
471	18
472	12
473	60
474	0
475	32
476	15
477	62
478	37
479	56
480	72
481	8
482	31
483	37
484	42
485	35
486	82
487	83
488	115
489	67
490	26
491	35
492	27
493	19
494	5
495	19
496	9
497	17
498	22
499	50
500	36
501	34
502	22
503	10
504	19
505	84
506	252
507	12
508	19
509	39
510	33
511	23
512	23
513	24
514	46
515	25
516	19
517	5
518	15
519	37
520	10
521	21
522	17
523	27
524	58
525	71
526	43
527	72
528	51
529	55
530	8
531	17
532	9
533	16
534	58
535	60
536	68
537	39
538	65
539	24
540	39
541	102
542	11
543	5
544	3
545	15
546	37
547	32
548	50
549	56
550	81
551	48
552	26
553	48
554	57
555	21
556	41
557	27
558	37
559	40
560	12
561	67
562	50
563	10
564	41
565	15
566	37
567	11
568	27
569	28
570	52
571	25
572	17
573	66
574	78
575	49
576	75
577	32
578	49
579	80
580	61
581	38
582	34
583	77
584	16
585	34
586	32
587	28
588	34
589	26
590	40
591	52
592	22
593	31
594	17
595	30
596	14
597	19
598	27
599	32
600	75
601	100
602	16
603	53
604	125
605	37
606	26
607	47
608	93
609	17
610	75
611	78
612	29
613	30
614	90
615	105
616	38
617	62
618	53
619	30
620	40
621	41
622	36
623	23
624	66
625	111
626	88
627	55
628	25
629	63
630	64
631	82
632	22
633	58
634	23
635	23
636	33
637	10
638	26
639	30
640	53
641	78
642	71
643	32
644	15
645	27
646	71
647	21
648	59
649	46
650	34
651	84
652	39
653	84
654	120
655	32
656	27
657	49
658	20
659	61
660	35
661	35
662	49
663	32
664	287
665	115
666	105
667	47
668	153
669	122
670	58
671	48
672	73
673	22
674	34
675	59
676	78
677	104
678	237
679	62
680	73
681	41
682	85
683	60
684	31
685	24
686	74
687	89
688	50
689	102
690	180
691	135
692	87
693	100
694	70
695	70
696	115
697	179
698	42
699	63
700	40
701	74
702	275
703	122
704	31
705	34
706	57
707	41
708	52
709	41
710	62
711	47
712	91
713	42
714	64
715	76
716	51
717	46
718	47
719	89
720	73
721	99
722	40
723	63
724	58
725	53
726	65
727	118
728	100
729	190
730	72
731	67
732	78
733	68
734	57
735	69
736	76
737	54
738	66
739	39
740	107
741	58
742	53
743	55
744	80
745	221
746	165
747	214
748	66
749	57
750	95
751	28
752	43
753	62
754	106
755	70
756	24
757	151
758	77
759	55
760	153
761	126
762	75
763	69
764	121
765	100
766	103
767	61
768	58
769	76
770	117
771	60
772	85
773	121
774	81
775	109
776	116
777	65
778	65
779	51
780	58
781	103
782	39
783	43
784	79
785	88
786	80
787	165
788	126
789	122
790	125
791	156
792	73
793	92
794	186
795	57
796	95
797	97
798	81
799	111
800	80
801	89
802	241
803	108
804	233
805	57
806	65
807	84
808	40
809	40
810	65
811	42
812	77
813	92
814	65
815	110
816	38
817	78
818	41
819	85
820	100
821	96
822	44
823	130
824	156
825	52
826	69
827	62
828	79
829	80
830	89
831	138
832	149
833	204
834	83
835	192
836	231
837	165
838	129
839	83
840	104
841	43
842	27
843	73
844	59
845	40
846	60
847	67
848	86
849	99
850	88
851	84
852	115
853	61
854	72
855	133
856	82
857	81
858	57
859	100
860	217
861	89
862	63
863	141
864	172
865	84
866	45
867	128
868	52
869	40
870	101
871	88
872	63
873	48
874	85
875	148
876	99
877	60
878	114
879	77
880	102
881	112
882	108
883	68
884	38
885	58
886	41
887	84
888	124
889	82
890	71
891	88
892	70
893	64
894	85
895	51
896	103
897	131
898	55
899	66
900	64
901	84
902	88
903	80
904	100
905	67
906	40
907	115
908	73
909	112
910	76
911	62
912	133
913	88
914	165
915	69
916	46
917	108
918	71
919	82
920	110
921	91
922	37
923	152
924	67
925	58
926	41
927	108
928	98
929	186
930	26
931	165
932	87
933	77
934	91
935	70
936	131
937	95
938	103
939	101
940	67
941	102
942	114
943	86
944	168
945	61
946	168
947	154
948	113
949	117
950	81
951	109
952	90
953	85
954	76
955	113
956	91
957	180
958	253
959	128
960	113
961	156
962	68
963	111
964	122
965	108
966	99
967	104
968	68
969	66
970	138
971	95
972	64
973	117
974	153
975	123
976	108
977	201
978	249
979	75
980	63
981	92
982	104
983	110
984	96
985	170
986	112
987	116
988	137
989	148
990	93
991	254
992	113
993	126
994	141
995	107
996	142
997	114
998	142
999	66
1000	180
1001	220
1002	70
1003	114
1004	90
1005	157
1006	145
1007	105
1008	79
1009	75
1010	90
1011	176
1012	145
1013	448
1014	194
1015	110
1016	110
1017	180
1018	243
1019	90
1020	173
1021	90
1022	69
1023	95
1024	175
1025	99
1026	222
1027	345
1028	229
1029	616
1030	289
1031	293
1032	341
1033	541
1034	457
1035	314
1036	646
1037	750
1038	579
1039	1196
1040	1280
1041	818
1042	1048
1043	1635
1044	1445
1045	695
1046	1071
1047	1597
1048	1707
1049	1074
1050	1394
1051	957
1052	934
1053	1017
1054	759
1055	1079
1056	505
1057	252
1058	193
1059	508
1060	616
1061	498
1062	548
1063	734
1064	553
1065	319
1066	668
1067	472
1068	128
1069	265
1070	240
1071	798
1072	808
1073	345
1074	365
1075	162
1076	133
1077	114
1078	252
1079	163
1080	70
1081	126
1082	110
1083	209
1084	190
1085	448
1086	689
1087	306
1088	122
1089	151
1090	120
1091	120
1092	206
1093	358
1094	147
1095	130
1096	193
1097	108
1098	88
1099	125
1100	122
1101	192
1102	382
1103	86
1104	69
1105	151
1106	63
1107	148
1108	478
1109	240
1110	110
1111	98
1112	151
1113	317
1114	138
1115	74
1116	134
1117	111
1118	358
1119	361
1120	197
1121	188
1122	376
1123	78
1124	40
1125	85
1126	341
1127	267
1128	163
1129	132
1130	244
1131	141
1132	324
1133	204
1134	96
1135	37
1136	119
1137	214
1138	243
1139	235
1140	216
1141	132
1142	105
1143	51
1144	78
1145	92
1146	58
1147	103
1148	63
1149	48
1150	93
1151	134
1152	131
1153	127
1154	101
1155	61
1156	82
1157	42
1158	120
1159	81
1160	252
1161	225
1162	311
1163	164
1164	186
1165	81
1166	119
1167	223
1168	278
1169	209
1170	144
1171	151
1172	101
1173	163
1174	312
1175	283
1176	327
1177	192
1178	71
1179	126
1180	236
1181	284
1182	248
1183	125
1184	152
1185	124
1186	179
1187	127
1188	215
1189	772
1190	844
1191	658
1192	778
1193	427
1194	537
1195	385
1196	217
1197	262
1198	281
1199	205
1200	187
1201	299
1202	344
1203	790
1204	533
1205	177
1206	211
1207	262
1208	115
1209	175
1210	380
1211	136
1212	110
1213	97
1214	112
1215	113
1216	101
1217	73
1218	57
1219	112
1220	115
1221	251
1222	112
1223	86
1224	105
1225	206
1226	149
1227	85
1228	56
1229	39
1230	58
1231	111
1232	221
1233	190
1234	68
1235	55
1236	90
1237	83
1238	49
1239	44
1240	43
1241	163
1242	99
1243	96
1244	89
1245	155
1246	168
1247	147
1248	83
1249	83
1250	113
1251	73
1252	103
1253	132
1254	142
1255	241
1256	126
1257	88
1258	42
1259	77
1260	95
1261	80
1262	91
1263	118
1264	64
1265	92
1266	72
1267	164
1268	80
1269	146
1270	80
1271	54
1272	62
1273	60
1274	67
1275	72
1276	100
1277	74
1278	68
1279	71
1280	37
1281	51
1282	52
1283	74
1284	64
1285	94
1286	96
1287	31
1288	51
1289	79
1290	76
1291	134
1292	124
1293	214
1294	81
1295	92
1296	164
1297	423
1298	280
1299	86
1300	54
1301	95
1302	75
1303	90
1304	167
1305	253
1306	257
1307	161
1308	114
1309	57
1310	96
1311	107
1312	95
1313	74
1314	41
1315	46
1316	10
1317	51
1318	54
1319	92
1320	51
1321	94
1322	90
1323	117
1324	99
1325	62
1326	88
1327	117
1328	94
1329	102
1330	179
1331	179
1332	256
1333	128
1334	68
1335	69
1336	48
1337	35
1338	75
1339	77
1340	68
1341	88
1342	56
1343	39
1344	46
1345	37
1346	83
1347	81
1348	161
1349	288
1350	159
1351	50
1352	30
1353	90
1354	46
1355	114
1356	47
1357	13
1358	76
1359	111
1360	78
1361	27
1362	75
1363	79
1364	62
1365	78
1366	71
1367	105
1368	83
1369	124
1370	48
1371	31
1372	130
1373	143
1374	58
1375	60
1376	87
1377	28
1378	42
1379	19
1380	51
1381	89
1382	25
1383	27
1384	85
1385	38
1386	69
1387	98
1388	91
1389	39
1390	14
1391	36
1392	83
1393	37
1394	45
1395	39
1396	47
1397	87
1398	56
1399	105
1400	69
1401	60
1402	93
1403	76
1404	23
1405	75
1406	44
1407	39
1408	36
1409	104
1410	103
1411	88
1412	81
1413	41
1414	30
1415	29
1416	70
1417	124
1418	82
1419	67
1420	56
1421	65
1422	17
1423	62
1424	33
1425	27
1426	30
1427	43
1428	39
1429	51
1430	50
1431	32
1432	36
1433	33
1434	49
1435	39
1436	72
1437	19
1438	110
1439	45
1440	65
1441	67
1442	33
1443	56
1444	31
1445	43
1446	205
1447	101
1448	61
1449	93
1450	91
1451	55
1452	25
1453	114
1454	79
1455	56
1456	39
1457	48
1458	60
1459	51
1460	69
1461	69
1462	114
1463	31
1464	52
1465	44
1466	46
1467	31
1468	55
1469	30
1470	30
1471	47
1472	35
1473	45
1474	59
1475	176
1476	207
1477	142
1478	112
1479	110
1480	96
1481	108
1482	243
1483	50
1484	160
1485	335
1486	75
1487	198
1488	326
1489	154
1490	208
1491	370
1492	436
1493	159
1494	220
1495	568
1496	414
1497	329
1498	568
1499	397
1500	975
1501	1187
1502	701
1503	804
1504	240
1505	108
1506	108
1507	272
1508	623
1509	855
1510	792
1511	263
1512	515
1513	861
1514	1387
1515	1149
1516	1324
1517	1008
1518	1520
1519	2226
1520	2459
1521	2049
1522	2304
1523	4108
1524	5016
1525	6891
1526	9690
1527	8991
1528	9255
1529	8758
1530	4122
1531	2286
1532	1551
1533	639
1534	558
1535	234
1536	530
1537	517
1538	360
1539	873
1540	493
1541	437
1542	358
1543	207
1544	311
1545	79
1546	83
1547	170
1548	117
1549	49
1550	75
1551	315
1552	116
1553	167
1554	132
1555	56
1556	74
1557	150
1558	91
1559	55
1560	81
1561	100
1562	135
1563	56
1564	87
1565	71
1566	64
1567	70
1568	51
1569	36
1570	37
1571	52
1572	48
1573	30
1574	78
1575	75
1576	70
1577	95
1578	70
1579	33
1580	50
1581	41
1582	33
1583	73
1584	116
1585	62
1586	92
1587	101
1588	87
1589	64
1590	92
1591	80
1592	44
1593	85
1594	40
1595	107
1596	90
1597	83
1598	27
1599	54
1600	31
1601	73
1602	77
1603	66
1604	83
1605	51
1606	39
1607	51
1608	53
1609	53
1610	221
1611	37
1612	150
1613	53
1614	33
1615	54
1616	97
1617	64
1618	70
1619	66
1620	29
1621	28
1622	39
1623	96
1624	97
1625	121
1626	88
1627	80
1628	103
1629	97
1630	115
1631	46
1632	137
1633	47
1634	83
1635	82
1636	96
1637	100
1638	60
1639	52
1640	138
1641	99
1642	67
1643	36
1644	85
1645	55
1646	70
1647	58
1648	75
1649	73
1650	99
1651	103
1652	82
1653	140
1654	72
1655	93
1656	108
1657	80
1658	57
1659	85
1660	75
1661	105
1662	57
1663	75
1664	89
1665	95
1666	83
1667	107
1668	63
1669	98
1670	73
1671	83
1672	88
1673	80
1674	62
1675	61
1676	161
1677	79
1678	127
1679	95
1680	207
1681	160
1682	90
1683	84
1684	95
1685	113
1686	48
1687	70
1688	86
1689	61
1690	99
1691	97
1692	128
1693	58
1694	76
1695	78
1696	67
1697	24
1698	140
1699	60
1700	84
1701	124
1702	120
1703	99
1704	226
1705	138
1706	73
1707	93
1708	98
1709	83
1710	120
1711	90
1712	59
1713	59
1714	79
1715	84
1716	90
1717	161
1718	75
1719	71
1720	46
1721	69
1722	134
1723	102
1724	71
1725	71
1726	96
1727	85
1728	82
1729	107
1730	117
1731	47
1732	53
1733	40
1734	114
1735	94
1736	56
1737	70
1738	109
1739	56
1740	73
1741	107
1742	91
1743	96
1744	156
1745	173
1746	122
1747	132
1748	115
1749	57
1750	104
1751	77
1752	119
1753	48
1754	72
1755	65
1756	108
1757	210
1758	134
1759	101
1760	146
1761	76
1762	45
1763	96
1764	32
1765	88
1766	38
1767	67
1768	97
1769	50
1770	61
1771	83
1772	112
1773	71
1774	53
1775	56
1776	119
1777	157
1778	103
1779	123
1780	175
1781	51
1782	75
1783	40
1784	72
1785	66
1786	83
1787	111
1788	77
1789	47
1790	51
1791	71
1792	66
1793	136
1794	92
1795	108
1796	125
1797	81
1798	166
1799	61
1800	67
1801	79
1802	52
1803	118
1804	78
1805	71
1806	69
1807	100
1808	90
1809	54
1810	101
1811	106
1812	60
1813	67
1814	115
1815	110
1816	84
1817	91
1818	31
1819	120
1820	138
1821	123
1822	69
1823	63
1824	154
1825	118
1826	128
1827	100
1828	124
1829	89
1830	142
1831	63
1832	112
1833	94
1834	148
1835	76
1836	101
1837	81
1838	95
1839	79
1840	116
1841	94
1842	82
1843	121
1844	78
1845	136
1846	72
1847	76
1848	117
1849	94
1850	150
1851	111
1852	121
1853	123
1854	86
1855	132
1856	203
1857	172
1858	189
1859	138
1860	110
1861	109
1862	176
1863	236
1864	151
1865	195
1866	133
1867	203
1868	120
1869	170
1870	145
1871	171
1872	163
1873	188
1874	109
1875	79
1876	167
1877	109
1878	137
1879	141
1880	131
1881	189
1882	109
1883	109
1884	99
1885	153
1886	117
1887	113
1888	130
1889	127
1890	140
1891	183
1892	137
1893	172
1894	98
1895	174
1896	113
1897	123
1898	148
1899	180
1900	146
1901	274
1902	192
1903	134
1904	200
1905	205
1906	235
1907	148
1908	130
1909	201
1910	125
1911	145
1912	113
1913	214
1914	150
1915	188
1916	90
1917	117
1918	111
1919	141
1920	151
1921	149
1922	142
1923	101
1924	163
1925	119
1926	159
1927	161
1928	133
1929	177
1930	187
1931	156
1932	176
1933	153
1934	139
1935	208
1936	142
1937	154
1938	203
1939	179
1940	224
1941	194
1942	226
1943	210
1944	280
1945	154
1946	143
1947	359
1948	146
1949	190
1950	245
1951	261
1952	225
1953	179
1954	143
1955	168
1956	163
1957	239
1958	168
1959	150
1960	221
1961	240
1962	194
1963	111
1964	152
1965	112
1966	207
1967	170
1968	163
1969	165
1970	193
1971	285
1972	223
1973	215
1974	212
1975	185
1976	162
1977	232
1978	144
1979	183
1980	122
1981	171
1982	172
1983	231
1984	174
1985	209
1986	223
1987	153
1988	209
1989	145
1990	127
1991	206
1992	190
1993	148
1994	278
1995	140
1996	242
1997	247
1998	182
1999	187
2000	169
2001	145
2002	164
2003	181
2004	222
2005	180
2006	292
2007	183
2008	208
2009	265
2010	188
2011	273
2012	255
2013	221
2014	212
2015	294
2016	180
2017	238
2018	226
2019	141
2020	182
2021	253
2022	213
2023	200
2024	191
2025	170
2026	228
2027	240
2028	195
2029	167
2030	134
2031	187
2032	156
2033	204
2034	145
2035	159
2036	105
2037	118
2038	122
2039	131
2040	160
2041	118
2042	189
2043	235
2044	125
2045	200
2046	178
2047	225
