Instrument: Andor
X Size: 2048
Y Size: 64
Total Flux: 0.000
Total Counts: 1382926
Background: 334.000000
Curvature: 0.0
Clipped to ROI: No
ROI: 1309 526 2539 1627
X	Counts
0	422
1	418
2	269
3	177
4	353
5	423
6	438
7	130
8	197
9	447
10	693
11	492
12	524
13	482
14	321
15	696
16	883
17	497
18	272
19	528
20	663
21	578
22	556
23	638
24	1142
25	1185
26	1058
27	532
28	1046
29	971
30	1136
31	1668
32	1278
33	1085
34	1071
35	1442
36	1523
37	1712
38	2009
39	1774
40	1488
41	1166
42	1516
43	1363
44	1551
45	1716
46	1369
47	1681
48	1822
49	2112
50	2203
51	2134
52	1847
53	2550
54	2828
55	3075
56	3528
57	3517
58	3869
59	3771
60	4683
61	4953
62	5625
63	6701
64	6687
65	6003
66	5525
67	5590
68	6084
69	5009
70	4331
71	3140
72	3040
73	3738
74	3108
75	2015
76	2258
77	2449
78	1954
79	1681
80	1193
81	1488
82	1284
83	944
84	911
85	1411
86	1422
87	1131
88	727
89	468
90	802
91	986
92	1215
93	1008
94	733
95	846
96	620
97	1214
98	876
99	685
100	306
101	463
102	711
103	553
104	501
105	392
106	418
107	660
108	672
109	287
110	217
111	320
112	359
113	200
114	184
115	161
116	119
117	183
118	483
119	188
120	304
121	165
122	219
123	132
124	98
125	205
126	298
127	127
128	136
129	168
130	104
131	109
132	157
133	94
134	68
135	123
136	244
137	161
138	60
139	128
140	45
141	46
142	93
143	125
144	139
145	85
146	182
147	229
148	140
149	159
150	247
151	126
152	152
153	187
154	105
155	150
156	110
157	181
158	114
159	83
160	89
161	96
162	92
163	154
164	79
165	67
166	136
167	91
168	98
169	113
170	144
171	132
172	84
173	92
174	112
175	53
176	66
177	49
178	38
179	59
180	60
181	46
182	74
183	64
184	111
185	110
186	98
187	91
188	121
189	145
190	109
191	95
192	91
193	109
194	82
195	124
196	90
197	81
198	70
199	137
200	59
201	133
202	202
203	70
204	109
205	98
206	108
207	211
208	99
209	46
210	144
211	93
212	39
213	108
214	212
215	55
216	52
217	51
218	81
219	19
220	38
221	75
222	107
223	156
224	350
225	297
226	88
227	121
228	164
229	133
230	60
231	136
232	124
233	190
234	105
235	86
236	57
237	69
238	80
239	54
240	94
241	76
242	95
243	111
244	120
245	61
246	65
247	74
248	56
249	46
250	20
251	57
252	94
253	28
254	31
255	68
256	27
257	83
258	38
259	44
260	73
261	54
262	102
263	106
264	100
265	46
266	101
267	86
268	80
269	50
270	67
271	220
272	76
273	81
274	41
275	69
276	27
277	28
278	48
279	66
280	61
281	85
282	43
283	51
284	50
285	48
286	52
287	60
288	37
289	39
290	30
291	52
292	42
293	61
294	51
295	88
296	85
297	89
298	48
299	105
300	45
301	109
302	71
303	121
304	76
305	76
306	89
307	76
308	141
309	73
310	114
311	36
312	35
313	33
314	32
315	45
316	42
317	43
318	79
319	28
320	38
321	71
322	72
323	68
324	80
325	44
326	58
327	79
328	56
329	30
330	47
331	29
332	89
333	59
334	78
335	207
336	63
337	34
338	66
339	90
340	56
341	46
342	42
343	64
344	63
345	99
346	54
347	46
348	56
349	32
350	46
351	56
352	63
353	69
354	107
355	51
356	33
357	63
358	134
359	171
360	78
361	69
362	61
363	52
364	51
365	82
366	67
367	76
368	49
369	46
370	43
371	57
372	45
373	42
374	87
375	69
376	47
377	56
378	122
379	28
380	64
381	128
382	42
383	59
384	17
385	34
386	61
387	66
388	79
389	45
390	27
391	37
392	43
393	29
394	58
395	32
396	19
397	39
398	53
399	84
400	155
401	125
402	81
403	58
404	119
405	48
406	75
407	63
408	76
409	48
410	120
411	89
412	70
413	50
414	95
415	70
416	71
417	49
418	63
419	66
420	193
421	68
422	44
423	63
424	148
425	66
426	37
427	88
428	20
429	45
430	24
431	83
432	61
433	53
434	37
435	71
436	68
437	122
438	130
439	82
440	4
441	37
442	68
443	39
444	31
445	10
446	22
447	9
448	31
449	48
450	24
451	101
452	88
453	54
454	37
455	41
456	36
457	13
458	39
459	26
460	36
461	37
462	5
463	44
464	48
465	9
466	31
467	36
468	52
469	90
470	33
471	20
472	50
473	47
474	20
475	48
476	11
477	145
478	78
479	116
480	49
481	47
482	56
483	14
484	46
485	39
486	40
487	24
488	58
489	27
490	30
491	142
492	32
493	29
494	28
495	61
496	29
497	58
498	57
499	22
500	106
501	93
502	89
503	26
504	30
505	67
506	120
507	85
508	110
509	94
510	22
511	29
512	21
513	16
514	25
515	48
516	23
517	58
518	65
519	137
520	68
521	37
522	116
523	69
524	41
525	68
526	155
527	58
528	52
529	38
530	12
531	57
532	33
533	0
534	46
535	44
536	28
537	49
538	28
539	52
540	83
541	132
542	25
543	30
544	58
545	10
546	43
547	64
548	126
549	167
550	57
551	74
552	46
553	54
554	36
555	94
556	40
557	72
558	24
559	55
560	38
561	41
562	21
563	61
564	16
565	4
566	25
567	63
568	147
569	204
570	45
571	20
572	37
573	50
574	10
575	45
576	69
577	37
578	97
579	125
580	42
581	27
582	44
583	57
584	22
585	57
586	38
587	58
588	42
589	84
590	316
591	342
592	52
593	95
594	61
595	53
596	35
597	30
598	84
599	141
600	41
601	149
602	2013
603	309
604	205
605	274
606	60
607	59
608	156
609	291
610	97
611	75
612	66
613	84
614	92
615	48
616	70
617	104
618	121
619	68
620	64
621	51
622	45
623	49
624	62
625	22
626	36
627	80
628	106
629	113
630	90
631	54
632	69
633	42
634	68
635	51
636	44
637	26
638	61
639	49
640	95
641	200
642	48
643	37
644	34
645	44
646	81
647	31
648	100
649	28
650	31
651	81
652	64
653	24
654	66
655	110
656	186
657	27
658	40
659	125
660	96
661	85
662	65
663	15
664	49
665	59
666	79
667	62
668	226
669	81
670	75
671	38
672	70
673	30
674	42
675	26
676	48
677	34
678	62
679	44
680	39
681	83
682	156
683	238
684	65
685	88
686	49
687	96
688	136
689	78
690	210
691	193
692	84
693	147
694	135
695	65
696	62
697	149
698	65
699	146
700	87
701	70
702	95
703	61
704	175
705	123
706	149
707	116
708	81
709	71
710	61
711	84
712	94
713	108
714	107
715	94
716	318
717	92
718	65
719	79
720	91
721	128
722	105
723	63
724	72
725	96
726	109
727	255
728	149
729	97
730	96
731	53
732	113
733	94
734	72
735	51
736	68
737	128
738	79
739	80
740	115
741	112
742	64
743	135
744	55
745	93
746	55
747	48
748	54
749	175
750	71
751	110
752	66
753	47
754	60
755	81
756	54
757	87
758	108
759	106
760	289
761	112
762	141
763	183
764	216
765	70
766	103
767	247
768	152
769	127
770	143
771	143
772	114
773	85
774	35
775	168
776	145
777	90
778	126
779	172
780	90
781	89
782	94
783	110
784	102
785	47
786	95
787	70
788	47
789	64
790	77
791	117
792	143
793	109
794	87
795	118
796	168
797	138
798	305
799	122
800	133
801	93
802	107
803	104
804	178
805	123
806	86
807	41
808	77
809	69
810	45
811	80
812	118
813	127
814	109
815	96
816	60
817	89
818	74
819	85
820	92
821	108
822	54
823	70
824	61
825	23
826	109
827	93
828	223
829	148
830	148
831	103
832	72
833	154
834	342
835	204
836	147
837	142
838	149
839	107
840	100
841	14
842	184
843	198
844	146
845	119
846	79
847	58
848	77
849	58
850	95
851	66
852	166
853	139
854	155
855	86
856	223
857	132
858	39
859	54
860	160
861	118
862	412
863	225
864	81
865	88
866	105
867	85
868	43
869	149
870	130
871	123
872	102
873	90
874	83
875	123
876	196
877	110
878	80
879	87
880	107
881	146
882	72
883	113
884	179
885	179
886	103
887	127
888	114
889	60
890	78
891	45
892	70
893	109
894	138
895	235
896	115
897	84
898	97
899	92
900	72
901	112
902	80
903	124
904	126
905	264
906	149
907	153
908	133
909	166
910	172
911	101
912	99
913	136
914	119
915	175
916	98
917	179
918	190
919	206
920	672
921	437
922	237
923	235
924	268
925	193
926	127
927	279
928	276
929	158
930	77
931	228
932	173
933	111
934	87
935	119
936	106
937	162
938	162
939	123
940	66
941	97
942	213
943	146
944	180
945	65
946	80
947	183
948	224
949	478
950	210
951	143
952	136
953	71
954	172
955	118
956	117
957	195
958	335
959	516
960	151
961	105
962	232
963	201
964	253
965	171
966	220
967	245
968	269
969	166
970	221
971	160
972	237
973	181
974	81
975	133
976	295
977	272
978	250
979	90
980	105
981	159
982	206
983	160
984	115
985	290
986	224
987	699
988	346
989	141
990	141
991	405
992	326
993	418
994	266
995	270
996	573
997	578
998	430
999	594
1000	680
1001	550
1002	193
1003	287
1004	194
1005	280
1006	335
1007	272
1008	488
1009	366
1010	135
1011	453
1012	612
1013	483
1014	417
1015	618
1016	1333
1017	710
1018	665
1019	221
1020	1010
1021	999
1022	825
1023	1059
1024	650
1025	653
1026	955
1027	609
1028	798
1029	1449
1030	1455
1031	1370
1032	1182
1033	1695
1034	1565
1035	1581
1036	1647
1037	2220
1038	2224
1039	2684
1040	3424
1041	3103
1042	3962
1043	6031
1044	5926
1045	6593
1046	7968
1047	8122
1048	8187
1049	11879
1050	12294
1051	9957
1052	9137
1053	10133
1054	8721
1055	7658
1056	6634
1057	5848
1058	5318
1059	5394
1060	3595
1061	1940
1062	1564
1063	2409
1064	2847
1065	2277
1066	2304
1067	1702
1068	1301
1069	1346
1070	1079
1071	1312
1072	769
1073	1042
1074	529
1075	658
1076	679
1077	771
1078	1021
1079	1179
1080	1040
1081	612
1082	248
1083	308
1084	322
1085	491
1086	230
1087	412
1088	627
1089	547
1090	450
1091	499
1092	323
1093	508
1094	216
1095	595
1096	361
1097	808
1098	529
1099	227
1100	325
1101	587
1102	752
1103	327
1104	581
1105	392
1106	101
1107	243
1108	160
1109	258
1110	337
1111	341
1112	497
1113	750
1114	626
1115	171
1116	181
1117	492
1118	373
1119	450
1120	425
1121	311
1122	227
1123	126
1124	127
1125	212
1126	106
1127	79
1128	39
1129	85
1130	81
1131	58
1132	148
1133	487
1134	621
1135	138
1136	158
1137	108
1138	92
1139	104
1140	268
1141	418
1142	210
1143	88
1144	191
1145	212
1146	230
1147	332
1148	213
1149	266
1150	459
1151	282
1152	174
1153	96
1154	136
1155	256
1156	225
1157	175
1158	290
1159	370
1160	221
1161	185
1162	413
1163	211
1164	407
1165	236
1166	138
1167	134
1168	37
1169	145
1170	104
1171	130
1172	84
1173	206
1174	227
1175	126
1176	253
1177	441
1178	301
1179	228
1180	247
1181	161
1182	494
1183	652
1184	542
1185	402
1186	172
1187	126
1188	191
1189	200
1190	142
1191	212
1192	125
1193	127
1194	290
1195	314
1196	312
1197	426
1198	564
1199	531
1200	336
1201	453
1202	663
1203	346
1204	122
1205	90
1206	85
1207	170
1208	124
1209	140
1210	205
1211	185
1212	98
1213	270
1214	251
1215	264
1216	673
1217	443
1218	159
1219	138
1220	144
1221	104
1222	110
1223	68
1224	66
1225	112
1226	38
1227	121
1228	203
1229	110
1230	89
1231	94
1232	70
1233	137
1234	110
1235	45
1236	93
1237	122
1238	69
1239	87
1240	104
1241	175
1242	230
1243	218
1244	229
1245	435
1246	211
1247	261
1248	355
1249	628
1250	276
1251	209
1252	201
1253	233
1254	124
1255	99
1256	54
1257	159
1258	152
1259	177
1260	338
1261	254
1262	150
1263	162
1264	83
1265	175
1266	174
1267	146
1268	96
1269	185
1270	138
1271	123
1272	170
1273	151
1274	189
1275	125
1276	78
1277	167
1278	179
1279	96
1280	87
1281	72
1282	61
1283	60
1284	139
1285	116
1286	136
1287	199
1288	129
1289	81
1290	123
1291	128
1292	108
1293	116
1294	128
1295	112
1296	294
1297	210
1298	140
1299	144
1300	432
1301	265
1302	119
1303	151
1304	122
1305	163
1306	207
1307	153
1308	94
1309	111
1310	120
1311	124
1312	98
1313	127
1314	62
1315	73
1316	33
1317	101
1318	119
1319	96
1320	109
1321	227
1322	112
1323	250
1324	560
1325	168
1326	105
1327	122
1328	52
1329	114
1330	267
1331	96
1332	152
1333	102
1334	104
1335	145
1336	100
1337	56
1338	47
1339	88
1340	115
1341	252
1342	166
1343	110
1344	305
1345	241
1346	145
1347	116
1348	163
1349	81
1350	74
1351	60
1352	91
1353	303
1354	89
1355	94
1356	38
1357	48
1358	63
1359	117
1360	204
1361	136
1362	219
1363	469
1364	125
1365	215
1366	264
1367	182
1368	183
1369	323
1370	59
1371	116
1372	64
1373	64
1374	38
1375	86
1376	70
1377	35
1378	268
1379	167
1380	124
1381	207
1382	412
1383	73
1384	120
1385	80
1386	79
1387	47
1388	90
1389	128
1390	466
1391	345
1392	988
1393	504
1394	331
1395	107
1396	142
1397	485
1398	353
1399	210
1400	86
1401	145
1402	141
1403	108
1404	224
1405	214
1406	99
1407	76
1408	34
1409	145
1410	86
1411	272
1412	106
1413	64
1414	101
1415	97
1416	257
1417	284
1418	75
1419	96
1420	125
1421	345
1422	115
1423	174
1424	89
1425	66
1426	166
1427	147
1428	79
1429	53
1430	85
1431	102
1432	85
1433	467
1434	490
1435	258
1436	267
1437	338
1438	490
1439	376
1440	250
1441	116
1442	127
1443	292
1444	146
1445	103
1446	112
1447	78
1448	166
1449	515
1450	556
1451	181
1452	193
1453	568
1454	279
1455	492
1456	591
1457	273
1458	268
1459	268
1460	141
1461	150
1462	260
1463	504
1464	274
1465	136
1466	330
1467	348
1468	815
1469	1063
1470	694
1471	585
1472	582
1473	304
1474	637
1475	749
1476	706
1477	679
1478	771
1479	935
1480	667
1481	1110
1482	1664
1483	1164
1484	1301
1485	1046
1486	909
1487	849
1488	826
1489	1333
1490	1786
1491	1863
1492	1171
1493	1968
1494	1563
1495	1854
1496	1508
1497	2571
1498	3041
1499	2460
1500	2750
1501	2860
1502	3197
1503	3745
1504	3684
1505	4257
1506	6095
1507	6843
1508	6685
1509	5650
1510	5712
1511	5991
1512	5619
1513	5911
1514	5057
1515	5456
1516	5754
1517	5949
1518	4966
1519	4798
1520	4543
1521	4359
1522	5056
1523	5925
1524	6281
1525	6979
1526	10280
1527	12757
1528	15218
1529	18100
1530	19859
1531	23322
1532	27205
1533	35934
1534	47868
1535	57987
1536	58508
1537	61211
1538	61790
1539	52034
1540	26945
1541	8093
1542	3629
1543	2866
1544	1844
1545	961
1546	697
1547	483
1548	503
1549	535
1550	481
1551	416
1552	385
1553	741
1554	450
1555	399
1556	206
1557	490
1558	588
1559	895
1560	790
1561	993
1562	792
1563	987
1564	497
1565	348
1566	435
1567	640
1568	281
1569	516
1570	157
1571	94
1572	295
1573	447
1574	188
1575	73
1576	128
1577	75
1578	86
1579	53
1580	52
1581	43
1582	62
1583	59
1584	43
1585	103
1586	171
1587	213
1588	218
1589	52
1590	90
1591	216
1592	140
1593	73
1594	51
1595	109
1596	98
1597	80
1598	46
1599	114
1600	91
1601	74
1602	107
1603	50
1604	30
1605	103
1606	69
1607	91
1608	123
1609	25
1610	118
1611	50
1612	102
1613	124
1614	80
1615	66
1616	82
1617	106
1618	95
1619	126
1620	34
1621	62
1622	103
1623	48
1624	80
1625	61
1626	105
1627	108
1628	79
1629	77
1630	179
1631	114
1632	118
1633	102
1634	71
1635	55
1636	100
1637	99
1638	143
1639	68
1640	198
1641	90
1642	97
1643	44
1644	133
1645	96
1646	68
1647	75
1648	76
1649	54
1650	50
1651	136
1652	49
1653	104
1654	90
1655	115
1656	97
1657	100
1658	162
1659	101
1660	112
1661	105
1662	59
1663	100
1664	115
1665	121
1666	107
1667	127
1668	103
1669	24
1670	114
1671	229
1672	134
1673	123
1674	92
1675	65
1676	148
1677	126
1678	149
1679	58
1680	143
1681	117
1682	102
1683	76
1684	104
1685	157
1686	137
1687	112
1688	67
1689	95
1690	122
1691	144
1692	149
1693	105
1694	130
1695	68
1696	110
1697	133
1698	195
1699	75
1700	80
1701	104
1702	111
1703	96
1704	152
1705	105
1706	75
1707	72
1708	110
1709	70
1710	82
1711	112
1712	148
1713	100
1714	72
1715	200
1716	141
1717	132
1718	103
1719	86
1720	87
1721	124
1722	55
1723	127
1724	99
1725	94
1726	113
1727	80
1728	84
1729	108
1730	161
1731	96
1732	38
1733	45
1734	58
1735	78
1736	106
1737	161
1738	84
1739	70
1740	93
1741	151
1742	296
1743	104
1744	83
1745	73
1746	146
1747	178
1748	125
1749	94
1750	101
1751	93
1752	101
1753	25
1754	177
1755	162
1756	168
1757	207
1758	362
1759	140
1760	110
1761	107
1762	168
1763	154
1764	91
1765	62
1766	69
1767	101
1768	127
1769	66
1770	96
1771	97
1772	158
1773	141
1774	113
1775	116
1776	200
1777	151
1778	120
1779	254
1780	260
1781	145
1782	75
1783	132
1784	71
1785	140
1786	56
1787	144
1788	151
1789	70
1790	48
1791	92
1792	102
1793	109
1794	143
1795	168
1796	113
1797	98
1798	145
1799	135
1800	152
1801	101
1802	174
1803	129
1804	49
1805	127
1806	93
1807	78
1808	87
1809	80
1810	152
1811	152
1812	157
1813	67
1814	129
1815	134
1816	140
1817	146
1818	72
1819	95
1820	74
1821	117
1822	165
1823	107
1824	220
1825	92
1826	103
1827	153
1828	129
1829	142
1830	115
1831	67
1832	130
1833	176
1834	115
1835	126
1836	138
1837	138
1838	140
1839	132
1840	117
1841	91
1842	119
1843	193
1844	152
1845	149
1846	124
1847	116
1848	116
1849	84
1850	140
1851	100
1852	170
1853	288
1854	135
1855	135
1856	213
1857	170
1858	189
1859	161
1860	138
1861	234
1862	283
1863	226
1864	231
1865	256
1866	116
1867	195
1868	120
1869	128
1870	194
1871	138
1872	176
1873	261
1874	240
1875	173
1876	169
1877	209
1878	163
1879	227
1880	147
1881	202
1882	129
1883	152
1884	157
1885	121
1886	196
1887	162
1888	148
1889	178
1890	207
1891	192
1892	209
1893	177
1894	133
1895	291
1896	185
1897	189
1898	177
1899	178
1900	297
1901	221
1902	166
1903	169
1904	154
1905	146
1906	204
1907	123
1908	204
1909	261
1910	137
1911	159
1912	145
1913	160
1914	190
1915	146
1916	153
1917	188
1918	153
1919	213
1920	216
1921	154
1922	154
1923	146
1924	164
1925	218
1926	199
1927	265
1928	144
1929	214
1930	130
1931	198
1932	206
1933	194
1934	154
1935	247
1936	284
1937	221
1938	273
1939	222
1940	177
1941	187
1942	164
1943	221
1944	204
1945	184
1946	217
1947	199
1948	182
1949	278
1950	232
1951	254
1952	238
1953	243
1954	173
1955	242
1956	230
1957	197
1958	240
1959	138
1960	250
1961	185
1962	229
1963	172
1964	180
1965	200
1966	267
1967	168
1968	258
1969	287
1970	282
1971	227
1972	246
1973	276
1974	225
1975	346
1976	255
1977	290
1978	218
1979	206
1980	147
1981	209
1982	205
1983	246
1984	240
1985	295
1986	275
1987	229
1988	241
1989	235
1990	217
1991	198
1992	230
1993	191
1994	213
1995	192
1996	223
1997	207
1998	162
1999	256
2000	220
2001	191
2002	188
2003	178
2004	356
2005	231
2006	352
2007	225
2008	298
2009	213
2010	244
2011	173
2012	248
2013	249
2014	283
2015	275
2016	227
2017	250
2018	308
2019	196
2020	256
2021	200
2022	189
2023	283
2024	200
2025	206
2026	223
2027	235
2028	243
2029	286
2030	198
2031	115
2032	196
2033	201
2034	179
2035	173
2036	203
2037	134
2038	153
2039	198
2040	137
2041	163
2042	145
2043	191
2044	150
2045	254
2046	203
2047	267
