Instrument: Andor
X Size: 2048
Y Size: 64
Total Flux: 0.000
Total Counts: 716638
Background: 334.000000
Curvature: 0.0
Clipped to ROI: No
ROI: 1309 526 2539 1627
X	Counts
0	326
1	172
2	324
3	469
4	330
5	357
6	267
7	534
8	656
9	405
10	550
11	843
12	908
13	786
14	964
15	905
16	430
17	632
18	470
19	1113
20	1360
21	1000
22	978
23	1230
24	1337
25	1306
26	1487
27	1454
28	1498
29	1514
30	1555
31	1272
32	1300
33	1543
34	1505
35	1683
36	1950
37	1796
38	1711
39	2447
40	2959
41	2098
42	1528
43	1326
44	1948
45	2622
46	2723
47	3257
48	2791
49	2836
50	3285
51	4205
52	4715
53	4319
54	3638
55	4095
56	4358
57	4730
58	4528
59	4653
60	6044
61	5936
62	5266
63	6171
64	6820
65	6721
66	6760
67	7432
68	6342
69	5521
70	6215
71	6657
72	5802
73	5922
74	5123
75	4185
76	4096
77	3595
78	2589
79	2141
80	1935
81	2078
82	2151
83	1866
84	1548
85	1759
86	1685
87	1349
88	1245
89	1315
90	985
91	1005
92	847
93	826
94	1109
95	1023
96	888
97	856
98	1380
99	992
100	1014
101	838
102	507
103	580
104	975
105	1015
106	1086
107	891
108	506
109	466
110	636
111	493
112	357
113	232
114	101
115	159
116	228
117	336
118	294
119	168
120	325
121	127
122	146
123	412
124	412
125	185
126	104
127	131
128	334
129	365
130	251
131	103
132	55
133	78
134	95
135	127
136	89
137	135
138	78
139	130
140	72
141	79
142	208
143	253
144	277
145	142
146	153
147	113
148	131
149	308
150	111
151	93
152	48
153	119
154	26
155	94
156	100
157	143
158	84
159	81
160	132
161	100
162	68
163	130
164	161
165	97
166	45
167	34
168	65
169	78
170	144
171	115
172	83
173	110
174	157
175	58
176	49
177	68
178	55
179	50
180	63
181	80
182	97
183	21
184	77
185	49
186	41
187	105
188	86
189	179
190	112
191	137
192	71
193	85
194	109
195	77
196	57
197	89
198	59
199	169
200	65
201	112
202	234
203	54
204	60
205	94
206	49
207	128
208	95
209	35
210	69
211	89
212	27
213	96
214	120
215	67
216	36
217	107
218	101
219	12
220	100
221	60
222	101
223	131
224	161
225	107
226	84
227	144
228	111
229	81
230	59
231	158
232	150
233	70
234	50
235	53
236	68
237	66
238	83
239	34
240	20
241	113
242	78
243	60
244	55
245	54
246	44
247	67
248	54
249	106
250	30
251	62
252	80
253	108
254	76
255	60
256	59
257	47
258	36
259	28
260	14
261	58
262	53
263	53
264	47
265	61
266	108
267	139
268	51
269	35
270	94
271	82
272	45
273	30
274	35
275	49
276	25
277	23
278	37
279	38
280	34
281	43
282	60
283	65
284	67
285	66
286	38
287	16
288	80
289	68
290	136
291	146
292	77
293	76
294	53
295	52
296	53
297	48
298	52
299	49
300	13
301	98
302	70
303	94
304	168
305	99
306	92
307	83
308	51
309	52
310	90
311	56
312	31
313	34
314	21
315	55
316	42
317	44
318	65
319	62
320	44
321	11
322	39
323	47
324	33
325	32
326	151
327	127
328	72
329	69
330	57
331	36
332	27
333	37
334	29
335	21
336	47
337	38
338	23
339	39
340	11
341	21
342	28
343	32
344	59
345	60
346	68
347	91
348	119
349	23
350	27
351	45
352	32
353	26
354	59
355	45
356	39
357	35
358	29
359	65
360	40
361	76
362	52
363	35
364	31
365	39
366	49
367	40
368	25
369	22
370	12
371	34
372	38
373	25
374	26
375	61
376	41
377	71
378	98
379	52
380	36
381	46
382	71
383	45
384	47
385	44
386	53
387	49
388	32
389	54
390	85
391	52
392	44
393	43
394	70
395	77
396	42
397	44
398	30
399	22
400	42
401	11
402	40
403	28
404	7
405	37
406	99
407	34
408	13
409	95
410	22
411	57
412	58
413	41
414	44
415	84
416	42
417	64
418	25
419	30
420	33
421	45
422	90
423	42
424	37
425	42
426	68
427	70
428	64
429	59
430	64
431	104
432	53
433	12
434	36
435	32
436	40
437	24
438	33
439	51
440	35
441	11
442	9
443	23
444	44
445	22
446	51
447	41
448	22
449	54
450	40
451	54
452	84
453	91
454	79
455	23
456	47
457	15
458	51
459	8
460	42
461	72
462	15
463	40
464	28
465	13
466	59
467	58
468	51
469	123
470	38
471	30
472	66
473	16
474	20
475	39
476	25
477	169
478	193
479	53
480	21
481	32
482	23
483	67
484	170
485	199
486	73
487	41
488	105
489	58
490	35
491	37
492	19
493	30
494	32
495	42
496	12
497	24
498	35
499	26
500	46
501	31
502	45
503	0
504	41
505	20
506	57
507	20
508	35
509	24
510	32
511	19
512	27
513	32
514	18
515	23
516	34
517	12
518	28
519	54
520	12
521	8
522	16
523	19
524	27
525	42
526	37
527	58
528	32
529	47
530	8
531	7
532	10
533	2
534	17
535	20
536	49
537	54
538	37
539	33
540	15
541	18
542	42
543	35
544	14
545	6
546	22
547	39
548	111
549	59
550	62
551	213
552	51
553	52
554	43
555	54
556	62
557	33
558	22
559	26
560	24
561	112
562	76
563	108
564	43
565	48
566	19
567	40
568	52
569	31
570	40
571	42
572	17
573	10
574	64
575	43
576	57
577	39
578	36
579	46
580	45
581	13
582	28
583	68
584	26
585	45
586	30
587	38
588	15
589	17
590	11
591	19
592	7
593	24
594	6
595	41
596	51
597	96
598	37
599	48
600	49
601	98
602	42
603	37
604	126
605	46
606	21
607	43
608	30
609	54
610	32
611	63
612	72
613	38
614	70
615	52
616	41
617	47
618	35
619	27
620	86
621	89
622	110
623	228
624	74
625	22
626	39
627	105
628	42
629	42
630	59
631	34
632	32
633	64
634	38
635	17
636	19
637	24
638	54
639	36
640	75
641	151
642	36
643	34
644	58
645	141
646	181
647	47
648	169
649	199
650	68
651	62
652	48
653	134
654	156
655	46
656	88
657	68
658	58
659	77
660	71
661	86
662	53
663	59
664	46
665	37
666	72
667	55
668	95
669	42
670	55
671	55
672	46
673	56
674	38
675	51
676	141
677	44
678	39
679	33
680	78
681	144
682	87
683	136
684	83
685	68
686	298
687	165
688	39
689	48
690	67
691	81
692	109
693	139
694	61
695	93
696	57
697	102
698	40
699	123
700	353
701	332
702	359
703	178
704	112
705	138
706	33
707	54
708	51
709	78
710	19
711	30
712	49
713	68
714	27
715	45
716	55
717	56
718	43
719	84
720	33
721	69
722	35
723	128
724	124
725	107
726	27
727	74
728	50
729	88
730	60
731	146
732	83
733	46
734	40
735	114
736	45
737	177
738	86
739	32
740	41
741	43
742	30
743	133
744	74
745	82
746	81
747	61
748	50
749	101
750	73
751	84
752	61
753	89
754	77
755	79
756	144
757	80
758	67
759	102
760	231
761	65
762	153
763	74
764	118
765	37
766	95
767	88
768	65
769	77
770	128
771	43
772	97
773	89
774	61
775	90
776	76
777	52
778	58
779	60
780	67
781	89
782	44
783	77
784	82
785	78
786	64
787	66
788	111
789	161
790	110
791	61
792	101
793	85
794	85
795	82
796	121
797	63
798	211
799	68
800	53
801	68
802	36
803	72
804	107
805	88
806	123
807	73
808	81
809	33
810	69
811	55
812	98
813	151
814	201
815	185
816	222
817	190
818	175
819	125
820	55
821	110
822	56
823	145
824	380
825	239
826	223
827	92
828	176
829	87
830	127
831	88
832	66
833	77
834	88
835	105
836	164
837	284
838	218
839	65
840	71
841	60
842	94
843	112
844	124
845	77
846	54
847	56
848	42
849	104
850	83
851	57
852	151
853	63
854	80
855	95
856	47
857	85
858	62
859	59
860	80
861	118
862	37
863	92
864	90
865	74
866	83
867	116
868	20
869	125
870	103
871	54
872	73
873	118
874	59
875	66
876	104
877	64
878	112
879	54
880	63
881	107
882	60
883	42
884	46
885	57
886	136
887	103
888	115
889	77
890	46
891	68
892	48
893	39
894	73
895	106
896	97
897	89
898	76
899	80
900	68
901	72
902	95
903	77
904	63
905	42
906	93
907	134
908	70
909	83
910	119
911	89
912	132
913	69
914	139
915	187
916	101
917	96
918	119
919	95
920	101
921	37
922	56
923	206
924	77
925	80
926	88
927	178
928	76
929	179
930	101
931	178
932	116
933	146
934	102
935	56
936	143
937	126
938	48
939	41
940	75
941	66
942	117
943	82
944	25
945	88
946	101
947	198
948	112
949	114
950	88
951	70
952	165
953	154
954	96
955	139
956	93
957	92
958	99
959	144
960	453
961	272
962	97
963	86
964	121
965	91
966	112
967	178
968	201
969	166
970	362
971	153
972	79
973	69
974	65
975	90
976	121
977	89
978	87
979	51
980	117
981	88
982	142
983	69
984	94
985	123
986	38
987	81
988	130
989	158
990	149
991	164
992	101
993	134
994	368
995	145
996	100
997	141
998	166
999	69
1000	196
1001	137
1002	130
1003	134
1004	90
1005	206
1006	182
1007	215
1008	119
1009	158
1010	120
1011	169
1012	152
1013	416
1014	366
1015	142
1016	61
1017	118
1018	116
1019	140
1020	261
1021	243
1022	295
1023	253
1024	312
1025	255
1026	128
1027	232
1028	593
1029	329
1030	353
1031	615
1032	584
1033	404
1034	226
1035	147
1036	261
1037	706
1038	1066
1039	750
1040	709
1041	480
1042	1348
1043	1411
1044	1201
1045	1245
1046	1326
1047	1318
1048	1529
1049	1838
1050	2133
1051	1635
1052	1307
1053	1554
1054	1548
1055	1807
1056	1062
1057	1094
1058	1382
1059	917
1060	1400
1061	1060
1062	590
1063	562
1064	1031
1065	644
1066	553
1067	451
1068	628
1069	511
1070	570
1071	577
1072	333
1073	326
1074	352
1075	260
1076	594
1077	254
1078	143
1079	363
1080	343
1081	223
1082	499
1083	495
1084	706
1085	718
1086	294
1087	186
1088	554
1089	513
1090	196
1091	497
1092	399
1093	257
1094	128
1095	196
1096	258
1097	267
1098	59
1099	123
1100	122
1101	453
1102	208
1103	453
1104	278
1105	127
1106	150
1107	132
1108	81
1109	101
1110	184
1111	100
1112	80
1113	129
1114	109
1115	123
1116	96
1117	149
1118	212
1119	154
1120	69
1121	106
1122	95
1123	77
1124	275
1125	223
1126	84
1127	84
1128	116
1129	102
1130	74
1131	98
1132	94
1133	301
1134	132
1135	202
1136	154
1137	124
1138	111
1139	98
1140	68
1141	81
1142	90
1143	42
1144	139
1145	74
1146	70
1147	229
1148	107
1149	83
1150	78
1151	185
1152	114
1153	84
1154	88
1155	92
1156	99
1157	157
1158	215
1159	237
1160	504
1161	411
1162	158
1163	197
1164	132
1165	180
1166	209
1167	111
1168	76
1169	79
1170	78
1171	161
1172	181
1173	254
1174	138
1175	91
1176	105
1177	199
1178	98
1179	224
1180	600
1181	390
1182	258
1183	358
1184	225
1185	116
1186	167
1187	254
1188	559
1189	266
1190	105
1191	70
1192	233
1193	495
1194	731
1195	927
1196	660
1197	172
1198	352
1199	233
1200	127
1201	115
1202	317
1203	549
1204	429
1205	440
1206	97
1207	269
1208	324
1209	159
1210	266
1211	162
1212	120
1213	131
1214	94
1215	131
1216	324
1217	225
1218	112
1219	129
1220	212
1221	184
1222	203
1223	239
1224	308
1225	230
1226	89
1227	98
1228	65
1229	42
1230	120
1231	88
1232	77
1233	56
1234	44
1235	71
1236	127
1237	523
1238	287
1239	61
1240	46
1241	65
1242	256
1243	254
1244	225
1245	112
1246	148
1247	85
1248	98
1249	36
1250	87
1251	148
1252	450
1253	495
1254	216
1255	82
1256	83
1257	93
1258	74
1259	90
1260	131
1261	277
1262	176
1263	377
1264	255
1265	177
1266	355
1267	236
1268	201
1269	90
1270	119
1271	74
1272	105
1273	82
1274	146
1275	112
1276	163
1277	400
1278	75
1279	57
1280	171
1281	130
1282	61
1283	69
1284	69
1285	155
1286	95
1287	13
1288	33
1289	110
1290	82
1291	178
1292	103
1293	51
1294	52
1295	144
1296	113
1297	256
1298	149
1299	79
1300	134
1301	156
1302	473
1303	216
1304	74
1305	127
1306	427
1307	151
1308	67
1309	85
1310	84
1311	69
1312	43
1313	90
1314	35
1315	44
1316	96
1317	93
1318	55
1319	72
1320	64
1321	110
1322	55
1323	78
1324	96
1325	53
1326	25
1327	73
1328	153
1329	190
1330	75
1331	32
1332	88
1333	50
1334	77
1335	83
1336	103
1337	43
1338	154
1339	188
1340	88
1341	93
1342	88
1343	39
1344	58
1345	45
1346	48
1347	148
1348	493
1349	231
1350	74
1351	99
1352	49
1353	102
1354	23
1355	106
1356	135
1357	96
1358	72
1359	49
1360	174
1361	244
1362	111
1363	139
1364	121
1365	105
1366	101
1367	101
1368	107
1369	224
1370	124
1371	86
1372	106
1373	61
1374	56
1375	66
1376	126
1377	214
1378	234
1379	116
1380	76
1381	34
1382	35
1383	41
1384	73
1385	55
1386	86
1387	128
1388	307
1389	64
1390	49
1391	50
1392	53
1393	58
1394	94
1395	43
1396	72
1397	103
1398	56
1399	107
1400	61
1401	28
1402	94
1403	45
1404	32
1405	75
1406	61
1407	59
1408	49
1409	148
1410	110
1411	43
1412	80
1413	27
1414	86
1415	53
1416	38
1417	50
1418	83
1419	107
1420	158
1421	285
1422	137
1423	64
1424	193
1425	300
1426	111
1427	52
1428	76
1429	42
1430	59
1431	47
1432	26
1433	59
1434	61
1435	62
1436	54
1437	116
1438	226
1439	186
1440	104
1441	72
1442	34
1443	36
1444	68
1445	38
1446	275
1447	241
1448	96
1449	102
1450	268
1451	65
1452	37
1453	107
1454	121
1455	114
1456	99
1457	190
1458	284
1459	119
1460	100
1461	93
1462	231
1463	68
1464	21
1465	131
1466	575
1467	751
1468	169
1469	193
1470	314
1471	92
1472	133
1473	158
1474	94
1475	268
1476	411
1477	343
1478	206
1479	54
1480	155
1481	389
1482	301
1483	335
1484	203
1485	143
1486	369
1487	469
1488	327
1489	247
1490	594
1491	418
1492	249
1493	554
1494	536
1495	225
1496	406
1497	456
1498	140
1499	196
1500	589
1501	691
1502	240
1503	474
1504	751
1505	317
1506	540
1507	942
1508	579
1509	1016
1510	905
1511	740
1512	725
1513	1046
1514	1099
1515	1037
1516	840
1517	1575
1518	1102
1519	1625
1520	1831
1521	2171
1522	2817
1523	2861
1524	2627
1525	2697
1526	3233
1527	3054
1528	3222
1529	3993
1530	5315
1531	5661
1532	7428
1533	9438
1534	10425
1535	8889
1536	9877
1537	9572
1538	8662
1539	5912
1540	6401
1541	5868
1542	3956
1543	4061
1544	4104
1545	4009
1546	2555
1547	1925
1548	2067
1549	1566
1550	1884
1551	2148
1552	2069
1553	2031
1554	1780
1555	1181
1556	1108
1557	1640
1558	1912
1559	2566
1560	2519
1561	2638
1562	1901
1563	2186
1564	2617
1565	2181
1566	1452
1567	1889
1568	2086
1569	2009
1570	2320
1571	1647
1572	1420
1573	1045
1574	398
1575	165
1576	218
1577	166
1578	78
1579	59
1580	58
1581	64
1582	67
1583	94
1584	98
1585	89
1586	87
1587	171
1588	182
1589	197
1590	90
1591	87
1592	161
1593	360
1594	389
1595	89
1596	40
1597	41
1598	57
1599	94
1600	29
1601	78
1602	232
1603	72
1604	79
1605	85
1606	100
1607	45
1608	61
1609	82
1610	90
1611	51
1612	92
1613	86
1614	154
1615	110
1616	60
1617	58
1618	122
1619	80
1620	72
1621	23
1622	52
1623	36
1624	80
1625	144
1626	41
1627	76
1628	86
1629	52
1630	124
1631	95
1632	54
1633	62
1634	101
1635	74
1636	108
1637	68
1638	119
1639	88
1640	127
1641	64
1642	53
1643	104
1644	36
1645	53
1646	57
1647	84
1648	109
1649	67
1650	89
1651	111
1652	63
1653	73
1654	61
1655	39
1656	77
1657	114
1658	49
1659	34
1660	42
1661	122
1662	93
1663	72
1664	76
1665	102
1666	132
1667	106
1668	158
1669	97
1670	79
1671	113
1672	104
1673	83
1674	51
1675	76
1676	165
1677	134
1678	114
1679	49
1680	181
1681	118
1682	83
1683	95
1684	110
1685	102
1686	102
1687	90
1688	76
1689	100
1690	121
1691	137
1692	164
1693	167
1694	111
1695	108
1696	78
1697	52
1698	136
1699	37
1700	124
1701	49
1702	112
1703	112
1704	141
1705	55
1706	79
1707	91
1708	101
1709	81
1710	72
1711	81
1712	132
1713	103
1714	112
1715	163
1716	157
1717	178
1718	96
1719	93
1720	70
1721	61
1722	41
1723	67
1724	68
1725	59
1726	41
1727	79
1728	99
1729	69
1730	100
1731	95
1732	70
1733	117
1734	116
1735	85
1736	85
1737	109
1738	79
1739	65
1740	63
1741	66
1742	108
1743	101
1744	138
1745	132
1746	92
1747	144
1748	146
1749	90
1750	109
1751	108
1752	69
1753	67
1754	117
1755	91
1756	76
1757	105
1758	71
1759	55
1760	80
1761	75
1762	71
1763	176
1764	37
1765	80
1766	47
1767	85
1768	106
1769	36
1770	60
1771	81
1772	60
1773	63
1774	68
1775	83
1776	90
1777	76
1778	98
1779	118
1780	145
1781	82
1782	96
1783	82
1784	77
1785	61
1786	103
1787	81
1788	73
1789	142
1790	76
1791	92
1792	91
1793	95
1794	134
1795	101
1796	112
1797	77
1798	94
1799	69
1800	110
1801	121
1802	71
1803	96
1804	66
1805	111
1806	89
1807	85
1808	125
1809	117
1810	141
1811	89
1812	83
1813	38
1814	101
1815	110
1816	121
1817	168
1818	42
1819	147
1820	86
1821	120
1822	175
1823	77
1824	89
1825	108
1826	155
1827	64
1828	131
1829	75
1830	108
1831	84
1832	91
1833	128
1834	159
1835	74
1836	108
1837	123
1838	120
1839	128
1840	104
1841	83
1842	95
1843	103
1844	88
1845	157
1846	70
1847	82
1848	151
1849	107
1850	100
1851	131
1852	136
1853	168
1854	143
1855	105
1856	141
1857	107
1858	129
1859	171
1860	164
1861	108
1862	173
1863	108
1864	137
1865	202
1866	124
1867	168
1868	150
1869	145
1870	190
1871	177
1872	161
1873	287
1874	198
1875	146
1876	164
1877	105
1878	154
1879	179
1880	98
1881	161
1882	106
1883	173
1884	132
1885	119
1886	147
1887	138
1888	160
1889	141
1890	145
1891	105
1892	306
1893	182
1894	115
1895	197
1896	183
1897	153
1898	89
1899	237
1900	123
1901	132
1902	190
1903	146
1904	162
1905	186
1906	259
1907	139
1908	162
1909	207
1910	136
1911	164
1912	180
1913	135
1914	172
1915	192
1916	123
1917	190
1918	166
1919	167
1920	139
1921	90
1922	135
1923	108
1924	207
1925	173
1926	128
1927	168
1928	199
1929	208
1930	205
1931	168
1932	193
1933	161
1934	225
1935	150
1936	160
1937	253
1938	252
1939	215
1940	266
1941	210
1942	162
1943	178
1944	249
1945	181
1946	167
1947	158
1948	196
1949	257
1950	189
1951	193
1952	187
1953	245
1954	167
1955	172
1956	199
1957	189
1958	170
1959	188
1960	198
1961	115
1962	171
1963	178
1964	177
1965	122
1966	262
1967	150
1968	159
1969	145
1970	205
1971	241
1972	208
1973	229
1974	210
1975	215
1976	179
1977	274
1978	215
1979	223
1980	151
1981	228
1982	234
1983	204
1984	240
1985	221
1986	156
1987	190
1988	213
1989	233
1990	169
1991	226
1992	241
1993	139
1994	187
1995	173
1996	172
1997	238
1998	176
1999	364
2000	505
2001	194
2002	392
2003	277
2004	390
2005	477
2006	379
2007	183
2008	297
2009	237
2010	202
2011	210
2012	219
2013	272
2014	163
2015	175
2016	135
2017	203
2018	203
2019	106
2020	254
2021	222
2022	204
2023	221
2024	154
2025	221
2026	175
2027	245
2028	135
2029	188
2030	233
2031	173
2032	118
2033	233
2034	164
2035	138
2036	132
2037	116
2038	91
2039	103
2040	186
2041	191
2042	115
2043	210
2044	224
2045	251
2046	271
2047	416
