SU
Andor
Scan Type: One Motor From File
C:\Beamline Controls\BCS Setup Data\ScanFiles\Zakaria Long Pickle RIXS\CoL3.txt
X Motor: BL 8 Energy
Delay After Move (s): 0.10000000
Stay at End: 0
Curvature: 0.0
Clip to ROI: No
ROI: 1309 526 2539 1627
Background ROI: None
Data File Path: C:\Beamline Controls\BCS Setup Data\240705\CCD Scan 17175
Time	Frame #	BL 8 Energy	Izero	Izero 2	TFY	TEY	Sample Current	Beam Current	Total Flux	Counts	Background	Filename
19:26:39	1.00000000	774.99399033	29462406.00000000	655039.00000000	9904701.00000000	230209.00000000	0.00000000	0.00000000	0.00000000	564628.00000000	333.50000000	cox17175-00001
19:31:45	2.00000000	775.51056214	29673934.00000000	661350.00000000	9714303.00000000	231509.00000000	0.00000000	0.00000000	0.00000000	542613.00000000	336.00000000	cox17175-00002
19:36:52	3.00000000	776.02332222	29747316.00000000	667195.00000000	9613876.00000000	232639.00000000	0.00000000	0.00000000	0.00000000	582157.00000000	334.00000000	cox17175-00003
19:41:59	4.00000000	776.50070791	29687145.00000000	669515.00000000	9539115.00000000	233529.00000000	0.00000000	0.00000000	0.00000000	574188.00000000	335.00000000	cox17175-00004
19:47:06	5.00000000	777.01026636	29632566.00000000	669458.00000000	9515366.00000000	234618.00000000	0.00000000	0.00000000	0.00000000	590300.00000000	335.00000000	cox17175-00005
19:52:13	6.00000000	777.51145766	29646737.00000000	672624.00000000	9707955.00000000	238147.00000000	0.00000000	0.00000000	0.00000000	618765.00000000	334.00000000	cox17175-00006
19:57:19	7.00000000	777.70578666	29438898.00000000	660858.00000000	9607971.00000000	238100.00000000	0.00000000	0.00000000	0.00000000	656605.00000000	336.00000000	cox17175-00007
20:02:27	8.00000000	777.90473552	29716256.00000000	665523.00000000	9753324.00000000	242717.00000000	0.00000000	0.00000000	0.00000000	718915.00000000	335.00000000	cox17175-00008
20:07:35	9.00000000	778.10378621	29633175.00000000	659544.00000000	9880321.00000000	247734.00000000	0.00000000	0.00000000	0.00000000	751734.00000000	335.00000000	cox17175-00009
20:12:41	10.00000000	778.31199361	29797540.00000000	665806.00000000	10179866.00000000	259345.00000000	0.00000000	0.00000000	0.00000000	854513.00000000	335.00000000	cox17175-00010
20:17:48	11.00000000	778.50219336	29757430.00000000	662775.00000000	10195507.00000000	262475.00000000	0.00000000	0.00000000	0.00000000	972691.00000000	335.00000000	cox17175-00011
20:22:55	12.00000000	778.70154998	29853793.00000000	663647.00000000	10214946.00000000	261030.00000000	0.00000000	0.00000000	0.00000000	1095998.00000000	335.00000000	cox17175-00012
20:28:02	13.00000000	778.90554308	29868419.00000000	663228.00000000	10360238.00000000	264399.00000000	0.00000000	0.00000000	0.00000000	1206134.00000000	335.00000000	cox17175-00013
20:33:08	14.00000000	779.10964309	29885493.00000000	664220.00000000	10711655.00000000	275664.00000000	0.00000000	0.00000000	0.00000000	1338716.00000000	335.00000000	cox17175-00014
20:38:14	15.00000000	779.30477196	29968838.00000000	664841.00000000	11246205.00000000	284386.00000000	0.00000000	0.00000000	0.00000000	1532221.00000000	336.00000000	cox17175-00015
20:43:20	16.00000000	779.50453993	29946439.00000000	662629.00000000	11841616.00000000	290030.00000000	0.00000000	0.00000000	0.00000000	1771364.00000000	335.00000000	cox17175-00016
20:48:27	17.00000000	779.70441034	29992527.00000000	661251.00000000	12223724.00000000	293136.00000000	0.00000000	0.00000000	0.00000000	1938127.00000000	335.00000000	cox17175-00017
20:53:33	18.00000000	779.90438329	30022042.00000000	661231.00000000	12308894.00000000	290975.00000000	0.00000000	0.00000000	0.00000000	2040932.00000000	335.00000000	cox17175-00018
20:58:40	19.00000000	780.10900721	30001344.00000000	662131.00000000	12672519.00000000	291382.00000000	0.00000000	0.00000000	0.00000000	2159666.00000000	335.00000000	cox17175-00019
21:03:47	20.00000000	780.29553584	29946635.00000000	658924.00000000	12661389.00000000	288764.00000000	0.00000000	0.00000000	0.00000000	2173718.00000000	335.00000000	cox17175-00020
21:08:54	21.00000000	780.49581218	29917408.00000000	659378.00000000	12379069.00000000	283666.00000000	0.00000000	0.00000000	0.00000000	2150309.00000000	335.00000000	cox17175-00021
21:14:01	22.00000000	780.70074663	29804043.00000000	658334.00000000	12316858.00000000	284044.00000000	0.00000000	0.00000000	0.00000000	2065536.00000000	335.00000000	cox17175-00022
21:19:08	23.00000000	780.91034645	29851603.00000000	657951.00000000	12357374.00000000	288264.00000000	0.00000000	0.00000000	0.00000000	2025361.00000000	335.00000000	cox17175-00023
21:24:14	24.00000000	781.10637853	29896163.00000000	656073.00000000	12018450.00000000	285071.00000000	0.00000000	0.00000000	0.00000000	1919226.00000000	334.00000000	cox17175-00024
21:29:21	25.00000000	781.31163380	29831884.00000000	653413.00000000	11431727.00000000	275797.00000000	0.00000000	0.00000000	0.00000000	1759213.00000000	335.00000000	cox17175-00025
21:34:28	26.00000000	781.50786744	29795736.00000000	650445.00000000	10883774.00000000	267375.00000000	0.00000000	0.00000000	0.00000000	1591111.00000000	335.00000000	cox17175-00026
21:39:34	27.00000000	781.70419968	29842665.00000000	649002.00000000	10495558.00000000	263134.00000000	0.00000000	0.00000000	0.00000000	1488230.00000000	335.00000000	cox17175-00027
21:44:40	28.00000000	781.90519994	29877688.00000000	649763.00000000	10190697.00000000	260226.00000000	0.00000000	0.00000000	0.00000000	1438390.00000000	334.00000000	cox17175-00028
21:49:47	29.00000000	782.11087533	29933966.00000000	648625.00000000	9982631.00000000	257656.00000000	0.00000000	0.00000000	0.00000000	1360276.00000000	335.00000000	cox17175-00029
21:54:53	30.00000000	782.30751073	29941692.00000000	647737.00000000	9805438.00000000	255244.00000000	0.00000000	0.00000000	0.00000000	1322406.00000000	334.00000000	cox17175-00030
21:59:59	31.00000000	782.50424504	29941664.00000000	646822.00000000	9669144.00000000	253800.00000000	0.00000000	0.00000000	0.00000000	1284799.00000000	335.00000000	cox17175-00031
22:05:07	32.00000000	782.91633500	29996009.00000000	651514.00000000	9510203.00000000	252702.00000000	0.00000000	0.00000000	0.00000000	1223626.00000000	335.00000000	cox17175-00032
22:10:15	33.00000000	783.29675845	29963721.00000000	649600.00000000	9345308.00000000	251365.00000000	0.00000000	0.00000000	0.00000000	1196011.00000000	334.00000000	cox17175-00033
22:15:23	34.00000000	783.69591264	30044563.00000000	650467.00000000	9005256.00000000	248674.00000000	0.00000000	0.00000000	0.00000000	1103677.00000000	334.00000000	cox17175-00034
22:20:30	35.00000000	784.10925912	30029303.00000000	650672.00000000	8653666.00000000	245974.00000000	0.00000000	0.00000000	0.00000000	988799.00000000	334.00000000	cox17175-00035
22:25:36	36.00000000	784.50464227	30045457.00000000	652247.00000000	8399447.00000000	243786.00000000	0.00000000	0.00000000	0.00000000	920669.00000000	335.00000000	cox17175-00036
22:30:44	37.00000000	784.91423795	30040512.00000000	656520.00000000	8313384.00000000	242344.00000000	0.00000000	0.00000000	0.00000000	848989.00000000	334.00000000	cox17175-00037
22:35:51	38.00000000	785.61014931	29963932.00000000	655749.00000000	8994410.00000000	241421.00000000	0.00000000	0.00000000	0.00000000	778374.00000000	335.00000000	cox17175-00038
22:40:59	39.00000000	785.80393348	30023716.00000000	655464.00000000	8949681.00000000	240894.00000000	0.00000000	0.00000000	0.00000000	710164.00000000	336.00000000	cox17175-00039
22:46:05	40.00000000	786.00243064	30064717.00000000	655716.00000000	8558213.00000000	240636.00000000	0.00000000	0.00000000	0.00000000	772865.00000000	334.00000000	cox17175-00040
22:51:12	41.00000000	786.20102811	30086285.00000000	655058.00000000	8188985.00000000	239601.00000000	0.00000000	0.00000000	0.00000000	751230.00000000	335.00000000	cox17175-00041
22:56:19	42.00000000	786.40897017	30230584.00000000	656716.00000000	7959741.00000000	239454.00000000	0.00000000	0.00000000	0.00000000	734354.00000000	335.00000000	cox17175-00042
23:01:26	43.00000000	786.61239770	30251594.00000000	658825.00000000	7829819.00000000	239224.00000000	0.00000000	0.00000000	0.00000000	754654.00000000	333.00000000	cox17175-00043
23:06:33	44.00000000	786.81593050	30267835.00000000	660304.00000000	7730227.00000000	238947.00000000	0.00000000	0.00000000	0.00000000	734792.00000000	334.00000000	cox17175-00044
23:11:40	45.00000000	787.00568090	30330526.00000000	661674.00000000	7668038.00000000	238723.00000000	0.00000000	0.00000000	0.00000000	696788.00000000	335.00000000	cox17175-00045
23:16:46	46.00000000	787.20478578	30262385.00000000	663416.00000000	7590277.00000000	238277.00000000	0.00000000	0.00000000	0.00000000	704861.00000000	336.00000000	cox17175-00046
23:21:54	47.00000000	787.71458265	30426020.00000000	668439.00000000	7516669.00000000	239154.00000000	0.00000000	0.00000000	0.00000000	748043.00000000	334.50000000	cox17175-00047
23:27:02	48.00000000	788.20646661	30369921.00000000	671369.00000000	7420391.00000000	238757.00000000	0.00000000	0.00000000	0.00000000	722913.00000000	335.00000000	cox17175-00048
