Instrument: Andor
X Size: 2048
Y Size: 64
Total Flux: 0.000
Total Counts: 312607
Background: 333.000000
Curvature: 0.0
Clipped to ROI: No
ROI: 1309 526 2539 1627
X	Counts
0	0
1	0
2	0
3	2
4	0
5	0
6	0
7	0
8	0
9	0
10	4
11	4
12	15
13	0
14	36
15	62
16	18
17	0
18	0
19	0
20	29
21	0
22	10
23	6
24	13
25	7
26	15
27	0
28	2
29	0
30	3
31	4
32	0
33	4
34	54
35	4
36	28
37	28
38	1
39	1
40	15
41	1
42	1
43	25
44	7
45	6
46	2
47	4
48	10
49	13
50	1
51	0
52	3
53	12
54	12
55	0
56	15
57	6
58	0
59	0
60	21
61	27
62	1
63	29
64	54
65	11
66	19
67	0
68	8
69	13
70	8
71	13
72	7
73	19
74	8
75	4
76	32
77	10
78	16
79	11
80	12
81	26
82	2
83	6
84	26
85	32
86	20
87	11
88	15
89	1
90	12
91	2
92	63
93	20
94	1
95	46
96	13
97	16
98	6
99	17
100	24
101	35
102	14
103	3
104	1
105	7
106	0
107	35
108	15
109	1
110	29
111	18
112	15
113	8
114	0
115	46
116	28
117	22
118	15
119	42
120	24
121	15
122	9
123	40
124	23
125	16
126	43
127	14
128	8
129	10
130	18
131	13
132	34
133	8
134	18
135	37
136	16
137	8
138	10
139	33
140	6
141	13
142	13
143	2
144	8
145	49
146	197
147	156
148	31
149	24
150	64
151	16
152	5
153	22
154	14
155	5
156	35
157	22
158	16
159	46
160	17
161	32
162	26
163	69
164	49
165	384
166	719
167	48
168	14
169	95
170	88
171	2
172	10
173	18
174	18
175	1
176	15
177	18
178	5
179	11
180	9
181	15
182	13
183	1
184	5
185	48
186	35
187	28
188	45
189	11
190	6
191	38
192	16
193	18
194	22
195	9
196	10
197	1
198	29
199	13
200	19
201	7
202	26
203	15
204	31
205	18
206	8
207	19
208	49
209	30
210	78
211	85
212	132
213	63
214	24
215	9
216	37
217	7
218	9
219	0
220	32
221	15
222	10
223	32
224	48
225	39
226	19
227	47
228	19
229	17
230	8
231	5
232	12
233	20
234	43
235	24
236	11
237	16
238	22
239	2
240	4
241	43
242	16
243	30
244	26
245	2
246	8
247	50
248	15
249	4
250	1
251	3
252	20
253	10
254	3
255	11
256	18
257	7
258	4
259	2
260	9
261	12
262	15
263	18
264	6
265	16
266	9
267	11
268	13
269	4
270	2
271	17
272	22
273	23
274	7
275	5
276	6
277	1
278	1
279	3
280	16
281	32
282	5
283	6
284	5
285	2
286	5
287	11
288	6
289	11
290	9
291	0
292	7
293	9
294	13
295	6
296	5
297	4
298	36
299	18
300	37
301	150
302	0
303	2
304	11
305	13
306	5
307	11
308	5
309	7
310	0
311	9
312	50
313	53
314	16
315	14
316	13
317	9
318	2
319	12
320	6
321	13
322	0
323	5
324	3
325	33
326	12
327	28
328	1
329	2
330	25
331	5
332	23
333	4
334	2
335	97
336	52
337	0
338	3
339	32
340	25
341	3
342	13
343	50
344	28
345	5
346	10
347	16
348	8
349	4
350	10
351	15
352	37
353	8
354	49
355	8
356	8
357	11
358	3
359	43
360	44
361	24
362	4
363	21
364	42
365	5
366	0
367	0
368	1
369	13
370	0
371	2
372	8
373	10
374	4
375	8
376	1
377	0
378	21
379	27
380	15
381	17
382	1
383	0
384	1
385	7
386	0
387	12
388	19
389	0
390	0
391	0
392	5
393	4
394	5
395	5
396	12
397	10
398	8
399	16
400	5
401	3
402	0
403	6
404	1
405	6
406	52
407	11
408	11
409	14
410	5
411	12
412	1
413	19
414	7
415	9
416	12
417	61
418	70
419	10
420	0
421	1
422	0
423	21
424	0
425	1
426	25
427	79
428	7
429	0
430	5
431	28
432	1
433	9
434	4
435	5
436	16
437	22
438	145
439	161
440	3
441	5
442	8
443	3
444	3
445	2
446	3
447	0
448	15
449	8
450	9
451	9
452	6
453	40
454	9
455	14
456	37
457	6
458	4
459	7
460	6
461	0
462	4
463	106
464	37
465	66
466	47
467	5
468	30
469	246
470	93
471	8
472	6
473	114
474	25
475	1
476	15
477	12
478	9
479	1
480	2
481	1
482	9
483	1
484	0
485	0
486	19
487	31
488	51
489	49
490	0
491	6
492	0
493	10
494	0
495	11
496	34
497	29
498	5
499	4
500	33
501	252
502	114
503	3
504	34
505	111
506	64
507	83
508	91
509	33
510	46
511	12
512	2
513	52
514	17
515	2
516	3
517	4
518	31
519	6
520	39
521	170
522	123
523	4
524	9
525	13
526	116
527	111
528	23
529	79
530	66
531	80
532	16
533	283
534	15
535	23
536	128
537	142
538	102
539	117
540	114
541	197
542	367
543	110
544	8
545	230
546	97
547	39
548	235
549	64
550	73
551	95
552	44
553	15
554	1
555	118
556	220
557	370
558	257
559	178
560	200
561	673
562	490
563	198
564	186
565	214
566	404
567	643
568	230
569	520
570	396
571	56
572	175
573	336
574	191
575	249
576	278
577	473
578	545
579	844
580	469
581	744
582	1030
583	435
584	306
585	408
586	577
587	450
588	654
589	957
590	1047
591	872
592	1104
593	820
594	1044
595	913
596	1267
597	768
598	1019
599	1002
600	1101
601	1216
602	1174
603	741
604	1218
605	1479
606	1272
607	1511
608	1719
609	1474
610	1504
611	1900
612	2003
613	2635
614	2386
615	2301
616	1897
617	1525
618	917
619	1308
620	1295
621	1636
622	1756
623	1491
624	946
625	1110
626	850
627	830
628	1167
629	688
630	810
631	934
632	524
633	551
634	891
635	883
636	1070
637	839
638	681
639	615
640	749
641	805
642	781
643	588
644	397
645	472
646	758
647	447
648	398
649	231
650	427
651	378
652	332
653	261
654	474
655	323
656	82
657	29
658	169
659	131
660	12
661	103
662	47
663	53
664	137
665	151
666	46
667	12
668	46
669	25
670	9
671	18
672	134
673	46
674	2
675	124
676	296
677	809
678	334
679	31
680	24
681	7
682	70
683	12
684	11
685	3
686	14
687	7
688	12
689	9
690	8
691	42
692	3
693	21
694	24
695	8
696	14
697	4
698	20
699	54
700	11
701	10
702	2
703	15
704	73
705	92
706	65
707	57
708	33
709	0
710	3
711	5
712	23
713	3
714	27
715	48
716	27
717	5
718	1
719	15
720	21
721	20
722	23
723	17
724	24
725	19
726	0
727	4
728	8
729	11
730	17
731	11
732	5
733	15
734	7
735	9
736	12
737	47
738	11
739	4
740	2
741	13
742	15
743	51
744	6
745	5
746	27
747	17
748	2
749	0
750	7
751	20
752	34
753	26
754	40
755	16
756	87
757	36
758	30
759	16
760	27
761	3
762	13
763	21
764	25
765	10
766	10
767	3
768	3
769	18
770	12
771	11
772	13
773	12
774	13
775	15
776	7
777	1
778	5
779	6
780	15
781	23
782	29
783	3
784	30
785	24
786	31
787	2
788	6
789	15
790	22
791	6
792	22
793	19
794	12
795	5
796	19
797	2
798	40
799	30
800	7
801	22
802	27
803	12
804	22
805	24
806	25
807	6
808	5
809	27
810	20
811	3
812	44
813	18
814	36
815	8
816	11
817	21
818	18
819	28
820	32
821	8
822	4
823	12
824	24
825	25
826	30
827	32
828	14
829	22
830	7
831	11
832	4
833	60
834	36
835	2
836	10
837	59
838	27
839	17
840	23
841	23
842	2
843	35
844	28
845	30
846	17
847	50
848	1
849	32
850	18
851	27
852	40
853	18
854	2
855	10
856	23
857	36
858	19
859	26
860	10
861	0
862	23
863	6
864	5
865	2
866	11
867	55
868	12
869	24
870	27
871	33
872	5
873	19
874	34
875	21
876	43
877	2
878	38
879	37
880	3
881	55
882	46
883	29
884	16
885	12
886	18
887	15
888	26
889	49
890	18
891	9
892	29
893	12
894	10
895	14
896	35
897	43
898	10
899	19
900	6
901	7
902	11
903	42
904	22
905	50
906	114
907	139
908	32
909	58
910	73
911	80
912	61
913	42
914	25
915	35
916	68
917	23
918	49
919	31
920	42
921	30
922	43
923	42
924	55
925	41
926	45
927	59
928	26
929	77
930	34
931	72
932	65
933	42
934	49
935	31
936	23
937	36
938	2
939	29
940	10
941	18
942	20
943	18
944	28
945	30
946	28
947	19
948	23
949	29
950	22
951	49
952	91
953	35
954	23
955	31
956	26
957	8
958	33
959	9
960	16
961	52
962	28
963	56
964	50
965	43
966	31
967	11
968	21
969	20
970	24
971	16
972	5
973	15
974	2
975	9
976	19
977	14
978	16
979	21
980	39
981	37
982	31
983	21
984	14
985	19
986	38
987	3
988	27
989	23
990	29
991	9
992	9
993	33
994	28
995	42
996	12
997	3
998	18
999	13
1000	53
1001	84
1002	17
1003	27
1004	23
1005	34
1006	118
1007	38
1008	18
1009	40
1010	30
1011	34
1012	8
1013	35
1014	35
1015	26
1016	46
1017	20
1018	38
1019	9
1020	20
1021	21
1022	25
1023	49
1024	27
1025	33
1026	17
1027	59
1028	32
1029	122
1030	60
1031	23
1032	36
1033	52
1034	26
1035	45
1036	3
1037	47
1038	33
1039	15
1040	52
1041	7
1042	5
1043	18
1044	52
1045	15
1046	22
1047	30
1048	11
1049	2
1050	44
1051	84
1052	25
1053	21
1054	111
1055	186
1056	1459
1057	165
1058	37
1059	44
1060	31
1061	5
1062	28
1063	18
1064	17
1065	22
1066	14
1067	12
1068	19
1069	36
1070	40
1071	71
1072	30
1073	41
1074	36
1075	22
1076	31
1077	16
1078	40
1079	66
1080	56
1081	48
1082	10
1083	37
1084	10
1085	25
1086	37
1087	39
1088	14
1089	66
1090	32
1091	16
1092	23
1093	17
1094	13
1095	5
1096	9
1097	32
1098	25
1099	23
1100	19
1101	35
1102	15
1103	9
1104	14
1105	28
1106	3
1107	38
1108	28
1109	73
1110	39
1111	28
1112	4
1113	7
1114	1
1115	29
1116	5
1117	10
1118	7
1119	10
1120	14
1121	12
1122	3
1123	16
1124	95
1125	101
1126	97
1127	6
1128	1
1129	19
1130	8
1131	15
1132	20
1133	16
1134	53
1135	30
1136	66
1137	41
1138	9
1139	18
1140	21
1141	8
1142	5
1143	25
1144	25
1145	7
1146	22
1147	62
1148	37
1149	8
1150	12
1151	11
1152	15
1153	14
1154	10
1155	30
1156	0
1157	24
1158	33
1159	6
1160	8
1161	20
1162	43
1163	31
1164	17
1165	53
1166	26
1167	15
1168	29
1169	52
1170	31
1171	39
1172	26
1173	15
1174	9
1175	4
1176	9
1177	28
1178	8
1179	12
1180	6
1181	15
1182	10
1183	19
1184	15
1185	10
1186	22
1187	36
1188	27
1189	23
1190	18
1191	6
1192	14
1193	19
1194	17
1195	25
1196	86
1197	39
1198	11
1199	24
1200	4
1201	4
1202	13
1203	36
1204	38
1205	32
1206	8
1207	15
1208	20
1209	25
1210	6
1211	2
1212	10
1213	8
1214	51
1215	9
1216	30
1217	75
1218	17
1219	30
1220	12
1221	23
1222	10
1223	10
1224	36
1225	14
1226	5
1227	5
1228	6
1229	16
1230	17
1231	15
1232	0
1233	12
1234	0
1235	11
1236	10
1237	41
1238	20
1239	10
1240	7
1241	8
1242	11
1243	38
1244	16
1245	5
1246	19
1247	18
1248	20
1249	2
1250	8
1251	34
1252	15
1253	57
1254	7
1255	18
1256	10
1257	120
1258	258
1259	75
1260	14
1261	13
1262	15
1263	71
1264	134
1265	52
1266	46
1267	15
1268	16
1269	18
1270	10
1271	8
1272	0
1273	5
1274	3
1275	0
1276	9
1277	3
1278	12
1279	32
1280	8
1281	59
1282	22
1283	31
1284	45
1285	107
1286	34
1287	17
1288	2
1289	13
1290	0
1291	1
1292	28
1293	19
1294	15
1295	34
1296	31
1297	38
1298	44
1299	27
1300	15
1301	1
1302	71
1303	112
1304	47
1305	13
1306	21
1307	32
1308	6
1309	21
1310	14
1311	8
1312	14
1313	1
1314	15
1315	15
1316	41
1317	8
1318	14
1319	2
1320	21
1321	10
1322	5
1323	10
1324	19
1325	89
1326	40
1327	31
1328	19
1329	16
1330	22
1331	8
1332	32
1333	0
1334	7
1335	16
1336	14
1337	20
1338	17
1339	21
1340	21
1341	23
1342	23
1343	78
1344	41
1345	14
1346	27
1347	0
1348	23
1349	4
1350	10
1351	75
1352	75
1353	74
1354	23
1355	66
1356	10
1357	32
1358	19
1359	3
1360	30
1361	20
1362	38
1363	93
1364	21
1365	8
1366	3
1367	10
1368	10
1369	40
1370	6
1371	48
1372	11
1373	33
1374	29
1375	3
1376	3
1377	10
1378	4
1379	2
1380	25
1381	26
1382	11
1383	9
1384	48
1385	10
1386	34
1387	29
1388	35
1389	18
1390	3
1391	16
1392	17
1393	1
1394	29
1395	13
1396	10
1397	24
1398	9
1399	19
1400	10
1401	14
1402	37
1403	4
1404	10
1405	14
1406	10
1407	26
1408	21
1409	50
1410	12
1411	23
1412	4
1413	2
1414	13
1415	21
1416	7
1417	42
1418	18
1419	8
1420	4
1421	4
1422	3
1423	0
1424	18
1425	1
1426	25
1427	78
1428	11
1429	5
1430	2
1431	6
1432	1
1433	0
1434	0
1435	25
1436	67
1437	29
1438	48
1439	78
1440	41
1441	11
1442	12
1443	14
1444	3
1445	19
1446	24
1447	10
1448	1
1449	22
1450	14
1451	19
1452	4
1453	26
1454	31
1455	7
1456	28
1457	27
1458	68
1459	32
1460	15
1461	9
1462	43
1463	10
1464	15
1465	18
1466	5
1467	27
1468	13
1469	0
1470	9
1471	71
1472	35
1473	21
1474	17
1475	25
1476	23
1477	36
1478	49
1479	8
1480	1
1481	25
1482	21
1483	5
1484	0
1485	10
1486	0
1487	44
1488	23
1489	23
1490	12
1491	6
1492	2
1493	27
1494	16
1495	15
1496	2
1497	7
1498	37
1499	17
1500	15
1501	18
1502	10
1503	21
1504	17
1505	77
1506	21
1507	10
1508	3
1509	10
1510	34
1511	25
1512	1
1513	16
1514	13
1515	19
1516	5
1517	33
1518	23
1519	50
1520	13
1521	19
1522	5
1523	10
1524	17
1525	9
1526	175
1527	147
1528	98
1529	47
1530	17
1531	11
1532	100
1533	338
1534	401
1535	88
1536	28
1537	51
1538	66
1539	28
1540	79
1541	54
1542	31
1543	216
1544	463
1545	109
1546	62
1547	165
1548	27
1549	6
1550	1
1551	45
1552	30
1553	105
1554	368
1555	363
1556	375
1557	323
1558	125
1559	67
1560	96
1561	590
1562	544
1563	256
1564	104
1565	354
1566	182
1567	400
1568	274
1569	451
1570	595
1571	521
1572	489
1573	807
1574	648
1575	241
1576	884
1577	859
1578	782
1579	929
1580	556
1581	623
1582	1356
1583	1646
1584	1293
1585	1473
1586	1880
1587	3112
1588	3312
1589	2787
1590	3365
1591	3897
1592	3535
1593	5029
1594	5553
1595	5145
1596	5085
1597	4653
1598	4438
1599	4578
1600	3637
1601	2504
1602	2609
1603	2696
1604	2365
1605	1767
1606	1917
1607	2036
1608	1185
1609	1147
1610	1596
1611	1968
1612	1342
1613	1329
1614	1418
1615	1908
1616	1826
1617	1353
1618	1312
1619	1096
1620	1351
1621	876
1622	1004
1623	1238
1624	1230
1625	976
1626	926
1627	937
1628	936
1629	908
1630	762
1631	610
1632	448
1633	442
1634	647
1635	388
1636	489
1637	457
1638	399
1639	238
1640	445
1641	350
1642	394
1643	428
1644	132
1645	206
1646	152
1647	166
1648	31
1649	50
1650	117
1651	70
1652	25
1653	49
1654	101
1655	103
1656	136
1657	149
1658	71
1659	37
1660	103
1661	63
1662	16
1663	149
1664	92
1665	49
1666	33
1667	44
1668	18
1669	49
1670	15
1671	62
1672	64
1673	101
1674	189
1675	167
1676	134
1677	28
1678	14
1679	17
1680	58
1681	66
1682	66
1683	27
1684	11
1685	41
1686	61
1687	6
1688	29
1689	21
1690	33
1691	20
1692	29
1693	59
1694	35
1695	45
1696	82
1697	25
1698	90
1699	12
1700	12
1701	5
1702	29
1703	13
1704	14
1705	44
1706	14
1707	143
1708	179
1709	42
1710	33
1711	44
1712	39
1713	33
1714	42
1715	41
1716	33
1717	68
1718	41
1719	27
1720	4
1721	37
1722	10
1723	51
1724	34
1725	117
1726	114
1727	140
1728	90
1729	28
1730	9
1731	5
1732	4
1733	8
1734	20
1735	14
1736	2
1737	36
1738	33
1739	54
1740	65
1741	16
1742	42
1743	9
1744	5
1745	20
1746	10
1747	27
1748	103
1749	80
1750	56
1751	24
1752	7
1753	7
1754	35
1755	4
1756	24
1757	8
1758	7
1759	39
1760	25
1761	6
1762	20
1763	28
1764	7
1765	6
1766	25
1767	25
1768	21
1769	35
1770	70
1771	17
1772	26
1773	19
1774	66
1775	23
1776	83
1777	24
1778	14
1779	28
1780	56
1781	35
1782	12
1783	9
1784	119
1785	211
1786	30
1787	27
1788	49
1789	22
1790	20
1791	3
1792	30
1793	38
1794	39
1795	114
1796	20
1797	29
1798	9
1799	9
1800	5
1801	6
1802	10
1803	23
1804	6
1805	8
1806	58
1807	67
1808	50
1809	12
1810	24
1811	23
1812	8
1813	4
1814	74
1815	23
1816	16
1817	56
1818	16
1819	21
1820	41
1821	38
1822	26
1823	9
1824	29
1825	41
1826	24
1827	42
1828	19
1829	34
1830	32
1831	35
1832	19
1833	13
1834	41
1835	41
1836	61
1837	30
1838	45
1839	55
1840	17
1841	35
1842	24
1843	28
1844	68
1845	67
1846	44
1847	48
1848	8
1849	40
1850	112
1851	43
1852	45
1853	58
1854	32
1855	37
1856	50
1857	30
1858	37
1859	58
1860	292
1861	114
1862	56
1863	60
1864	21
1865	104
1866	180
1867	74
1868	15
1869	88
1870	55
1871	46
1872	17
1873	24
1874	89
1875	70
1876	40
1877	13
1878	37
1879	49
1880	38
1881	39
1882	31
1883	61
1884	152
1885	163
1886	162
1887	286
1888	133
1889	33
1890	14
1891	29
1892	196
1893	103
1894	63
1895	92
1896	36
1897	54
1898	48
1899	16
1900	74
1901	41
1902	47
1903	99
1904	40
1905	72
1906	96
1907	29
1908	37
1909	63
1910	30
1911	41
1912	39
1913	62
1914	63
1915	71
1916	43
1917	51
1918	53
1919	72
1920	65
1921	56
1922	96
1923	25
1924	62
1925	49
1926	109
1927	184
1928	165
1929	116
1930	112
1931	58
1932	88
1933	51
1934	87
1935	61
1936	168
1937	157
1938	181
1939	101
1940	42
1941	75
1942	77
1943	95
1944	46
1945	36
1946	74
1947	58
1948	57
1949	80
1950	149
1951	175
1952	120
1953	130
1954	96
1955	161
1956	174
1957	79
1958	56
1959	15
1960	99
1961	30
1962	30
1963	74
1964	143
1965	194
1966	135
1967	82
1968	60
1969	81
1970	54
1971	72
1972	85
1973	65
1974	147
1975	102
1976	69
1977	195
1978	69
1979	64
1980	31
1981	82
1982	73
1983	96
1984	90
1985	245
1986	489
1987	118
1988	160
1989	226
1990	503
1991	187
1992	152
1993	46
1994	84
1995	156
1996	673
1997	316
1998	345
1999	505
2000	154
2001	68
2002	205
2003	258
2004	423
2005	793
2006	266
2007	54
2008	301
2009	584
2010	462
2011	512
2012	469
2013	206
2014	139
2015	109
2016	190
2017	290
2018	496
2019	613
2020	749
2021	687
2022	531
2023	225
2024	495
2025	319
2026	653
2027	761
2028	273
2029	462
2030	561
2031	171
2032	813
2033	1323
2034	1402
2035	1126
2036	776
2037	924
2038	1024
2039	934
2040	1098
2041	1239
2042	1176
2043	1958
2044	2176
2045	2054
2046	1609
2047	2065
