Instrument: Andor
X Size: 2048
Y Size: 64
Total Flux: 0.000
Total Counts: 312431
Background: 334.000000
Curvature: 0.0
Clipped to ROI: No
ROI: 1309 526 2539 1627
X	Counts
0	0
1	0
2	4
3	41
4	0
5	0
6	0
7	0
8	0
9	0
10	2
11	2
12	0
13	8
14	50
15	19
16	1
17	15
18	53
19	0
20	19
21	1
22	0
23	1
24	0
25	0
26	0
27	0
28	0
29	0
30	7
31	29
32	2
33	0
34	7
35	4
36	12
37	51
38	2
39	0
40	3
41	2
42	0
43	11
44	0
45	17
46	6
47	14
48	11
49	0
50	0
51	7
52	2
53	0
54	29
55	15
56	4
57	9
58	1
59	2
60	14
61	13
62	0
63	0
64	0
65	7
66	28
67	1
68	3
69	0
70	21
71	25
72	32
73	6
74	22
75	19
76	63
77	44
78	47
79	13
80	2
81	45
82	32
83	18
84	31
85	24
86	32
87	6
88	25
89	21
90	45
91	90
92	53
93	64
94	14
95	2
96	0
97	0
98	19
99	2
100	11
101	4
102	8
103	10
104	0
105	6
106	6
107	7
108	15
109	22
110	3
111	13
112	9
113	0
114	0
115	40
116	27
117	4
118	2
119	19
120	85
121	23
122	14
123	14
124	9
125	20
126	64
127	4
128	4
129	2
130	2
131	3
132	24
133	8
134	0
135	23
136	18
137	4
138	8
139	23
140	10
141	21
142	9
143	1
144	5
145	4
146	13
147	17
148	0
149	19
150	15
151	13
152	3
153	65
154	28
155	112
156	175
157	92
158	6
159	18
160	3
161	4
162	0
163	19
164	1
165	6
166	35
167	9
168	21
169	4
170	13
171	7
172	4
173	5
174	0
175	0
176	6
177	0
178	11
179	7
180	13
181	18
182	5
183	0
184	3
185	2
186	11
187	0
188	8
189	3
190	2
191	19
192	4
193	9
194	18
195	8
196	11
197	8
198	4
199	2
200	8
201	0
202	34
203	1
204	1
205	26
206	12
207	35
208	31
209	26
210	3
211	0
212	2
213	5
214	2
215	6
216	33
217	13
218	27
219	5
220	15
221	0
222	12
223	4
224	34
225	8
226	10
227	18
228	17
229	12
230	9
231	1
232	6
233	2
234	8
235	15
236	61
237	147
238	50
239	12
240	31
241	32
242	19
243	2
244	11
245	9
246	0
247	14
248	9
249	3
250	6
251	2
252	28
253	46
254	21
255	18
256	23
257	48
258	5
259	7
260	0
261	3
262	0
263	9
264	5
265	0
266	13
267	7
268	14
269	0
270	0
271	10
272	8
273	0
274	6
275	11
276	5
277	7
278	7
279	0
280	19
281	4
282	4
283	3
284	12
285	2
286	2
287	13
288	2
289	2
290	5
291	15
292	0
293	5
294	18
295	0
296	1
297	10
298	15
299	6
300	1
301	42
302	23
303	6
304	12
305	12
306	4
307	1
308	1
309	11
310	2
311	4
312	7
313	0
314	0
315	0
316	56
317	338
318	0
319	25
320	0
321	1
322	0
323	0
324	3
325	22
326	10
327	4
328	4
329	3
330	5
331	0
332	2
333	7
334	2
335	63
336	81
337	34
338	2
339	8
340	1
341	2
342	12
343	0
344	4
345	2
346	11
347	5
348	9
349	2
350	1
351	6
352	0
353	12
354	65
355	4
356	37
357	44
358	1
359	21
360	0
361	7
362	4
363	19
364	3
365	3
366	12
367	16
368	13
369	22
370	0
371	0
372	3
373	0
374	8
375	45
376	111
377	162
378	62
379	3
380	11
381	0
382	9
383	3
384	0
385	2
386	2
387	6
388	2
389	1
390	0
391	3
392	4
393	1
394	0
395	1
396	1
397	12
398	22
399	16
400	1
401	0
402	5
403	0
404	0
405	0
406	40
407	8
408	1
409	5
410	4
411	6
412	5
413	0
414	0
415	10
416	14
417	5
418	10
419	20
420	2
421	3
422	0
423	7
424	28
425	9
426	0
427	1
428	0
429	3
430	0
431	30
432	2
433	15
434	0
435	0
436	4
437	59
438	11
439	9
440	0
441	1
442	1
443	13
444	1
445	9
446	3
447	0
448	0
449	48
450	0
451	11
452	5
453	16
454	5
455	9
456	2
457	18
458	131
459	29
460	1
461	9
462	2
463	123
464	41
465	14
466	1
467	3
468	22
469	47
470	79
471	2
472	6
473	0
474	0
475	1
476	2
477	8
478	53
479	82
480	7
481	14
482	64
483	3
484	1
485	38
486	21
487	0
488	16
489	48
490	31
491	60
492	8
493	33
494	13
495	0
496	0
497	9
498	5
499	7
500	10
501	0
502	60
503	2
504	34
505	11
506	20
507	92
508	45
509	45
510	4
511	22
512	3
513	1
514	3
515	0
516	2
517	45
518	27
519	29
520	211
521	61
522	14
523	1
524	155
525	171
526	27
527	52
528	92
529	47
530	25
531	22
532	32
533	83
534	56
535	12
536	133
537	143
538	38
539	20
540	60
541	99
542	2
543	173
544	350
545	286
546	34
547	27
548	76
549	11
550	58
551	340
552	125
553	25
554	11
555	55
556	0
557	6
558	20
559	137
560	181
561	156
562	95
563	153
564	258
565	73
566	54
567	409
568	686
569	397
570	184
571	88
572	400
573	442
574	369
575	406
576	581
577	537
578	447
579	436
580	195
581	159
582	589
583	528
584	530
585	549
586	818
587	822
588	625
589	890
590	852
591	873
592	697
593	848
594	1138
595	925
596	772
597	511
598	692
599	1012
600	1093
601	1351
602	1297
603	1593
604	1566
605	1583
606	978
607	1060
608	1652
609	2088
610	1854
611	1385
612	1559
613	1056
614	1435
615	1332
616	1106
617	932
618	1298
619	826
620	852
621	1108
622	1114
623	1208
624	1303
625	1131
626	860
627	757
628	904
629	630
630	659
631	739
632	566
633	605
634	556
635	657
636	455
637	401
638	900
639	607
640	277
641	525
642	566
643	647
644	531
645	692
646	621
647	360
648	287
649	353
650	664
651	350
652	213
653	70
654	410
655	371
656	260
657	21
658	124
659	262
660	88
661	29
662	86
663	31
664	97
665	219
666	144
667	63
668	154
669	5
670	127
671	219
672	131
673	128
674	34
675	23
676	207
677	86
678	2
679	0
680	9
681	4
682	42
683	9
684	0
685	6
686	21
687	0
688	6
689	76
690	41
691	12
692	5
693	55
694	96
695	15
696	11
697	8
698	0
699	10
700	49
701	3
702	1
703	6
704	7
705	21
706	0
707	3
708	3
709	1
710	0
711	0
712	3
713	10
714	8
715	37
716	13
717	9
718	47
719	84
720	11
721	12
722	0
723	15
724	32
725	10
726	43
727	0
728	2
729	13
730	0
731	12
732	7
733	17
734	60
735	22
736	2
737	9
738	41
739	9
740	9
741	29
742	0
743	6
744	20
745	5
746	7
747	60
748	10
749	7
750	0
751	13
752	8
753	2
754	61
755	5
756	5
757	19
758	7
759	13
760	20
761	1
762	0
763	0
764	21
765	6
766	16
767	2
768	0
769	8
770	23
771	20
772	14
773	1
774	4
775	6
776	33
777	19
778	11
779	33
780	3
781	35
782	163
783	31
784	34
785	4
786	5
787	4
788	16
789	2
790	7
791	8
792	19
793	7
794	9
795	0
796	18
797	0
798	17
799	10
800	14
801	8
802	26
803	33
804	21
805	15
806	31
807	16
808	18
809	2
810	0
811	15
812	27
813	8
814	12
815	35
816	0
817	11
818	14
819	7
820	5
821	9
822	0
823	0
824	1
825	3
826	32
827	6
828	0
829	4
830	5
831	5
832	4
833	22
834	9
835	20
836	18
837	25
838	22
839	3
840	20
841	0
842	14
843	10
844	26
845	4
846	6
847	12
848	22
849	8
850	6
851	39
852	153
853	2
854	0
855	26
856	17
857	29
858	10
859	8
860	6
861	13
862	4
863	2
864	22
865	19
866	25
867	86
868	84
869	105
870	67
871	37
872	13
873	12
874	12
875	33
876	141
877	61
878	43
879	18
880	19
881	13
882	21
883	88
884	0
885	4
886	35
887	5
888	13
889	10
890	9
891	20
892	24
893	25
894	49
895	22
896	64
897	38
898	8
899	5
900	44
901	11
902	40
903	19
904	33
905	23
906	11
907	7
908	50
909	11
910	4
911	5
912	22
913	24
914	27
915	16
916	11
917	44
918	42
919	25
920	28
921	39
922	13
923	26
924	28
925	22
926	10
927	46
928	5
929	31
930	28
931	35
932	15
933	28
934	31
935	17
936	25
937	17
938	6
939	37
940	42
941	6
942	18
943	21
944	38
945	20
946	106
947	45
948	24
949	5
950	5
951	14
952	14
953	26
954	17
955	4
956	44
957	1
958	22
959	18
960	14
961	20
962	9
963	32
964	36
965	3
966	38
967	24
968	15
969	27
970	65
971	27
972	8
973	20
974	5
975	19
976	7
977	3
978	12
979	18
980	5
981	1
982	5
983	31
984	20
985	14
986	2
987	26
988	24
989	43
990	40
991	63
992	36
993	18
994	1
995	13
996	30
997	36
998	30
999	1
1000	26
1001	12
1002	14
1003	17
1004	0
1005	19
1006	23
1007	11
1008	17
1009	55
1010	3
1011	3
1012	2
1013	8
1014	8
1015	10
1016	28
1017	29
1018	41
1019	22
1020	30
1021	3
1022	56
1023	16
1024	28
1025	67
1026	14
1027	39
1028	25
1029	18
1030	14
1031	4
1032	2
1033	21
1034	36
1035	10
1036	44
1037	25
1038	10
1039	25
1040	10
1041	0
1042	8
1043	6
1044	5
1045	21
1046	48
1047	22
1048	4
1049	38
1050	25
1051	9
1052	11
1053	49
1054	38
1055	10
1056	14
1057	29
1058	0
1059	15
1060	18
1061	7
1062	21
1063	9
1064	12
1065	18
1066	7
1067	5
1068	19
1069	12
1070	3
1071	16
1072	17
1073	4
1074	19
1075	6
1076	0
1077	23
1078	24
1079	19
1080	33
1081	37
1082	3
1083	9
1084	9
1085	19
1086	66
1087	43
1088	54
1089	14
1090	11
1091	5
1092	2
1093	10
1094	0
1095	5
1096	1
1097	13
1098	36
1099	44
1100	5
1101	6
1102	1
1103	9
1104	20
1105	15
1106	18
1107	35
1108	11
1109	24
1110	7
1111	37
1112	19
1113	3
1114	8
1115	39
1116	6
1117	1
1118	3
1119	12
1120	0
1121	1
1122	8
1123	3
1124	18
1125	31
1126	19
1127	10
1128	7
1129	20
1130	9
1131	21
1132	4
1133	50
1134	9
1135	6
1136	0
1137	13
1138	21
1139	149
1140	78
1141	14
1142	9
1143	0
1144	45
1145	4
1146	16
1147	15
1148	67
1149	49
1150	29
1151	10
1152	23
1153	33
1154	8
1155	48
1156	27
1157	49
1158	35
1159	23
1160	45
1161	27
1162	0
1163	22
1164	7
1165	3
1166	15
1167	11
1168	1
1169	12
1170	29
1171	32
1172	30
1173	25
1174	50
1175	55
1176	14
1177	42
1178	25
1179	18
1180	16
1181	11
1182	18
1183	25
1184	18
1185	8
1186	15
1187	3
1188	1
1189	2
1190	0
1191	2
1192	18
1193	12
1194	18
1195	3
1196	24
1197	4
1198	12
1199	32
1200	2
1201	8
1202	3
1203	8
1204	0
1205	13
1206	5
1207	4
1208	5
1209	13
1210	10
1211	22
1212	23
1213	64
1214	87
1215	73
1216	44
1217	6
1218	8
1219	14
1220	85
1221	63
1222	8
1223	2
1224	44
1225	29
1226	1
1227	16
1228	21
1229	88
1230	65
1231	30
1232	5
1233	8
1234	16
1235	1
1236	4
1237	8
1238	8
1239	2
1240	3
1241	3
1242	14
1243	25
1244	0
1245	13
1246	2
1247	2
1248	8
1249	21
1250	5
1251	17
1252	13
1253	11
1254	10
1255	33
1256	52
1257	62
1258	74
1259	37
1260	15
1261	62
1262	1
1263	19
1264	9
1265	3
1266	3
1267	5
1268	11
1269	0
1270	13
1271	5
1272	15
1273	7
1274	43
1275	8
1276	0
1277	7
1278	8
1279	20
1280	10
1281	3
1282	27
1283	3
1284	1
1285	14
1286	20
1287	41
1288	176
1289	61
1290	26
1291	13
1292	15
1293	9
1294	6
1295	11
1296	1
1297	12
1298	2
1299	3
1300	0
1301	7
1302	13
1303	4
1304	10
1305	10
1306	11
1307	183
1308	41
1309	32
1310	16
1311	27
1312	2
1313	0
1314	3
1315	3
1316	0
1317	0
1318	14
1319	1
1320	9
1321	7
1322	2
1323	4
1324	5
1325	1
1326	51
1327	8
1328	20
1329	135
1330	98
1331	3
1332	2
1333	0
1334	36
1335	45
1336	11
1337	11
1338	32
1339	27
1340	16
1341	0
1342	10
1343	2
1344	9
1345	5
1346	5
1347	15
1348	26
1349	6
1350	0
1351	14
1352	9
1353	106
1354	32
1355	28
1356	2
1357	4
1358	12
1359	21
1360	74
1361	7
1362	10
1363	29
1364	7
1365	20
1366	5
1367	50
1368	127
1369	67
1370	35
1371	61
1372	0
1373	5
1374	32
1375	34
1376	30
1377	18
1378	26
1379	10
1380	56
1381	20
1382	21
1383	4
1384	20
1385	7
1386	31
1387	30
1388	36
1389	1
1390	2
1391	8
1392	33
1393	7
1394	21
1395	0
1396	5
1397	17
1398	7
1399	15
1400	14
1401	9
1402	16
1403	10
1404	23
1405	43
1406	5
1407	23
1408	5
1409	63
1410	177
1411	73
1412	45
1413	9
1414	20
1415	30
1416	1
1417	57
1418	40
1419	139
1420	51
1421	11
1422	1
1423	20
1424	159
1425	35
1426	4
1427	0
1428	13
1429	59
1430	40
1431	16
1432	5
1433	13
1434	1
1435	6
1436	5
1437	13
1438	63
1439	186
1440	345
1441	116
1442	5
1443	18
1444	2
1445	16
1446	13
1447	1
1448	20
1449	74
1450	48
1451	8
1452	8
1453	129
1454	128
1455	142
1456	154
1457	277
1458	150
1459	218
1460	63
1461	1
1462	44
1463	1
1464	25
1465	6
1466	4
1467	11
1468	17
1469	9
1470	14
1471	38
1472	0
1473	0
1474	11
1475	43
1476	162
1477	190
1478	75
1479	6
1480	4
1481	1
1482	38
1483	22
1484	79
1485	11
1486	68
1487	145
1488	29
1489	0
1490	2
1491	23
1492	18
1493	361
1494	90
1495	4
1496	0
1497	4
1498	16
1499	3
1500	3
1501	31
1502	5
1503	14
1504	0
1505	6
1506	38
1507	5
1508	12
1509	27
1510	9
1511	3
1512	30
1513	346
1514	307
1515	157
1516	123
1517	203
1518	109
1519	131
1520	0
1521	4
1522	10
1523	12
1524	8
1525	34
1526	91
1527	189
1528	37
1529	5
1530	7
1531	4
1532	15
1533	10
1534	236
1535	340
1536	215
1537	185
1538	185
1539	179
1540	146
1541	54
1542	118
1543	197
1544	144
1545	365
1546	376
1547	66
1548	350
1549	389
1550	42
1551	21
1552	38
1553	33
1554	177
1555	18
1556	0
1557	27
1558	119
1559	55
1560	128
1561	439
1562	386
1563	376
1564	523
1565	615
1566	53
1567	210
1568	432
1569	979
1570	380
1571	128
1572	621
1573	635
1574	484
1575	675
1576	818
1577	845
1578	869
1579	1505
1580	1486
1581	1323
1582	1288
1583	1640
1584	1683
1585	2112
1586	2172
1587	1880
1588	2114
1589	2622
1590	2639
1591	3483
1592	2396
1593	2834
1594	2979
1595	3797
1596	2772
1597	3788
1598	4546
1599	3397
1600	2648
1601	3255
1602	3380
1603	2966
1604	2881
1605	3557
1606	3035
1607	2044
1608	2483
1609	2695
1610	3292
1611	2715
1612	1720
1613	2298
1614	1983
1615	1428
1616	1866
1617	1882
1618	1641
1619	2113
1620	1579
1621	1338
1622	1617
1623	1687
1624	1153
1625	922
1626	1257
1627	750
1628	803
1629	1499
1630	1257
1631	551
1632	776
1633	1572
1634	843
1635	782
1636	691
1637	592
1638	360
1639	90
1640	163
1641	194
1642	639
1643	507
1644	193
1645	479
1646	85
1647	51
1648	528
1649	333
1650	138
1651	155
1652	60
1653	18
1654	10
1655	85
1656	37
1657	26
1658	9
1659	42
1660	12
1661	27
1662	19
1663	116
1664	107
1665	99
1666	34
1667	95
1668	66
1669	84
1670	98
1671	153
1672	119
1673	170
1674	126
1675	12
1676	39
1677	3
1678	18
1679	10
1680	124
1681	241
1682	99
1683	14
1684	21
1685	133
1686	226
1687	141
1688	350
1689	94
1690	34
1691	29
1692	131
1693	190
1694	64
1695	110
1696	28
1697	91
1698	313
1699	14
1700	23
1701	27
1702	11
1703	5
1704	29
1705	14
1706	37
1707	58
1708	88
1709	38
1710	20
1711	40
1712	15
1713	3
1714	23
1715	42
1716	13
1717	55
1718	56
1719	48
1720	33
1721	31
1722	78
1723	88
1724	83
1725	199
1726	71
1727	48
1728	13
1729	10
1730	20
1731	59
1732	106
1733	47
1734	83
1735	16
1736	8
1737	53
1738	1
1739	33
1740	21
1741	16
1742	51
1743	6
1744	31
1745	19
1746	36
1747	30
1748	51
1749	49
1750	90
1751	23
1752	34
1753	1
1754	24
1755	20
1756	17
1757	26
1758	10
1759	22
1760	44
1761	112
1762	39
1763	33
1764	22
1765	0
1766	27
1767	28
1768	39
1769	17
1770	8
1771	17
1772	6
1773	7
1774	9
1775	19
1776	79
1777	32
1778	14
1779	18
1780	37
1781	39
1782	46
1783	18
1784	49
1785	52
1786	28
1787	14
1788	1
1789	35
1790	9
1791	104
1792	8
1793	89
1794	49
1795	87
1796	52
1797	73
1798	31
1799	2
1800	15
1801	29
1802	86
1803	45
1804	50
1805	31
1806	113
1807	10
1808	24
1809	59
1810	56
1811	49
1812	56
1813	0
1814	10
1815	16
1816	7
1817	1
1818	19
1819	12
1820	66
1821	81
1822	18
1823	105
1824	78
1825	58
1826	26
1827	32
1828	30
1829	31
1830	28
1831	4
1832	37
1833	44
1834	6
1835	3
1836	21
1837	47
1838	95
1839	15
1840	23
1841	22
1842	8
1843	18
1844	55
1845	120
1846	13
1847	10
1848	29
1849	2
1850	40
1851	99
1852	47
1853	26
1854	66
1855	71
1856	14
1857	12
1858	31
1859	34
1860	165
1861	76
1862	70
1863	59
1864	19
1865	38
1866	22
1867	102
1868	62
1869	347
1870	224
1871	53
1872	41
1873	48
1874	9
1875	40
1876	25
1877	43
1878	53
1879	85
1880	153
1881	148
1882	203
1883	186
1884	71
1885	102
1886	197
1887	336
1888	66
1889	10
1890	49
1891	39
1892	95
1893	60
1894	92
1895	101
1896	68
1897	140
1898	54
1899	66
1900	20
1901	81
1902	142
1903	235
1904	142
1905	86
1906	83
1907	78
1908	181
1909	151
1910	97
1911	164
1912	18
1913	92
1914	72
1915	22
1916	31
1917	34
1918	24
1919	115
1920	25
1921	47
1922	36
1923	409
1924	206
1925	226
1926	160
1927	71
1928	84
1929	42
1930	63
1931	63
1932	194
1933	244
1934	204
1935	171
1936	138
1937	38
1938	48
1939	109
1940	178
1941	22
1942	70
1943	45
1944	75
1945	21
1946	73
1947	476
1948	127
1949	87
1950	66
1951	110
1952	122
1953	154
1954	118
1955	97
1956	67
1957	71
1958	348
1959	221
1960	105
1961	26
1962	25
1963	232
1964	567
1965	434
1966	296
1967	289
1968	121
1969	83
1970	114
1971	79
1972	249
1973	49
1974	116
1975	254
1976	78
1977	46
1978	69
1979	69
1980	184
1981	446
1982	395
1983	153
1984	134
1985	350
1986	162
1987	80
1988	58
1989	82
1990	63
1991	200
1992	550
1993	329
1994	217
1995	44
1996	113
1997	218
1998	320
1999	220
2000	139
2001	781
2002	903
2003	350
2004	155
2005	394
2006	339
2007	94
2008	446
2009	271
2010	56
2011	44
2012	196
2013	613
2014	397
2015	359
2016	385
2017	445
2018	162
2019	228
2020	559
2021	395
2022	1037
2023	948
2024	833
2025	1022
2026	944
2027	968
2028	1199
2029	1215
2030	742
2031	478
2032	880
2033	1080
2034	1204
2035	1252
2036	793
2037	902
2038	1379
2039	1396
2040	999
2041	846
2042	1121
2043	1323
2044	2110
2045	2369
2046	2482
2047	1693
