Instrument: Andor
X Size: 2048
Y Size: 64
Total Flux: 0.000
Total Counts: 325936
Background: 332.000000
Curvature: 0.0
Clipped to ROI: No
ROI: 1309 526 2539 1627
X	Counts
0	1
1	6
2	0
3	1
4	0
5	0
6	0
7	0
8	0
9	0
10	1
11	5
12	0
13	0
14	23
15	10
16	3
17	11
18	6
19	31
20	39
21	6
22	4
23	42
24	9
25	10
26	21
27	1
28	3
29	4
30	7
31	1
32	4
33	0
34	14
35	23
36	13
37	40
38	25
39	9
40	80
41	8
42	6
43	0
44	1
45	44
46	2
47	39
48	3
49	15
50	1
51	6
52	18
53	54
54	57
55	4
56	12
57	3
58	16
59	8
60	27
61	8
62	30
63	12
64	3
65	0
66	1
67	6
68	9
69	6
70	23
71	43
72	22
73	49
74	41
75	5
76	18
77	5
78	23
79	13
80	24
81	96
82	8
83	13
84	8
85	36
86	39
87	26
88	26
89	6
90	14
91	30
92	8
93	54
94	32
95	61
96	46
97	6
98	30
99	15
100	39
101	21
102	13
103	3
104	55
105	4
106	22
107	0
108	13
109	13
110	21
111	42
112	58
113	43
114	25
115	28
116	10
117	15
118	11
119	27
120	80
121	51
122	27
123	20
124	18
125	53
126	40
127	3
128	14
129	18
130	63
131	15
132	28
133	27
134	8
135	19
136	43
137	16
138	12
139	3
140	7
141	6
142	10
143	29
144	0
145	23
146	59
147	37
148	27
149	17
150	28
151	8
152	49
153	33
154	8
155	7
156	24
157	33
158	24
159	11
160	18
161	82
162	17
163	47
164	13
165	34
166	0
167	11
168	11
169	35
170	55
171	9
172	14
173	64
174	13
175	17
176	13
177	24
178	23
179	21
180	3
181	4
182	20
183	21
184	25
185	25
186	30
187	38
188	13
189	32
190	13
191	69
192	12
193	3
194	15
195	43
196	29
197	6
198	35
199	21
200	6
201	38
202	45
203	3
204	33
205	14
206	45
207	38
208	36
209	0
210	3
211	26
212	4
213	13
214	30
215	15
216	4
217	21
218	50
219	6
220	4
221	45
222	24
223	4
224	20
225	19
226	28
227	1
228	1
229	21
230	8
231	6
232	11
233	18
234	29
235	17
236	2
237	23
238	34
239	16
240	10
241	28
242	29
243	39
244	14
245	19
246	2
247	18
248	12
249	5
250	1
251	10
252	44
253	4
254	12
255	23
256	10
257	42
258	10
259	1
260	48
261	15
262	2
263	21
264	21
265	21
266	32
267	8
268	10
269	27
270	18
271	7
272	18
273	23
274	16
275	11
276	8
277	2
278	18
279	5
280	8
281	2
282	7
283	0
284	39
285	4
286	3
287	13
288	3
289	1
290	4
291	2
292	3
293	19
294	7
295	16
296	15
297	20
298	25
299	19
300	16
301	55
302	22
303	5
304	5
305	34
306	17
307	17
308	1
309	4
310	7
311	3
312	6
313	0
314	25
315	15
316	0
317	30
318	17
319	39
320	6
321	2
322	11
323	2
324	1
325	9
326	2
327	18
328	7
329	17
330	36
331	1
332	13
333	22
334	9
335	66
336	79
337	24
338	8
339	14
340	1
341	0
342	17
343	2
344	13
345	39
346	9
347	32
348	36
349	2
350	6
351	0
352	3
353	7
354	5
355	2
356	25
357	92
358	4
359	7
360	0
361	13
362	6
363	11
364	0
365	10
366	0
367	14
368	14
369	5
370	7
371	2
372	19
373	0
374	16
375	31
376	12
377	26
378	5
379	29
380	35
381	24
382	10
383	12
384	9
385	13
386	55
387	93
388	43
389	33
390	2
391	15
392	6
393	4
394	5
395	22
396	21
397	12
398	7
399	10
400	27
401	4
402	31
403	6
404	20
405	11
406	25
407	0
408	1
409	4
410	7
411	2
412	2
413	3
414	28
415	0
416	9
417	27
418	51
419	66
420	21
421	5
422	21
423	13
424	10
425	13
426	9
427	68
428	4
429	2
430	12
431	17
432	1
433	10
434	3
435	5
436	0
437	8
438	0
439	9
440	3
441	1
442	0
443	0
444	20
445	9
446	39
447	59
448	34
449	13
450	6
451	15
452	34
453	3
454	11
455	40
456	15
457	22
458	9
459	46
460	64
461	24
462	17
463	4
464	12
465	3
466	13
467	1
468	5
469	13
470	0
471	2
472	1
473	10
474	6
475	87
476	166
477	178
478	110
479	165
480	36
481	62
482	70
483	96
484	16
485	5
486	12
487	27
488	15
489	16
490	13
491	30
492	98
493	27
494	27
495	34
496	40
497	43
498	20
499	69
500	114
501	1
502	44
503	114
504	132
505	32
506	84
507	96
508	48
509	6
510	19
511	193
512	174
513	57
514	5
515	3
516	58
517	206
518	160
519	17
520	8
521	4
522	0
523	15
524	44
525	46
526	31
527	62
528	2
529	7
530	6
531	9
532	19
533	90
534	220
535	78
536	155
537	212
538	27
539	20
540	318
541	472
542	169
543	159
544	144
545	192
546	25
547	20
548	224
549	271
550	225
551	310
552	230
553	154
554	355
555	211
556	164
557	215
558	376
559	246
560	509
561	203
562	4
563	184
564	130
565	213
566	173
567	498
568	747
569	465
570	485
571	109
572	325
573	600
574	613
575	477
576	297
577	511
578	475
579	616
580	718
581	481
582	639
583	606
584	817
585	712
586	862
587	860
588	991
589	1237
590	784
591	628
592	975
593	981
594	450
595	461
596	1244
597	848
598	704
599	775
600	1152
601	1171
602	1626
603	2146
604	2146
605	1789
606	1614
607	1764
608	1511
609	1932
610	2052
611	1514
612	1643
613	1686
614	2044
615	1708
616	2106
617	2291
618	2315
619	2327
620	1647
621	1762
622	1513
623	639
624	596
625	1139
626	1545
627	1149
628	1278
629	792
630	916
631	867
632	953
633	574
634	861
635	695
636	664
637	1183
638	651
639	603
640	512
641	439
642	637
643	865
644	750
645	462
646	658
647	343
648	319
649	305
650	696
651	419
652	116
653	319
654	242
655	315
656	162
657	345
658	192
659	55
660	233
661	366
662	357
663	82
664	44
665	101
666	106
667	34
668	286
669	450
670	264
671	139
672	31
673	2
674	28
675	84
676	68
677	99
678	171
679	87
680	50
681	8
682	5
683	81
684	96
685	4
686	7
687	7
688	16
689	40
690	17
691	20
692	12
693	31
694	11
695	7
696	9
697	16
698	21
699	32
700	13
701	26
702	30
703	29
704	17
705	11
706	45
707	35
708	9
709	22
710	33
711	64
712	25
713	18
714	17
715	19
716	30
717	52
718	9
719	31
720	20
721	76
722	135
723	160
724	97
725	111
726	43
727	17
728	12
729	13
730	13
731	5
732	12
733	34
734	6
735	4
736	6
737	11
738	15
739	9
740	3
741	15
742	31
743	49
744	24
745	9
746	1
747	33
748	10
749	7
750	15
751	22
752	17
753	16
754	44
755	0
756	2
757	36
758	2
759	10
760	41
761	47
762	20
763	2
764	22
765	34
766	8
767	21
768	10
769	29
770	12
771	19
772	13
773	14
774	6
775	27
776	35
777	3
778	7
779	23
780	19
781	30
782	26
783	14
784	11
785	34
786	15
787	1
788	5
789	47
790	49
791	19
792	11
793	12
794	1
795	24
796	15
797	9
798	10
799	97
800	16
801	16
802	17
803	24
804	24
805	14
806	27
807	21
808	10
809	15
810	30
811	24
812	48
813	27
814	11
815	23
816	5
817	22
818	13
819	33
820	38
821	27
822	37
823	21
824	34
825	4
826	12
827	25
828	39
829	31
830	53
831	22
832	19
833	139
834	173
835	32
836	20
837	62
838	16
839	9
840	24
841	7
842	29
843	32
844	20
845	18
846	25
847	37
848	29
849	19
850	24
851	11
852	173
853	23
854	31
855	12
856	14
857	22
858	15
859	63
860	126
861	28
862	7
863	14
864	34
865	22
866	8
867	76
868	6
869	13
870	36
871	87
872	37
873	24
874	18
875	44
876	34
877	8
878	24
879	15
880	15
881	37
882	5
883	5
884	8
885	19
886	17
887	27
888	20
889	39
890	2
891	41
892	8
893	24
894	26
895	17
896	83
897	26
898	29
899	21
900	39
901	30
902	75
903	46
904	51
905	27
906	36
907	43
908	25
909	62
910	19
911	54
912	57
913	40
914	47
915	54
916	15
917	37
918	53
919	35
920	62
921	62
922	62
923	135
924	92
925	63
926	14
927	81
928	67
929	66
930	36
931	100
932	52
933	15
934	20
935	28
936	42
937	27
938	5
939	32
940	37
941	11
942	28
943	59
944	73
945	23
946	63
947	11
948	39
949	30
950	25
951	41
952	64
953	33
954	12
955	37
956	40
957	47
958	59
959	20
960	23
961	44
962	9
963	72
964	71
965	10
966	10
967	20
968	22
969	65
970	46
971	13
972	23
973	29
974	31
975	16
976	4
977	17
978	14
979	6
980	7
981	23
982	77
983	25
984	42
985	11
986	18
987	22
988	55
989	68
990	61
991	214
992	38
993	47
994	36
995	24
996	42
997	27
998	34
999	11
1000	30
1001	43
1002	38
1003	65
1004	93
1005	246
1006	102
1007	17
1008	40
1009	107
1010	40
1011	25
1012	18
1013	38
1014	61
1015	17
1016	33
1017	35
1018	16
1019	18
1020	48
1021	24
1022	17
1023	57
1024	26
1025	46
1026	28
1027	94
1028	44
1029	38
1030	51
1031	36
1032	39
1033	26
1034	79
1035	8
1036	30
1037	19
1038	24
1039	27
1040	70
1041	21
1042	48
1043	33
1044	8
1045	17
1046	25
1047	30
1048	59
1049	28
1050	54
1051	26
1052	27
1053	32
1054	36
1055	70
1056	43
1057	38
1058	52
1059	34
1060	8
1061	11
1062	49
1063	38
1064	43
1065	49
1066	47
1067	25
1068	13
1069	27
1070	39
1071	37
1072	6
1073	18
1074	33
1075	5
1076	24
1077	34
1078	24
1079	45
1080	58
1081	48
1082	37
1083	52
1084	6
1085	4
1086	64
1087	22
1088	18
1089	16
1090	12
1091	12
1092	19
1093	31
1094	14
1095	21
1096	30
1097	37
1098	35
1099	45
1100	18
1101	65
1102	24
1103	16
1104	33
1105	49
1106	26
1107	87
1108	47
1109	39
1110	55
1111	32
1112	16
1113	38
1114	15
1115	43
1116	6
1117	14
1118	47
1119	8
1120	7
1121	13
1122	21
1123	8
1124	22
1125	39
1126	45
1127	41
1128	51
1129	1
1130	34
1131	26
1132	32
1133	37
1134	34
1135	195
1136	33
1137	18
1138	32
1139	35
1140	28
1141	20
1142	35
1143	24
1144	27
1145	33
1146	100
1147	150
1148	45
1149	27
1150	11
1151	24
1152	47
1153	34
1154	13
1155	31
1156	20
1157	23
1158	4
1159	42
1160	59
1161	35
1162	32
1163	15
1164	76
1165	60
1166	7
1167	2
1168	25
1169	40
1170	34
1171	28
1172	12
1173	11
1174	61
1175	62
1176	27
1177	63
1178	23
1179	41
1180	59
1181	35
1182	12
1183	45
1184	33
1185	31
1186	28
1187	42
1188	22
1189	30
1190	11
1191	19
1192	18
1193	27
1194	20
1195	25
1196	57
1197	15
1198	4
1199	34
1200	19
1201	15
1202	25
1203	15
1204	17
1205	15
1206	9
1207	19
1208	19
1209	74
1210	117
1211	63
1212	39
1213	15
1214	37
1215	4
1216	33
1217	24
1218	23
1219	29
1220	35
1221	49
1222	40
1223	49
1224	33
1225	35
1226	38
1227	51
1228	16
1229	27
1230	21
1231	43
1232	31
1233	12
1234	16
1235	17
1236	6
1237	7
1238	8
1239	33
1240	12
1241	2
1242	14
1243	24
1244	11
1245	4
1246	21
1247	39
1248	33
1249	0
1250	30
1251	73
1252	22
1253	26
1254	10
1255	20
1256	19
1257	19
1258	19
1259	40
1260	22
1261	271
1262	86
1263	67
1264	38
1265	48
1266	7
1267	14
1268	26
1269	15
1270	15
1271	8
1272	16
1273	3
1274	8
1275	7
1276	35
1277	19
1278	35
1279	34
1280	3
1281	20
1282	27
1283	34
1284	3
1285	55
1286	30
1287	19
1288	40
1289	29
1290	37
1291	14
1292	32
1293	51
1294	5
1295	51
1296	48
1297	62
1298	21
1299	14
1300	26
1301	31
1302	14
1303	40
1304	9
1305	5
1306	22
1307	50
1308	3
1309	50
1310	43
1311	28
1312	16
1313	2
1314	22
1315	8
1316	105
1317	69
1318	35
1319	27
1320	23
1321	33
1322	14
1323	57
1324	65
1325	11
1326	10
1327	32
1328	42
1329	32
1330	13
1331	19
1332	54
1333	61
1334	28
1335	3
1336	14
1337	0
1338	14
1339	43
1340	8
1341	17
1342	15
1343	32
1344	17
1345	4
1346	2
1347	23
1348	34
1349	2
1350	30
1351	21
1352	2
1353	47
1354	16
1355	25
1356	27
1357	11
1358	40
1359	17
1360	3
1361	5
1362	26
1363	51
1364	2
1365	21
1366	17
1367	5
1368	47
1369	200
1370	11
1371	6
1372	23
1373	9
1374	83
1375	70
1376	21
1377	13
1378	16
1379	1
1380	35
1381	26
1382	65
1383	22
1384	26
1385	25
1386	14
1387	17
1388	23
1389	5
1390	5
1391	29
1392	35
1393	31
1394	75
1395	28
1396	23
1397	42
1398	13
1399	30
1400	36
1401	12
1402	19
1403	27
1404	40
1405	19
1406	24
1407	1
1408	11
1409	90
1410	39
1411	37
1412	29
1413	22
1414	35
1415	85
1416	30
1417	27
1418	30
1419	21
1420	14
1421	22
1422	4
1423	21
1424	5
1425	16
1426	16
1427	20
1428	40
1429	34
1430	43
1431	42
1432	7
1433	7
1434	8
1435	12
1436	28
1437	8
1438	59
1439	5
1440	46
1441	7
1442	11
1443	53
1444	6
1445	13
1446	8
1447	15
1448	12
1449	4
1450	20
1451	9
1452	4
1453	3
1454	23
1455	13
1456	39
1457	16
1458	29
1459	138
1460	30
1461	14
1462	29
1463	11
1464	49
1465	30
1466	15
1467	12
1468	35
1469	15
1470	12
1471	4
1472	82
1473	141
1474	73
1475	57
1476	52
1477	2
1478	6
1479	18
1480	2
1481	17
1482	25
1483	34
1484	65
1485	47
1486	22
1487	53
1488	0
1489	5
1490	3
1491	50
1492	172
1493	88
1494	21
1495	52
1496	18
1497	55
1498	4
1499	16
1500	18
1501	24
1502	20
1503	21
1504	22
1505	25
1506	12
1507	120
1508	85
1509	70
1510	46
1511	403
1512	312
1513	60
1514	42
1515	36
1516	83
1517	22
1518	14
1519	15
1520	17
1521	61
1522	65
1523	62
1524	152
1525	70
1526	0
1527	9
1528	73
1529	98
1530	80
1531	44
1532	90
1533	104
1534	101
1535	13
1536	59
1537	77
1538	38
1539	83
1540	243
1541	172
1542	40
1543	83
1544	192
1545	79
1546	73
1547	80
1548	67
1549	150
1550	59
1551	149
1552	95
1553	87
1554	74
1555	43
1556	22
1557	73
1558	49
1559	119
1560	301
1561	500
1562	473
1563	343
1564	623
1565	471
1566	135
1567	387
1568	335
1569	531
1570	835
1571	1017
1572	476
1573	591
1574	413
1575	527
1576	782
1577	892
1578	1071
1579	833
1580	925
1581	1095
1582	1007
1583	1213
1584	1756
1585	1891
1586	2701
1587	2503
1588	2247
1589	3592
1590	4371
1591	3757
1592	4269
1593	4600
1594	4377
1595	3155
1596	3185
1597	3720
1598	3410
1599	2928
1600	1939
1601	2271
1602	2368
1603	2001
1604	2396
1605	2684
1606	2531
1607	1910
1608	1818
1609	2418
1610	2132
1611	2266
1612	1991
1613	2351
1614	1937
1615	1991
1616	1644
1617	1410
1618	1924
1619	1660
1620	1374
1621	1212
1622	1091
1623	1432
1624	1173
1625	553
1626	877
1627	1194
1628	1010
1629	1222
1630	727
1631	416
1632	453
1633	867
1634	518
1635	691
1636	464
1637	450
1638	253
1639	88
1640	440
1641	626
1642	492
1643	477
1644	612
1645	386
1646	189
1647	142
1648	122
1649	43
1650	139
1651	151
1652	36
1653	107
1654	51
1655	56
1656	179
1657	153
1658	49
1659	72
1660	30
1661	34
1662	74
1663	209
1664	80
1665	62
1666	390
1667	424
1668	231
1669	149
1670	67
1671	51
1672	10
1673	17
1674	31
1675	21
1676	52
1677	85
1678	244
1679	358
1680	172
1681	77
1682	13
1683	46
1684	46
1685	128
1686	75
1687	48
1688	69
1689	40
1690	37
1691	13
1692	25
1693	37
1694	42
1695	16
1696	40
1697	25
1698	113
1699	9
1700	115
1701	118
1702	35
1703	29
1704	91
1705	164
1706	15
1707	30
1708	61
1709	33
1710	25
1711	70
1712	88
1713	26
1714	46
1715	45
1716	8
1717	43
1718	29
1719	34
1720	21
1721	18
1722	16
1723	76
1724	51
1725	48
1726	39
1727	126
1728	54
1729	11
1730	18
1731	11
1732	9
1733	9
1734	44
1735	27
1736	16
1737	25
1738	59
1739	59
1740	38
1741	41
1742	91
1743	36
1744	27
1745	24
1746	25
1747	88
1748	146
1749	40
1750	61
1751	73
1752	23
1753	9
1754	31
1755	61
1756	53
1757	55
1758	59
1759	199
1760	115
1761	57
1762	42
1763	171
1764	55
1765	14
1766	20
1767	4
1768	46
1769	18
1770	32
1771	57
1772	35
1773	6
1774	34
1775	14
1776	38
1777	31
1778	41
1779	94
1780	64
1781	59
1782	37
1783	27
1784	66
1785	150
1786	45
1787	22
1788	39
1789	31
1790	36
1791	52
1792	9
1793	47
1794	36
1795	119
1796	49
1797	113
1798	199
1799	56
1800	103
1801	31
1802	98
1803	9
1804	75
1805	13
1806	34
1807	41
1808	20
1809	28
1810	49
1811	33
1812	23
1813	10
1814	88
1815	143
1816	31
1817	60
1818	16
1819	49
1820	43
1821	62
1822	88
1823	101
1824	12
1825	21
1826	27
1827	43
1828	49
1829	37
1830	30
1831	38
1832	55
1833	41
1834	46
1835	25
1836	34
1837	47
1838	53
1839	40
1840	179
1841	190
1842	90
1843	102
1844	26
1845	75
1846	11
1847	69
1848	46
1849	45
1850	52
1851	59
1852	43
1853	94
1854	35
1855	59
1856	79
1857	85
1858	12
1859	70
1860	78
1861	57
1862	110
1863	67
1864	58
1865	62
1866	39
1867	88
1868	71
1869	147
1870	76
1871	63
1872	65
1873	162
1874	107
1875	123
1876	56
1877	106
1878	194
1879	145
1880	32
1881	23
1882	28
1883	45
1884	81
1885	68
1886	70
1887	37
1888	62
1889	47
1890	80
1891	113
1892	145
1893	198
1894	116
1895	84
1896	56
1897	234
1898	237
1899	115
1900	68
1901	58
1902	73
1903	87
1904	76
1905	75
1906	340
1907	137
1908	66
1909	83
1910	44
1911	78
1912	85
1913	85
1914	38
1915	46
1916	66
1917	78
1918	49
1919	42
1920	26
1921	38
1922	63
1923	33
1924	73
1925	34
1926	38
1927	66
1928	122
1929	65
1930	80
1931	70
1932	337
1933	83
1934	51
1935	88
1936	149
1937	84
1938	92
1939	128
1940	137
1941	86
1942	100
1943	75
1944	112
1945	38
1946	115
1947	270
1948	161
1949	151
1950	67
1951	62
1952	106
1953	30
1954	85
1955	91
1956	117
1957	57
1958	74
1959	34
1960	75
1961	43
1962	71
1963	94
1964	109
1965	57
1966	96
1967	178
1968	194
1969	123
1970	158
1971	138
1972	113
1973	70
1974	83
1975	176
1976	337
1977	106
1978	107
1979	97
1980	87
1981	136
1982	120
1983	95
1984	150
1985	116
1986	240
1987	195
1988	76
1989	102
1990	82
1991	138
1992	192
1993	255
1994	494
1995	244
1996	152
1997	83
1998	82
1999	111
2000	33
2001	137
2002	216
2003	199
2004	285
2005	383
2006	366
2007	256
2008	277
2009	303
2010	110
2011	93
2012	138
2013	120
2014	86
2015	150
2016	96
2017	202
2018	134
2019	83
2020	121
2021	271
2022	652
2023	659
2024	540
2025	332
2026	558
2027	573
2028	739
2029	719
2030	553
2031	1009
2032	1063
2033	1256
2034	875
2035	936
2036	1052
2037	1581
2038	1281
2039	1073
2040	906
2041	779
2042	850
2043	1538
2044	1050
2045	1397
2046	1925
2047	1836
