Instrument: Andor
X Size: 2048
Y Size: 64
Total Flux: 0.000
Total Counts: 346251
Background: 334.000000
Curvature: 0.0
Clipped to ROI: No
ROI: 1309 526 2539 1627
X	Counts
0	0
1	0
2	0
3	6
4	1
5	13
6	0
7	2
8	0
9	1
10	5
11	8
12	5
13	1
14	20
15	35
16	3
17	0
18	0
19	4
20	25
21	0
22	11
23	2
24	1
25	0
26	0
27	0
28	6
29	6
30	0
31	0
32	14
33	0
34	10
35	18
36	7
37	0
38	1
39	6
40	17
41	0
42	12
43	45
44	7
45	11
46	5
47	0
48	15
49	11
50	1
51	8
52	4
53	21
54	5
55	19
56	63
57	69
58	1
59	0
60	27
61	5
62	2
63	6
64	30
65	71
66	73
67	24
68	2
69	1
70	0
71	3
72	16
73	6
74	28
75	19
76	17
77	5
78	18
79	24
80	43
81	46
82	2
83	28
84	4
85	15
86	10
87	34
88	12
89	1
90	4
91	15
92	39
93	34
94	3
95	7
96	3
97	17
98	16
99	0
100	35
101	2
102	17
103	12
104	28
105	1
106	10
107	16
108	11
109	12
110	2
111	39
112	50
113	21
114	32
115	33
116	17
117	20
118	15
119	9
120	21
121	5
122	0
123	9
124	22
125	25
126	82
127	11
128	12
129	12
130	25
131	4
132	15
133	15
134	33
135	37
136	57
137	28
138	8
139	10
140	0
141	22
142	0
143	3
144	7
145	29
146	15
147	13
148	21
149	23
150	21
151	22
152	9
153	27
154	18
155	7
156	31
157	26
158	2
159	1
160	3
161	28
162	22
163	27
164	4
165	8
166	43
167	8
168	0
169	16
170	28
171	41
172	48
173	44
174	52
175	24
176	15
177	16
178	18
179	1
180	12
181	6
182	5
183	13
184	19
185	30
186	31
187	21
188	37
189	0
190	3
191	3
192	11
193	27
194	22
195	0
196	2
197	7
198	2
199	24
200	12
201	6
202	83
203	53
204	18
205	20
206	0
207	12
208	13
209	3
210	21
211	29
212	9
213	14
214	48
215	14
216	14
217	2
218	30
219	2
220	8
221	10
222	24
223	29
224	45
225	33
226	10
227	10
228	5
229	10
230	0
231	9
232	11
233	12
234	16
235	18
236	3
237	4
238	28
239	11
240	12
241	3
242	27
243	9
244	3
245	4
246	9
247	20
248	38
249	48
250	10
251	4
252	45
253	6
254	33
255	3
256	7
257	31
258	16
259	0
260	2
261	4
262	7
263	11
264	0
265	29
266	7
267	10
268	20
269	38
270	22
271	131
272	58
273	9
274	3
275	3
276	2
277	3
278	5
279	1
280	20
281	2
282	5
283	15
284	10
285	6
286	11
287	1
288	9
289	3
290	21
291	9
292	2
293	5
294	11
295	3
296	9
297	21
298	69
299	26
300	14
301	33
302	28
303	7
304	24
305	3
306	14
307	18
308	1
309	12
310	10
311	16
312	88
313	24
314	11
315	15
316	12
317	1
318	2
319	28
320	8
321	1
322	5
323	16
324	2
325	45
326	17
327	15
328	0
329	2
330	6
331	9
332	14
333	19
334	0
335	10
336	6
337	9
338	9
339	13
340	5
341	9
342	6
343	11
344	98
345	13
346	17
347	10
348	2
349	5
350	22
351	6
352	0
353	0
354	9
355	0
356	2
357	11
358	3
359	1
360	7
361	4
362	2
363	11
364	7
365	9
366	4
367	4
368	4
369	8
370	4
371	12
372	8
373	0
374	8
375	51
376	0
377	22
378	20
379	39
380	94
381	41
382	11
383	7
384	5
385	0
386	3
387	1
388	4
389	3
390	31
391	16
392	15
393	0
394	0
395	4
396	0
397	2
398	3
399	41
400	34
401	12
402	56
403	32
404	2
405	1
406	16
407	8
408	2
409	0
410	3
411	11
412	15
413	0
414	1
415	0
416	22
417	60
418	24
419	9
420	19
421	15
422	10
423	2
424	0
425	16
426	10
427	6
428	0
429	8
430	1
431	16
432	0
433	0
434	0
435	0
436	3
437	27
438	0
439	37
440	19
441	77
442	5
443	53
444	25
445	11
446	5
447	1
448	0
449	9
450	8
451	38
452	233
453	35
454	3
455	2
456	18
457	0
458	0
459	0
460	4
461	1
462	0
463	14
464	36
465	171
466	226
467	19
468	8
469	3
470	113
471	116
472	2
473	0
474	2
475	31
476	0
477	0
478	13
479	1
480	17
481	25
482	37
483	6
484	36
485	4
486	19
487	0
488	64
489	4
490	10
491	28
492	5
493	3
494	12
495	2
496	45
497	146
498	6
499	37
500	209
501	65
502	41
503	0
504	35
505	112
506	4
507	0
508	0
509	63
510	102
511	67
512	0
513	21
514	31
515	5
516	16
517	82
518	36
519	99
520	51
521	5
522	206
523	72
524	235
525	74
526	18
527	1
528	4
529	179
530	136
531	22
532	43
533	49
534	26
535	2
536	110
537	237
538	147
539	55
540	11
541	159
542	17
543	5
544	7
545	31
546	13
547	18
548	128
549	55
550	44
551	143
552	219
553	117
554	160
555	182
556	46
557	279
558	383
559	134
560	41
561	93
562	28
563	50
564	429
565	322
566	405
567	370
568	217
569	216
570	391
571	176
572	478
573	448
574	267
575	296
576	272
577	563
578	480
579	411
580	639
581	459
582	318
583	565
584	446
585	479
586	449
587	110
588	542
589	749
590	785
591	619
592	548
593	1086
594	929
595	692
596	767
597	461
598	783
599	794
600	1227
601	1272
602	1298
603	1304
604	1531
605	1747
606	1288
607	1523
608	1649
609	1285
610	1211
611	1451
612	1619
613	1109
614	1710
615	1706
616	1444
617	1068
618	1214
619	958
620	784
621	622
622	655
623	1016
624	1118
625	537
626	1223
627	942
628	921
629	918
630	1272
631	873
632	548
633	627
634	918
635	779
636	370
637	382
638	410
639	307
640	94
641	439
642	465
643	612
644	586
645	415
646	422
647	186
648	257
649	727
650	458
651	294
652	282
653	283
654	359
655	103
656	6
657	146
658	198
659	10
660	15
661	36
662	90
663	200
664	112
665	14
666	66
667	91
668	104
669	20
670	13
671	82
672	18
673	39
674	30
675	31
676	58
677	65
678	35
679	44
680	27
681	3
682	36
683	22
684	33
685	8
686	37
687	31
688	35
689	60
690	30
691	35
692	6
693	11
694	11
695	30
696	44
697	13
698	0
699	3
700	3
701	17
702	30
703	20
704	2
705	19
706	33
707	2
708	21
709	7
710	10
711	11
712	18
713	9
714	25
715	26
716	0
717	12
718	7
719	11
720	20
721	8
722	2
723	38
724	57
725	4
726	17
727	26
728	0
729	15
730	17
731	10
732	37
733	22
734	7
735	11
736	12
737	3
738	13
739	13
740	41
741	86
742	12
743	24
744	3
745	32
746	129
747	25
748	1
749	6
750	2
751	34
752	1
753	21
754	13
755	22
756	16
757	35
758	135
759	239
760	171
761	14
762	32
763	14
764	28
765	30
766	24
767	10
768	0
769	21
770	17
771	5
772	18
773	70
774	67
775	63
776	13
777	4
778	0
779	15
780	20
781	51
782	43
783	118
784	217
785	12
786	13
787	16
788	3
789	9
790	48
791	30
792	27
793	3
794	14
795	2
796	17
797	6
798	31
799	49
800	17
801	19
802	23
803	10
804	10
805	12
806	33
807	16
808	5
809	18
810	9
811	7
812	6
813	16
814	21
815	15
816	9
817	40
818	14
819	6
820	14
821	0
822	7
823	22
824	12
825	12
826	18
827	10
828	28
829	11
830	15
831	30
832	6
833	27
834	8
835	16
836	49
837	84
838	33
839	6
840	16
841	10
842	0
843	10
844	31
845	9
846	18
847	15
848	31
849	20
850	7
851	3
852	31
853	15
854	4
855	5
856	42
857	25
858	4
859	43
860	498
861	5
862	12
863	31
864	2
865	0
866	15
867	46
868	15
869	31
870	23
871	22
872	10
873	13
874	25
875	18
876	24
877	0
878	26
879	80
880	168
881	52
882	22
883	4
884	4
885	11
886	47
887	54
888	51
889	27
890	16
891	27
892	26
893	42
894	18
895	28
896	121
897	63
898	11
899	25
900	12
901	1
902	27
903	17
904	62
905	42
906	39
907	40
908	37
909	86
910	16
911	15
912	58
913	198
914	108
915	44
916	33
917	51
918	47
919	42
920	27
921	12
922	54
923	48
924	32
925	25
926	21
927	49
928	62
929	36
930	37
931	54
932	58
933	21
934	37
935	18
936	72
937	16
938	21
939	43
940	36
941	9
942	68
943	40
944	47
945	14
946	24
947	17
948	43
949	17
950	8
951	20
952	33
953	11
954	39
955	24
956	4
957	19
958	54
959	11
960	9
961	40
962	36
963	29
964	55
965	26
966	41
967	28
968	19
969	16
970	59
971	33
972	63
973	16
974	16
975	18
976	19
977	7
978	18
979	10
980	9
981	44
982	20
983	12
984	15
985	33
986	8
987	19
988	62
989	32
990	35
991	53
992	12
993	37
994	32
995	14
996	24
997	28
998	32
999	2
1000	36
1001	35
1002	10
1003	29
1004	33
1005	35
1006	12
1007	17
1008	63
1009	72
1010	13
1011	16
1012	7
1013	9
1014	24
1015	34
1016	20
1017	20
1018	19
1019	4
1020	14
1021	8
1022	20
1023	37
1024	100
1025	57
1026	10
1027	13
1028	17
1029	7
1030	25
1031	59
1032	52
1033	58
1034	47
1035	14
1036	1
1037	28
1038	8
1039	4
1040	31
1041	0
1042	14
1043	30
1044	25
1045	44
1046	23
1047	21
1048	21
1049	19
1050	19
1051	30
1052	27
1053	28
1054	38
1055	43
1056	27
1057	60
1058	13
1059	35
1060	23
1061	53
1062	65
1063	58
1064	45
1065	28
1066	74
1067	30
1068	24
1069	30
1070	14
1071	42
1072	10
1073	4
1074	22
1075	19
1076	17
1077	17
1078	40
1079	40
1080	149
1081	30
1082	15
1083	5
1084	6
1085	5
1086	65
1087	30
1088	39
1089	33
1090	24
1091	95
1092	275
1093	57
1094	3
1095	27
1096	17
1097	45
1098	20
1099	53
1100	17
1101	59
1102	18
1103	86
1104	89
1105	55
1106	26
1107	26
1108	24
1109	6
1110	11
1111	41
1112	33
1113	22
1114	16
1115	35
1116	22
1117	63
1118	104
1119	24
1120	33
1121	3
1122	31
1123	43
1124	7
1125	20
1126	26
1127	3
1128	3
1129	7
1130	9
1131	21
1132	10
1133	1
1134	1
1135	19
1136	31
1137	37
1138	2
1139	26
1140	9
1141	12
1142	24
1143	10
1144	29
1145	13
1146	31
1147	14
1148	48
1149	1
1150	21
1151	36
1152	24
1153	27
1154	7
1155	43
1156	26
1157	34
1158	60
1159	3
1160	29
1161	15
1162	21
1163	3
1164	9
1165	13
1166	19
1167	46
1168	5
1169	18
1170	26
1171	17
1172	7
1173	3
1174	142
1175	71
1176	11
1177	42
1178	40
1179	26
1180	64
1181	40
1182	36
1183	32
1184	17
1185	0
1186	42
1187	37
1188	6
1189	11
1190	2
1191	34
1192	25
1193	6
1194	20
1195	15
1196	44
1197	18
1198	102
1199	51
1200	30
1201	14
1202	20
1203	19
1204	5
1205	17
1206	12
1207	43
1208	46
1209	67
1210	49
1211	14
1212	15
1213	31
1214	10
1215	28
1216	41
1217	122
1218	36
1219	47
1220	86
1221	36
1222	29
1223	2
1224	21
1225	29
1226	15
1227	20
1228	15
1229	14
1230	16
1231	18
1232	7
1233	19
1234	43
1235	87
1236	20
1237	8
1238	8
1239	17
1240	81
1241	99
1242	98
1243	21
1244	15
1245	28
1246	22
1247	19
1248	18
1249	25
1250	5
1251	21
1252	85
1253	152
1254	13
1255	3
1256	7
1257	34
1258	4
1259	4
1260	29
1261	52
1262	20
1263	24
1264	1
1265	6
1266	0
1267	25
1268	35
1269	30
1270	20
1271	6
1272	6
1273	8
1274	5
1275	5
1276	4
1277	3
1278	54
1279	25
1280	65
1281	52
1282	13
1283	26
1284	33
1285	42
1286	19
1287	8
1288	10
1289	0
1290	15
1291	28
1292	18
1293	20
1294	15
1295	43
1296	54
1297	3
1298	14
1299	0
1300	4
1301	9
1302	0
1303	27
1304	6
1305	10
1306	5
1307	110
1308	18
1309	2
1310	49
1311	17
1312	11
1313	3
1314	0
1315	18
1316	0
1317	0
1318	11
1319	4
1320	31
1321	20
1322	14
1323	26
1324	29
1325	32
1326	11
1327	25
1328	12
1329	37
1330	5
1331	13
1332	6
1333	20
1334	0
1335	34
1336	19
1337	6
1338	9
1339	29
1340	18
1341	6
1342	8
1343	8
1344	27
1345	6
1346	2
1347	12
1348	23
1349	8
1350	17
1351	19
1352	1
1353	44
1354	6
1355	20
1356	3
1357	8
1358	26
1359	94
1360	64
1361	101
1362	51
1363	102
1364	65
1365	90
1366	43
1367	42
1368	32
1369	68
1370	10
1371	25
1372	2
1373	0
1374	21
1375	23
1376	49
1377	127
1378	41
1379	3
1380	52
1381	50
1382	18
1383	29
1384	53
1385	41
1386	3
1387	13
1388	21
1389	9
1390	5
1391	9
1392	20
1393	24
1394	19
1395	7
1396	0
1397	12
1398	20
1399	41
1400	60
1401	51
1402	42
1403	30
1404	6
1405	17
1406	31
1407	135
1408	25
1409	43
1410	8
1411	88
1412	49
1413	18
1414	12
1415	24
1416	14
1417	55
1418	12
1419	10
1420	16
1421	15
1422	17
1423	4
1424	5
1425	5
1426	45
1427	39
1428	70
1429	58
1430	29
1431	6
1432	2
1433	3
1434	51
1435	139
1436	44
1437	98
1438	42
1439	11
1440	14
1441	12
1442	4
1443	27
1444	19
1445	29
1446	13
1447	17
1448	29
1449	5
1450	63
1451	21
1452	5
1453	34
1454	199
1455	140
1456	156
1457	34
1458	72
1459	88
1460	4
1461	16
1462	70
1463	3
1464	75
1465	111
1466	71
1467	65
1468	0
1469	1
1470	11
1471	10
1472	77
1473	46
1474	1
1475	12
1476	9
1477	36
1478	32
1479	55
1480	40
1481	45
1482	33
1483	5
1484	9
1485	13
1486	10
1487	37
1488	39
1489	113
1490	88
1491	29
1492	0
1493	12
1494	5
1495	0
1496	2
1497	16
1498	10
1499	9
1500	6
1501	0
1502	3
1503	48
1504	27
1505	110
1506	38
1507	40
1508	74
1509	15
1510	0
1511	5
1512	2
1513	19
1514	10
1515	31
1516	138
1517	81
1518	71
1519	121
1520	11
1521	104
1522	318
1523	100
1524	25
1525	35
1526	42
1527	273
1528	7
1529	60
1530	39
1531	25
1532	6
1533	70
1534	329
1535	317
1536	378
1537	290
1538	253
1539	139
1540	162
1541	75
1542	17
1543	91
1544	342
1545	386
1546	313
1547	167
1548	10
1549	93
1550	540
1551	397
1552	350
1553	269
1554	432
1555	255
1556	175
1557	193
1558	140
1559	53
1560	166
1561	214
1562	144
1563	295
1564	567
1565	526
1566	654
1567	589
1568	665
1569	863
1570	785
1571	804
1572	391
1573	703
1574	804
1575	535
1576	1266
1577	1571
1578	1219
1579	1440
1580	1857
1581	1582
1582	1802
1583	1813
1584	2289
1585	2302
1586	1754
1587	2213
1588	2460
1589	2600
1590	2551
1591	3218
1592	3451
1593	3959
1594	4479
1595	4456
1596	3995
1597	4030
1598	4603
1599	3781
1600	3699
1601	4792
1602	3334
1603	3914
1604	4184
1605	3566
1606	3323
1607	2740
1608	2400
1609	2751
1610	2938
1611	2175
1612	1640
1613	1833
1614	1623
1615	2051
1616	2145
1617	2142
1618	1799
1619	1722
1620	1834
1621	2030
1622	2414
1623	1896
1624	1538
1625	1047
1626	1412
1627	1218
1628	1134
1629	1038
1630	983
1631	863
1632	732
1633	916
1634	544
1635	532
1636	482
1637	98
1638	473
1639	499
1640	139
1641	37
1642	44
1643	255
1644	706
1645	273
1646	414
1647	417
1648	242
1649	521
1650	143
1651	58
1652	34
1653	38
1654	18
1655	65
1656	140
1657	98
1658	15
1659	208
1660	97
1661	55
1662	80
1663	224
1664	93
1665	47
1666	49
1667	33
1668	87
1669	13
1670	79
1671	34
1672	96
1673	189
1674	80
1675	7
1676	27
1677	55
1678	105
1679	52
1680	126
1681	47
1682	97
1683	49
1684	40
1685	202
1686	23
1687	35
1688	45
1689	50
1690	45
1691	38
1692	79
1693	31
1694	31
1695	47
1696	22
1697	4
1698	136
1699	35
1700	31
1701	11
1702	32
1703	13
1704	19
1705	31
1706	58
1707	23
1708	48
1709	28
1710	39
1711	57
1712	41
1713	12
1714	41
1715	68
1716	129
1717	100
1718	130
1719	198
1720	18
1721	5
1722	12
1723	20
1724	32
1725	21
1726	76
1727	141
1728	11
1729	35
1730	38
1731	98
1732	53
1733	35
1734	89
1735	141
1736	58
1737	49
1738	78
1739	30
1740	9
1741	12
1742	41
1743	22
1744	93
1745	205
1746	124
1747	140
1748	99
1749	17
1750	12
1751	28
1752	27
1753	56
1754	39
1755	24
1756	41
1757	67
1758	47
1759	53
1760	34
1761	39
1762	75
1763	65
1764	55
1765	3
1766	8
1767	11
1768	24
1769	28
1770	57
1771	87
1772	39
1773	40
1774	38
1775	15
1776	59
1777	20
1778	38
1779	19
1780	39
1781	10
1782	17
1783	21
1784	44
1785	38
1786	16
1787	82
1788	53
1789	21
1790	31
1791	93
1792	64
1793	70
1794	41
1795	33
1796	8
1797	12
1798	26
1799	14
1800	20
1801	149
1802	129
1803	65
1804	137
1805	31
1806	56
1807	204
1808	287
1809	40
1810	50
1811	53
1812	27
1813	16
1814	97
1815	125
1816	64
1817	29
1818	38
1819	14
1820	6
1821	88
1822	42
1823	208
1824	200
1825	29
1826	48
1827	102
1828	94
1829	187
1830	86
1831	66
1832	91
1833	166
1834	118
1835	43
1836	37
1837	21
1838	13
1839	75
1840	18
1841	22
1842	51
1843	52
1844	132
1845	281
1846	62
1847	105
1848	24
1849	25
1850	72
1851	110
1852	140
1853	172
1854	48
1855	63
1856	64
1857	30
1858	68
1859	101
1860	13
1861	65
1862	140
1863	86
1864	9
1865	130
1866	93
1867	50
1868	57
1869	280
1870	202
1871	63
1872	61
1873	269
1874	99
1875	76
1876	128
1877	102
1878	73
1879	90
1880	62
1881	34
1882	83
1883	48
1884	63
1885	18
1886	67
1887	37
1888	94
1889	117
1890	144
1891	32
1892	87
1893	69
1894	170
1895	239
1896	177
1897	124
1898	89
1899	114
1900	99
1901	394
1902	223
1903	185
1904	138
1905	157
1906	133
1907	156
1908	164
1909	833
1910	1044
1911	1248
1912	362
1913	154
1914	177
1915	136
1916	95
1917	66
1918	29
1919	76
1920	59
1921	49
1922	52
1923	84
1924	105
1925	390
1926	228
1927	108
1928	59
1929	136
1930	370
1931	70
1932	92
1933	168
1934	295
1935	431
1936	103
1937	80
1938	170
1939	194
1940	242
1941	71
1942	177
1943	106
1944	70
1945	68
1946	54
1947	240
1948	66
1949	70
1950	124
1951	204
1952	262
1953	41
1954	51
1955	21
1956	96
1957	57
1958	83
1959	72
1960	136
1961	255
1962	117
1963	133
1964	226
1965	64
1966	104
1967	86
1968	149
1969	77
1970	77
1971	206
1972	205
1973	119
1974	173
1975	254
1976	316
1977	238
1978	241
1979	184
1980	44
1981	232
1982	63
1983	155
1984	313
1985	100
1986	104
1987	446
1988	344
1989	222
1990	436
1991	142
1992	629
1993	548
1994	503
1995	554
1996	493
1997	595
1998	175
1999	313
2000	162
2001	230
2002	281
2003	246
2004	1011
2005	1043
2006	378
2007	516
2008	602
2009	488
2010	446
2011	495
2012	550
2013	829
2014	647
2015	511
2016	467
2017	536
2018	711
2019	1052
2020	1041
2021	779
2022	813
2023	548
2024	840
2025	1088
2026	497
2027	748
2028	770
2029	763
2030	1093
2031	774
2032	1564
2033	1422
2034	746
2035	599
2036	1166
2037	1357
2038	733
2039	819
2040	1206
2041	1330
2042	1871
2043	1025
2044	1078
2045	1857
2046	1645
2047	1651
