Instrument: Andor
X Size: 2048
Y Size: 64
Total Flux: 0.000
Total Counts: 388130
Background: 329.000000
Curvature: 0.0
Clipped to ROI: No
ROI: 1309 526 2539 1627
X	Counts
0	19
1	9
2	0
3	17
4	25
5	0
6	6
7	17
8	9
9	35
10	43
11	98
12	9
13	13
14	21
15	55
16	28
17	53
18	1
19	14
20	72
21	24
22	38
23	4
24	12
25	28
26	13
27	22
28	53
29	18
30	19
31	36
32	10
33	41
34	25
35	42
36	60
37	210
38	20
39	59
40	34
41	50
42	25
43	44
44	28
45	48
46	19
47	51
48	24
49	40
50	50
51	40
52	15
53	39
54	49
55	56
56	60
57	10
58	89
59	34
60	52
61	68
62	18
63	65
64	43
65	17
66	64
67	67
68	20
69	68
70	74
71	40
72	70
73	69
74	56
75	11
76	55
77	55
78	111
79	148
80	106
81	273
82	132
83	43
84	60
85	85
86	159
87	65
88	19
89	34
90	87
91	102
92	48
93	95
94	57
95	55
96	40
97	32
98	54
99	58
100	76
101	140
102	30
103	36
104	20
105	23
106	35
107	53
108	98
109	54
110	85
111	132
112	75
113	70
114	80
115	151
116	70
117	42
118	88
119	78
120	63
121	52
122	24
123	114
124	190
125	131
126	94
127	41
128	61
129	74
130	85
131	52
132	55
133	57
134	66
135	120
136	86
137	35
138	54
139	22
140	48
141	47
142	108
143	28
144	26
145	65
146	126
147	77
148	76
149	50
150	97
151	83
152	99
153	85
154	135
155	93
156	94
157	61
158	135
159	88
160	49
161	92
162	76
163	145
164	32
165	61
166	100
167	56
168	76
169	54
170	127
171	113
172	69
173	50
174	31
175	74
176	32
177	72
178	15
179	81
180	62
181	46
182	61
183	57
184	51
185	95
186	70
187	42
188	34
189	36
190	47
191	58
192	47
193	104
194	46
195	81
196	64
197	69
198	37
199	36
200	71
201	80
202	97
203	53
204	86
205	65
206	44
207	122
208	77
209	49
210	56
211	37
212	28
213	50
214	113
215	75
216	77
217	44
218	114
219	45
220	59
221	144
222	75
223	85
224	82
225	90
226	73
227	36
228	52
229	47
230	43
231	66
232	67
233	71
234	51
235	84
236	41
237	55
238	83
239	45
240	59
241	88
242	102
243	112
244	34
245	36
246	60
247	41
248	38
249	116
250	81
251	51
252	42
253	59
254	41
255	30
256	64
257	86
258	38
259	41
260	65
261	68
262	88
263	104
264	55
265	72
266	47
267	63
268	87
269	30
270	66
271	78
272	62
273	78
274	100
275	33
276	36
277	49
278	47
279	34
280	67
281	63
282	40
283	148
284	18
285	62
286	27
287	37
288	51
289	56
290	35
291	61
292	57
293	144
294	43
295	43
296	62
297	84
298	132
299	108
300	44
301	79
302	43
303	74
304	59
305	61
306	16
307	92
308	75
309	32
310	82
311	80
312	52
313	19
314	38
315	55
316	27
317	48
318	39
319	52
320	51
321	13
322	39
323	56
324	54
325	58
326	54
327	116
328	46
329	48
330	83
331	119
332	50
333	47
334	32
335	74
336	212
337	110
338	71
339	66
340	23
341	73
342	117
343	65
344	26
345	43
346	63
347	43
348	53
349	23
350	62
351	60
352	64
353	27
354	25
355	51
356	80
357	28
358	43
359	40
360	31
361	36
362	77
363	151
364	50
365	27
366	52
367	28
368	27
369	27
370	55
371	44
372	36
373	86
374	53
375	77
376	23
377	94
378	113
379	38
380	42
381	62
382	62
383	32
384	34
385	73
386	13
387	54
388	53
389	53
390	43
391	57
392	62
393	80
394	65
395	74
396	50
397	89
398	40
399	51
400	41
401	102
402	103
403	30
404	38
405	24
406	45
407	32
408	56
409	57
410	34
411	47
412	87
413	62
414	73
415	60
416	39
417	14
418	47
419	62
420	42
421	84
422	28
423	8
424	25
425	26
426	37
427	45
428	20
429	34
430	51
431	42
432	70
433	42
434	28
435	52
436	40
437	21
438	35
439	11
440	22
441	62
442	13
443	21
444	93
445	213
446	192
447	32
448	108
449	169
450	245
451	173
452	160
453	197
454	29
455	41
456	71
457	35
458	38
459	33
460	12
461	38
462	43
463	293
464	63
465	51
466	132
467	81
468	58
469	122
470	57
471	159
472	162
473	152
474	82
475	14
476	40
477	55
478	18
479	18
480	35
481	41
482	56
483	182
484	276
485	173
486	103
487	66
488	56
489	65
490	53
491	139
492	10
493	58
494	38
495	82
496	39
497	34
498	69
499	33
500	149
501	66
502	99
503	36
504	112
505	143
506	192
507	196
508	219
509	255
510	95
511	280
512	322
513	170
514	20
515	64
516	373
517	266
518	176
519	298
520	29
521	29
522	79
523	89
524	54
525	115
526	81
527	62
528	46
529	38
530	98
531	67
532	27
533	31
534	26
535	63
536	258
537	281
538	467
539	191
540	108
541	272
542	177
543	76
544	69
545	292
546	310
547	174
548	379
549	353
550	345
551	464
552	374
553	500
554	171
555	263
556	401
557	432
558	610
559	952
560	372
561	517
562	702
563	863
564	702
565	566
566	701
567	663
568	951
569	1031
570	1031
571	1151
572	1016
573	850
574	1091
575	1023
576	1042
577	933
578	876
579	912
580	1297
581	1533
582	1241
583	1519
584	1581
585	1251
586	1123
587	1263
588	1219
589	1548
590	1976
591	1930
592	1930
593	2125
594	2518
595	2075
596	2480
597	3006
598	3516
599	2611
600	3343
601	3642
602	3183
603	3486
604	3835
605	3652
606	3087
607	3929
608	3692
609	3725
610	4158
611	4372
612	4726
613	5259
614	4880
615	4087
616	3685
617	3462
618	3800
619	3690
620	3386
621	2689
622	2447
623	3077
624	3063
625	2389
626	2448
627	2992
628	3470
629	2854
630	2654
631	2545
632	2366
633	2446
634	2165
635	1436
636	886
637	1284
638	1361
639	1363
640	1366
641	952
642	987
643	1626
644	1505
645	1116
646	731
647	602
648	862
649	697
650	573
651	715
652	514
653	569
654	325
655	300
656	506
657	225
658	343
659	416
660	524
661	436
662	405
663	281
664	231
665	183
666	456
667	280
668	221
669	306
670	288
671	339
672	209
673	216
674	353
675	298
676	236
677	111
678	81
679	238
680	315
681	289
682	252
683	116
684	123
685	20
686	102
687	87
688	29
689	69
690	96
691	50
692	52
693	121
694	91
695	162
696	85
697	56
698	14
699	28
700	100
701	141
702	28
703	44
704	79
705	63
706	57
707	40
708	117
709	79
710	34
711	84
712	45
713	71
714	126
715	120
716	111
717	102
718	165
719	102
720	51
721	44
722	72
723	64
724	123
725	106
726	16
727	65
728	16
729	32
730	62
731	54
732	66
733	27
734	58
735	15
736	88
737	69
738	54
739	34
740	34
741	75
742	47
743	77
744	45
745	29
746	88
747	62
748	35
749	63
750	102
751	66
752	65
753	120
754	214
755	57
756	22
757	86
758	44
759	44
760	85
761	91
762	114
763	57
764	159
765	94
766	62
767	47
768	57
769	50
770	33
771	33
772	49
773	59
774	32
775	99
776	53
777	88
778	90
779	40
780	32
781	60
782	60
783	62
784	58
785	82
786	33
787	31
788	38
789	51
790	94
791	85
792	69
793	64
794	82
795	75
796	62
797	40
798	45
799	84
800	121
801	52
802	166
803	85
804	101
805	68
806	83
807	90
808	58
809	64
810	56
811	65
812	112
813	59
814	57
815	112
816	36
817	64
818	101
819	50
820	50
821	66
822	50
823	66
824	48
825	36
826	42
827	46
828	106
829	65
830	56
831	81
832	94
833	50
834	109
835	82
836	89
837	126
838	51
839	60
840	82
841	54
842	71
843	129
844	103
845	49
846	64
847	76
848	66
849	86
850	67
851	22
852	55
853	67
854	51
855	63
856	74
857	69
858	52
859	66
860	92
861	29
862	93
863	43
864	23
865	11
866	28
867	139
868	62
869	63
870	124
871	246
872	188
873	72
874	60
875	66
876	40
877	54
878	85
879	102
880	116
881	119
882	37
883	82
884	52
885	103
886	112
887	115
888	98
889	124
890	102
891	107
892	74
893	55
894	68
895	87
896	65
897	76
898	78
899	74
900	126
901	117
902	108
903	99
904	109
905	56
906	137
907	127
908	105
909	155
910	105
911	91
912	185
913	83
914	90
915	123
916	70
917	160
918	115
919	135
920	112
921	162
922	107
923	175
924	86
925	98
926	187
927	110
928	109
929	126
930	137
931	165
932	139
933	75
934	109
935	70
936	125
937	59
938	91
939	86
940	88
941	72
942	63
943	89
944	106
945	41
946	54
947	103
948	134
949	37
950	80
951	48
952	106
953	104
954	80
955	90
956	69
957	62
958	124
959	105
960	108
961	125
962	48
963	93
964	68
965	57
966	59
967	85
968	62
969	88
970	136
971	115
972	81
973	34
974	71
975	97
976	31
977	52
978	52
979	47
980	45
981	94
982	149
983	81
984	109
985	127
986	141
987	67
988	98
989	109
990	98
991	91
992	108
993	133
994	81
995	84
996	73
997	129
998	90
999	58
1000	75
1001	102
1002	84
1003	68
1004	106
1005	81
1006	84
1007	101
1008	94
1009	147
1010	113
1011	134
1012	104
1013	75
1014	73
1015	136
1016	104
1017	58
1018	69
1019	72
1020	91
1021	50
1022	77
1023	75
1024	124
1025	127
1026	105
1027	166
1028	90
1029	58
1030	114
1031	150
1032	85
1033	136
1034	96
1035	83
1036	117
1037	141
1038	94
1039	73
1040	84
1041	70
1042	102
1043	62
1044	73
1045	117
1046	96
1047	37
1048	100
1049	87
1050	188
1051	174
1052	104
1053	145
1054	104
1055	126
1056	95
1057	98
1058	115
1059	80
1060	95
1061	68
1062	170
1063	81
1064	105
1065	70
1066	89
1067	115
1068	109
1069	100
1070	67
1071	97
1072	106
1073	42
1074	206
1075	60
1076	44
1077	38
1078	64
1079	103
1080	103
1081	125
1082	96
1083	77
1084	60
1085	90
1086	75
1087	72
1088	96
1089	114
1090	75
1091	47
1092	117
1093	63
1094	78
1095	120
1096	70
1097	101
1098	92
1099	140
1100	87
1101	133
1102	84
1103	90
1104	93
1105	65
1106	98
1107	107
1108	123
1109	77
1110	66
1111	87
1112	130
1113	65
1114	102
1115	66
1116	59
1117	71
1118	93
1119	55
1120	125
1121	60
1122	60
1123	64
1124	71
1125	124
1126	128
1127	59
1128	43
1129	51
1130	98
1131	98
1132	98
1133	100
1134	72
1135	76
1136	68
1137	127
1138	55
1139	94
1140	77
1141	113
1142	67
1143	81
1144	99
1145	40
1146	61
1147	77
1148	68
1149	131
1150	103
1151	39
1152	101
1153	78
1154	36
1155	131
1156	59
1157	97
1158	58
1159	115
1160	49
1161	129
1162	119
1163	273
1164	533
1165	390
1166	160
1167	80
1168	88
1169	113
1170	94
1171	108
1172	90
1173	56
1174	139
1175	103
1176	121
1177	73
1178	57
1179	77
1180	84
1181	65
1182	97
1183	106
1184	120
1185	128
1186	98
1187	103
1188	107
1189	91
1190	106
1191	80
1192	60
1193	34
1194	116
1195	82
1196	92
1197	76
1198	50
1199	96
1200	70
1201	97
1202	22
1203	44
1204	58
1205	90
1206	95
1207	121
1208	111
1209	62
1210	93
1211	126
1212	82
1213	39
1214	80
1215	80
1216	77
1217	49
1218	99
1219	81
1220	65
1221	137
1222	74
1223	72
1224	68
1225	115
1226	51
1227	67
1228	94
1229	62
1230	85
1231	70
1232	76
1233	63
1234	84
1235	26
1236	81
1237	69
1238	57
1239	70
1240	41
1241	51
1242	102
1243	77
1244	59
1245	62
1246	83
1247	154
1248	113
1249	32
1250	91
1251	79
1252	59
1253	63
1254	116
1255	118
1256	117
1257	92
1258	75
1259	94
1260	64
1261	45
1262	89
1263	80
1264	69
1265	77
1266	65
1267	39
1268	47
1269	37
1270	88
1271	78
1272	53
1273	54
1274	69
1275	43
1276	46
1277	95
1278	67
1279	60
1280	77
1281	46
1282	55
1283	40
1284	103
1285	88
1286	111
1287	31
1288	53
1289	29
1290	56
1291	45
1292	31
1293	62
1294	103
1295	63
1296	42
1297	37
1298	116
1299	47
1300	76
1301	110
1302	101
1303	98
1304	86
1305	78
1306	73
1307	90
1308	43
1309	81
1310	107
1311	65
1312	61
1313	37
1314	51
1315	62
1316	97
1317	56
1318	50
1319	35
1320	66
1321	95
1322	92
1323	68
1324	57
1325	43
1326	101
1327	52
1328	103
1329	88
1330	99
1331	90
1332	67
1333	44
1334	105
1335	33
1336	40
1337	91
1338	70
1339	75
1340	100
1341	76
1342	89
1343	90
1344	171
1345	53
1346	55
1347	33
1348	52
1349	63
1350	89
1351	132
1352	57
1353	108
1354	71
1355	110
1356	43
1357	54
1358	36
1359	47
1360	87
1361	69
1362	73
1363	88
1364	60
1365	47
1366	80
1367	57
1368	102
1369	99
1370	37
1371	58
1372	41
1373	91
1374	60
1375	73
1376	77
1377	68
1378	62
1379	46
1380	35
1381	68
1382	57
1383	61
1384	57
1385	45
1386	45
1387	32
1388	40
1389	31
1390	45
1391	71
1392	70
1393	64
1394	39
1395	26
1396	64
1397	78
1398	81
1399	32
1400	69
1401	44
1402	124
1403	25
1404	30
1405	77
1406	83
1407	45
1408	71
1409	94
1410	51
1411	78
1412	95
1413	25
1414	98
1415	103
1416	50
1417	62
1418	87
1419	44
1420	26
1421	69
1422	67
1423	71
1424	73
1425	45
1426	33
1427	39
1428	34
1429	79
1430	57
1431	50
1432	49
1433	66
1434	38
1435	69
1436	85
1437	49
1438	70
1439	69
1440	71
1441	86
1442	58
1443	68
1444	42
1445	32
1446	62
1447	95
1448	66
1449	39
1450	83
1451	28
1452	62
1453	95
1454	29
1455	61
1456	51
1457	69
1458	53
1459	31
1460	34
1461	94
1462	80
1463	31
1464	44
1465	40
1466	23
1467	48
1468	65
1469	25
1470	85
1471	57
1472	32
1473	65
1474	89
1475	43
1476	28
1477	90
1478	32
1479	51
1480	44
1481	20
1482	80
1483	38
1484	48
1485	38
1486	59
1487	64
1488	79
1489	26
1490	119
1491	50
1492	70
1493	69
1494	54
1495	44
1496	26
1497	53
1498	77
1499	46
1500	29
1501	60
1502	52
1503	57
1504	32
1505	67
1506	47
1507	35
1508	56
1509	41
1510	72
1511	104
1512	46
1513	81
1514	37
1515	55
1516	97
1517	37
1518	29
1519	30
1520	20
1521	31
1522	73
1523	97
1524	78
1525	59
1526	74
1527	27
1528	38
1529	50
1530	56
1531	69
1532	28
1533	50
1534	30
1535	57
1536	72
1537	92
1538	79
1539	33
1540	59
1541	38
1542	90
1543	58
1544	65
1545	41
1546	44
1547	33
1548	23
1549	57
1550	64
1551	76
1552	66
1553	57
1554	73
1555	71
1556	80
1557	77
1558	54
1559	100
1560	106
1561	34
1562	58
1563	36
1564	101
1565	180
1566	147
1567	110
1568	41
1569	76
1570	137
1571	86
1572	133
1573	412
1574	154
1575	45
1576	72
1577	70
1578	66
1579	41
1580	52
1581	55
1582	182
1583	469
1584	801
1585	436
1586	464
1587	329
1588	441
1589	722
1590	1114
1591	676
1592	867
1593	809
1594	634
1595	541
1596	354
1597	434
1598	327
1599	183
1600	48
1601	124
1602	454
1603	423
1604	214
1605	450
1606	330
1607	318
1608	345
1609	446
1610	427
1611	237
1612	429
1613	526
1614	283
1615	305
1616	206
1617	265
1618	425
1619	248
1620	284
1621	264
1622	158
1623	133
1624	134
1625	156
1626	90
1627	100
1628	113
1629	121
1630	132
1631	166
1632	164
1633	102
1634	199
1635	126
1636	167
1637	88
1638	85
1639	104
1640	111
1641	43
1642	107
1643	55
1644	116
1645	132
1646	102
1647	87
1648	93
1649	95
1650	69
1651	82
1652	59
1653	77
1654	103
1655	49
1656	74
1657	91
1658	79
1659	42
1660	84
1661	87
1662	71
1663	124
1664	71
1665	153
1666	81
1667	110
1668	114
1669	64
1670	47
1671	139
1672	64
1673	95
1674	71
1675	86
1676	76
1677	86
1678	148
1679	59
1680	166
1681	112
1682	62
1683	67
1684	83
1685	86
1686	93
1687	85
1688	104
1689	65
1690	62
1691	94
1692	50
1693	82
1694	39
1695	66
1696	83
1697	65
1698	123
1699	95
1700	57
1701	96
1702	111
1703	71
1704	135
1705	104
1706	53
1707	59
1708	122
1709	92
1710	102
1711	104
1712	93
1713	69
1714	164
1715	125
1716	117
1717	85
1718	37
1719	88
1720	87
1721	72
1722	94
1723	78
1724	49
1725	77
1726	112
1727	51
1728	86
1729	103
1730	44
1731	92
1732	40
1733	72
1734	75
1735	51
1736	74
1737	98
1738	82
1739	68
1740	108
1741	113
1742	82
1743	88
1744	94
1745	89
1746	109
1747	84
1748	70
1749	67
1750	116
1751	74
1752	82
1753	88
1754	121
1755	59
1756	97
1757	126
1758	37
1759	85
1760	84
1761	96
1762	74
1763	157
1764	72
1765	76
1766	78
1767	112
1768	120
1769	44
1770	82
1771	66
1772	58
1773	73
1774	85
1775	56
1776	136
1777	137
1778	81
1779	141
1780	69
1781	184
1782	75
1783	82
1784	103
1785	65
1786	98
1787	65
1788	96
1789	86
1790	68
1791	68
1792	89
1793	130
1794	143
1795	164
1796	112
1797	97
1798	34
1799	68
1800	87
1801	130
1802	77
1803	94
1804	79
1805	63
1806	117
1807	111
1808	80
1809	90
1810	100
1811	116
1812	75
1813	50
1814	102
1815	100
1816	84
1817	143
1818	87
1819	109
1820	113
1821	119
1822	109
1823	89
1824	88
1825	159
1826	62
1827	106
1828	98
1829	105
1830	99
1831	65
1832	100
1833	150
1834	122
1835	96
1836	90
1837	119
1838	128
1839	101
1840	135
1841	61
1842	120
1843	61
1844	115
1845	133
1846	114
1847	94
1848	127
1849	82
1850	133
1851	70
1852	165
1853	140
1854	97
1855	119
1856	184
1857	126
1858	104
1859	74
1860	141
1861	135
1862	180
1863	143
1864	82
1865	96
1866	70
1867	211
1868	73
1869	166
1870	128
1871	121
1872	132
1873	177
1874	106
1875	126
1876	117
1877	179
1878	140
1879	173
1880	148
1881	123
1882	158
1883	217
1884	133
1885	165
1886	152
1887	165
1888	111
1889	98
1890	145
1891	100
1892	179
1893	119
1894	112
1895	181
1896	154
1897	170
1898	91
1899	180
1900	144
1901	135
1902	88
1903	194
1904	141
1905	155
1906	181
1907	157
1908	110
1909	152
1910	109
1911	222
1912	149
1913	219
1914	125
1915	197
1916	165
1917	141
1918	97
1919	166
1920	204
1921	211
1922	134
1923	178
1924	150
1925	253
1926	371
1927	245
1928	196
1929	157
1930	166
1931	146
1932	181
1933	219
1934	194
1935	134
1936	182
1937	107
1938	130
1939	131
1940	290
1941	137
1942	176
1943	194
1944	168
1945	122
1946	109
1947	115
1948	196
1949	155
1950	143
1951	144
1952	331
1953	169
1954	251
1955	152
1956	148
1957	161
1958	172
1959	165
1960	174
1961	96
1962	104
1963	147
1964	167
1965	150
1966	217
1967	160
1968	182
1969	191
1970	132
1971	235
1972	216
1973	113
1974	148
1975	147
1976	170
1977	163
1978	142
1979	141
1980	191
1981	123
1982	176
1983	176
1984	138
1985	208
1986	176
1987	166
1988	193
1989	197
1990	180
1991	135
1992	170
1993	129
1994	163
1995	179
1996	250
1997	153
1998	91
1999	175
2000	122
2001	136
2002	126
2003	88
2004	171
2005	149
2006	203
2007	210
2008	231
2009	238
2010	259
2011	254
2012	191
2013	187
2014	203
2015	217
2016	249
2017	405
2018	448
2019	352
2020	227
2021	201
2022	838
2023	241
2024	288
2025	206
2026	221
2027	481
2028	829
2029	297
2030	171
2031	171
2032	130
2033	215
2034	207
2035	188
2036	143
2037	149
2038	103
2039	94
2040	133
2041	78
2042	110
2043	121
2044	131
2045	214
2046	145
2047	207
