Instrument: Andor
X Size: 2048
Y Size: 64
Total Flux: 0.000
Total Counts: 308817
Background: 332.000000
Curvature: 0.0
Clipped to ROI: No
ROI: 1309 526 2539 1627
X	Counts
0	0
1	1
2	1
3	19
4	7
5	3
6	1
7	0
8	2
9	4
10	27
11	7
12	3
13	0
14	24
15	6
16	10
17	10
18	4
19	3
20	65
21	109
22	64
23	40
24	20
25	0
26	2
27	0
28	9
29	11
30	25
31	7
32	3
33	0
34	17
35	38
36	10
37	46
38	0
39	7
40	14
41	25
42	13
43	69
44	15
45	10
46	3
47	6
48	35
49	18
50	0
51	23
52	4
53	15
54	31
55	0
56	15
57	6
58	1
59	1
60	18
61	14
62	3
63	3
64	4
65	28
66	40
67	62
68	66
69	16
70	46
71	12
72	44
73	19
74	15
75	48
76	24
77	45
78	42
79	34
80	21
81	57
82	11
83	21
84	12
85	45
86	22
87	15
88	13
89	50
90	9
91	36
92	45
93	30
94	22
95	40
96	15
97	47
98	31
99	42
100	12
101	24
102	19
103	41
104	27
105	8
106	27
107	25
108	49
109	46
110	36
111	9
112	46
113	52
114	25
115	22
116	60
117	53
118	59
119	37
120	33
121	6
122	18
123	6
124	20
125	77
126	24
127	1
128	26
129	22
130	29
131	10
132	20
133	22
134	24
135	40
136	35
137	11
138	5
139	36
140	14
141	8
142	50
143	44
144	22
145	24
146	32
147	26
148	36
149	70
150	56
151	26
152	17
153	40
154	53
155	59
156	23
157	223
158	545
159	45
160	31
161	18
162	12
163	25
164	3
165	13
166	42
167	34
168	38
169	6
170	43
171	45
172	14
173	50
174	9
175	12
176	22
177	17
178	22
179	70
180	14
181	37
182	22
183	9
184	57
185	63
186	32
187	34
188	30
189	51
190	31
191	64
192	30
193	28
194	31
195	0
196	9
197	44
198	33
199	35
200	28
201	51
202	115
203	24
204	31
205	18
206	2
207	38
208	19
209	18
210	25
211	16
212	23
213	3
214	69
215	50
216	80
217	26
218	43
219	6
220	15
221	43
222	12
223	25
224	28
225	29
226	2
227	64
228	51
229	32
230	55
231	10
232	12
233	29
234	36
235	6
236	5
237	29
238	7
239	5
240	10
241	10
242	16
243	25
244	33
245	1
246	36
247	131
248	50
249	199
250	80
251	28
252	98
253	66
254	59
255	48
256	20
257	32
258	15
259	1
260	1
261	24
262	11
263	19
264	18
265	10
266	18
267	26
268	19
269	12
270	32
271	11
272	11
273	8
274	13
275	26
276	16
277	18
278	3
279	7
280	7
281	3
282	20
283	5
284	29
285	46
286	41
287	21
288	3
289	18
290	3
291	20
292	36
293	18
294	31
295	30
296	19
297	25
298	111
299	33
300	24
301	39
302	42
303	18
304	11
305	25
306	47
307	12
308	11
309	35
310	27
311	2
312	8
313	26
314	2
315	13
316	5
317	7
318	9
319	36
320	76
321	89
322	149
323	140
324	213
325	178
326	68
327	16
328	11
329	8
330	37
331	98
332	43
333	11
334	56
335	99
336	52
337	19
338	3
339	11
340	13
341	4
342	12
343	8
344	15
345	17
346	29
347	12
348	43
349	1
350	10
351	16
352	12
353	24
354	10
355	7
356	30
357	28
358	8
359	18
360	13
361	2
362	0
363	13
364	13
365	11
366	48
367	14
368	2
369	13
370	3
371	4
372	28
373	1
374	13
375	38
376	3
377	71
378	47
379	50
380	30
381	21
382	26
383	28
384	20
385	5
386	4
387	13
388	21
389	18
390	17
391	12
392	17
393	12
394	0
395	34
396	32
397	4
398	3
399	15
400	9
401	2
402	8
403	0
404	7
405	9
406	7
407	17
408	28
409	48
410	7
411	13
412	16
413	10
414	22
415	27
416	40
417	22
418	6
419	51
420	80
421	24
422	16
423	24
424	4
425	12
426	6
427	18
428	3
429	78
430	47
431	39
432	19
433	2
434	4
435	14
436	24
437	1
438	8
439	44
440	1
441	8
442	6
443	18
444	7
445	1
446	19
447	1
448	1
449	18
450	3
451	5
452	6
453	42
454	9
455	42
456	47
457	6
458	15
459	14
460	7
461	123
462	18
463	39
464	66
465	80
466	49
467	23
468	30
469	28
470	42
471	23
472	17
473	27
474	9
475	9
476	6
477	34
478	103
479	117
480	15
481	29
482	116
483	106
484	58
485	1
486	14
487	14
488	6
489	18
490	19
491	51
492	9
493	103
494	80
495	26
496	21
497	30
498	90
499	26
500	61
501	38
502	53
503	9
504	51
505	48
506	20
507	9
508	66
509	45
510	97
511	48
512	5
513	64
514	86
515	32
516	11
517	17
518	19
519	22
520	126
521	125
522	223
523	114
524	16
525	53
526	30
527	27
528	10
529	7
530	46
531	45
532	85
533	168
534	232
535	394
536	138
537	264
538	32
539	21
540	95
541	227
542	67
543	5
544	1
545	75
546	13
547	43
548	235
549	377
550	642
551	279
552	71
553	107
554	82
555	91
556	260
557	159
558	187
559	336
560	403
561	432
562	154
563	302
564	458
565	412
566	395
567	543
568	255
569	604
570	469
571	613
572	577
573	948
574	948
575	575
576	443
577	659
578	1025
579	675
580	635
581	711
582	603
583	1235
584	983
585	748
586	620
587	758
588	897
589	824
590	753
591	758
592	450
593	772
594	905
595	933
596	846
597	1727
598	1525
599	1536
600	1783
601	1892
602	2257
603	1918
604	1331
605	1668
606	2052
607	2367
608	2086
609	1785
610	1821
611	2568
612	2284
613	2274
614	2621
615	2391
616	1872
617	1655
618	1324
619	1456
620	2039
621	1915
622	1629
623	1109
624	1073
625	1714
626	1584
627	1048
628	1156
629	1536
630	1200
631	965
632	1036
633	969
634	909
635	422
636	535
637	714
638	849
639	1026
640	934
641	566
642	788
643	860
644	701
645	323
646	270
647	318
648	363
649	531
650	192
651	278
652	103
653	104
654	35
655	88
656	40
657	58
658	240
659	333
660	202
661	96
662	203
663	358
664	345
665	37
666	81
667	64
668	112
669	178
670	248
671	45
672	217
673	162
674	135
675	59
676	15
677	24
678	55
679	70
680	125
681	45
682	83
683	12
684	35
685	26
686	17
687	28
688	43
689	36
690	18
691	64
692	2
693	43
694	66
695	57
696	70
697	50
698	74
699	47
700	19
701	6
702	48
703	36
704	11
705	33
706	18
707	31
708	17
709	11
710	8
711	0
712	10
713	51
714	17
715	12
716	13
717	46
718	22
719	17
720	36
721	29
722	35
723	115
724	74
725	41
726	2
727	22
728	4
729	22
730	46
731	38
732	36
733	15
734	13
735	28
736	63
737	74
738	36
739	47
740	8
741	80
742	20
743	43
744	38
745	22
746	36
747	11
748	28
749	14
750	45
751	5
752	27
753	17
754	56
755	30
756	19
757	12
758	32
759	46
760	14
761	9
762	12
763	20
764	28
765	24
766	33
767	28
768	17
769	19
770	28
771	38
772	11
773	51
774	5
775	2
776	27
777	0
778	17
779	74
780	26
781	51
782	8
783	16
784	18
785	5
786	21
787	11
788	6
789	25
790	20
791	20
792	11
793	26
794	63
795	9
796	17
797	17
798	36
799	67
800	7
801	13
802	36
803	35
804	70
805	11
806	35
807	47
808	20
809	38
810	33
811	13
812	62
813	55
814	20
815	49
816	40
817	62
818	38
819	45
820	31
821	45
822	14
823	39
824	18
825	14
826	25
827	23
828	63
829	36
830	22
831	32
832	32
833	8
834	33
835	26
836	32
837	45
838	37
839	6
840	52
841	15
842	23
843	53
844	65
845	60
846	122
847	39
848	14
849	28
850	3
851	7
852	51
853	20
854	38
855	11
856	19
857	16
858	18
859	54
860	39
861	12
862	51
863	12
864	36
865	2
866	17
867	44
868	10
869	14
870	30
871	37
872	24
873	26
874	14
875	49
876	31
877	14
878	60
879	44
880	40
881	46
882	24
883	24
884	38
885	23
886	43
887	43
888	69
889	25
890	58
891	11
892	35
893	2
894	43
895	55
896	97
897	77
898	65
899	9
900	45
901	26
902	33
903	41
904	48
905	18
906	36
907	56
908	94
909	85
910	31
911	54
912	38
913	35
914	76
915	67
916	70
917	58
918	36
919	35
920	54
921	35
922	61
923	89
924	62
925	51
926	95
927	41
928	74
929	96
930	41
931	138
932	46
933	48
934	53
935	35
936	61
937	40
938	38
939	13
940	82
941	31
942	25
943	25
944	77
945	44
946	54
947	35
948	77
949	30
950	40
951	48
952	46
953	32
954	49
955	27
956	10
957	38
958	48
959	18
960	19
961	25
962	22
963	54
964	9
965	16
966	55
967	56
968	74
969	65
970	77
971	45
972	50
973	57
974	41
975	30
976	22
977	7
978	55
979	35
980	17
981	20
982	45
983	31
984	103
985	79
986	57
987	23
988	17
989	74
990	16
991	53
992	50
993	45
994	53
995	67
996	53
997	52
998	14
999	7
1000	59
1001	41
1002	9
1003	34
1004	32
1005	36
1006	38
1007	46
1008	38
1009	45
1010	38
1011	20
1012	27
1013	16
1014	38
1015	25
1016	55
1017	107
1018	58
1019	31
1020	40
1021	12
1022	33
1023	55
1024	52
1025	79
1026	63
1027	66
1028	39
1029	38
1030	34
1031	18
1032	36
1033	27
1034	44
1035	40
1036	49
1037	60
1038	34
1039	56
1040	79
1041	42
1042	34
1043	32
1044	40
1045	24
1046	35
1047	9
1048	28
1049	33
1050	80
1051	42
1052	49
1053	54
1054	23
1055	65
1056	42
1057	31
1058	43
1059	43
1060	50
1061	48
1062	54
1063	33
1064	26
1065	35
1066	18
1067	58
1068	56
1069	221
1070	95
1071	67
1072	46
1073	62
1074	48
1075	59
1076	39
1077	20
1078	13
1079	19
1080	43
1081	65
1082	8
1083	26
1084	41
1085	82
1086	42
1087	54
1088	38
1089	10
1090	41
1091	16
1092	17
1093	24
1094	50
1095	10
1096	42
1097	36
1098	24
1099	33
1100	30
1101	43
1102	28
1103	26
1104	15
1105	71
1106	38
1107	106
1108	19
1109	31
1110	33
1111	43
1112	35
1113	50
1114	13
1115	1
1116	16
1117	19
1118	33
1119	19
1120	27
1121	15
1122	49
1123	54
1124	26
1125	54
1126	26
1127	26
1128	25
1129	43
1130	17
1131	33
1132	26
1133	30
1134	30
1135	51
1136	49
1137	45
1138	63
1139	132
1140	82
1141	13
1142	40
1143	7
1144	54
1145	31
1146	48
1147	53
1148	30
1149	33
1150	37
1151	31
1152	72
1153	36
1154	34
1155	8
1156	197
1157	54
1158	119
1159	32
1160	63
1161	24
1162	31
1163	23
1164	21
1165	64
1166	10
1167	13
1168	16
1169	31
1170	27
1171	23
1172	17
1173	42
1174	100
1175	41
1176	39
1177	33
1178	23
1179	40
1180	23
1181	47
1182	27
1183	38
1184	12
1185	53
1186	9
1187	32
1188	29
1189	45
1190	44
1191	132
1192	76
1193	46
1194	23
1195	18
1196	97
1197	57
1198	47
1199	23
1200	29
1201	48
1202	5
1203	18
1204	55
1205	17
1206	11
1207	23
1208	5
1209	24
1210	18
1211	40
1212	83
1213	43
1214	52
1215	35
1216	28
1217	28
1218	31
1219	43
1220	46
1221	36
1222	30
1223	29
1224	30
1225	15
1226	26
1227	15
1228	20
1229	22
1230	41
1231	27
1232	26
1233	20
1234	13
1235	0
1236	22
1237	43
1238	41
1239	40
1240	11
1241	13
1242	25
1243	13
1244	31
1245	20
1246	29
1247	30
1248	42
1249	89
1250	58
1251	47
1252	32
1253	40
1254	104
1255	41
1256	41
1257	9
1258	16
1259	34
1260	16
1261	28
1262	27
1263	31
1264	17
1265	33
1266	7
1267	63
1268	4
1269	7
1270	21
1271	10
1272	12
1273	5
1274	1
1275	10
1276	26
1277	14
1278	25
1279	34
1280	27
1281	7
1282	19
1283	56
1284	42
1285	21
1286	17
1287	21
1288	79
1289	6
1290	32
1291	27
1292	10
1293	71
1294	41
1295	36
1296	32
1297	35
1298	42
1299	4
1300	13
1301	8
1302	13
1303	22
1304	19
1305	64
1306	74
1307	238
1308	14
1309	55
1310	7
1311	102
1312	53
1313	8
1314	28
1315	9
1316	44
1317	0
1318	34
1319	57
1320	13
1321	29
1322	43
1323	22
1324	53
1325	32
1326	26
1327	25
1328	34
1329	67
1330	135
1331	93
1332	46
1333	12
1334	23
1335	14
1336	32
1337	33
1338	16
1339	41
1340	22
1341	21
1342	22
1343	39
1344	40
1345	4
1346	18
1347	34
1348	14
1349	36
1350	4
1351	21
1352	5
1353	89
1354	11
1355	12
1356	2
1357	20
1358	13
1359	13
1360	18
1361	20
1362	50
1363	52
1364	13
1365	32
1366	18
1367	35
1368	35
1369	65
1370	1
1371	21
1372	43
1373	48
1374	46
1375	67
1376	9
1377	17
1378	29
1379	12
1380	14
1381	33
1382	27
1383	26
1384	48
1385	13
1386	39
1387	27
1388	27
1389	2
1390	11
1391	29
1392	44
1393	13
1394	45
1395	49
1396	17
1397	23
1398	1
1399	10
1400	29
1401	51
1402	38
1403	19
1404	19
1405	45
1406	27
1407	26
1408	25
1409	38
1410	26
1411	14
1412	25
1413	6
1414	17
1415	52
1416	22
1417	21
1418	28
1419	20
1420	4
1421	19
1422	9
1423	12
1424	21
1425	43
1426	77
1427	64
1428	32
1429	16
1430	19
1431	25
1432	23
1433	136
1434	24
1435	28
1436	111
1437	60
1438	39
1439	18
1440	17
1441	46
1442	5
1443	36
1444	19
1445	27
1446	33
1447	5
1448	19
1449	42
1450	11
1451	18
1452	15
1453	57
1454	240
1455	330
1456	143
1457	30
1458	30
1459	49
1460	36
1461	111
1462	70
1463	5
1464	9
1465	26
1466	22
1467	35
1468	20
1469	13
1470	11
1471	21
1472	9
1473	31
1474	47
1475	18
1476	18
1477	15
1478	19
1479	44
1480	32
1481	51
1482	16
1483	28
1484	51
1485	299
1486	46
1487	45
1488	30
1489	8
1490	105
1491	76
1492	6
1493	29
1494	14
1495	15
1496	12
1497	34
1498	35
1499	42
1500	17
1501	1
1502	4
1503	36
1504	69
1505	119
1506	12
1507	15
1508	27
1509	18
1510	8
1511	18
1512	15
1513	42
1514	38
1515	115
1516	132
1517	15
1518	19
1519	38
1520	0
1521	25
1522	111
1523	44
1524	11
1525	316
1526	280
1527	84
1528	117
1529	51
1530	43
1531	11
1532	57
1533	26
1534	53
1535	28
1536	217
1537	211
1538	171
1539	88
1540	43
1541	18
1542	32
1543	50
1544	39
1545	38
1546	22
1547	21
1548	56
1549	45
1550	104
1551	133
1552	45
1553	41
1554	104
1555	373
1556	114
1557	39
1558	10
1559	82
1560	130
1561	149
1562	157
1563	328
1564	184
1565	66
1566	50
1567	102
1568	395
1569	276
1570	110
1571	162
1572	224
1573	162
1574	153
1575	234
1576	229
1577	190
1578	747
1579	798
1580	685
1581	446
1582	623
1583	1598
1584	1455
1585	970
1586	1347
1587	927
1588	943
1589	1424
1590	1015
1591	2054
1592	2596
1593	2365
1594	1793
1595	2149
1596	2318
1597	2397
1598	1516
1599	1837
1600	1887
1601	1916
1602	2088
1603	1967
1604	2161
1605	2167
1606	1923
1607	2300
1608	1699
1609	1478
1610	820
1611	1430
1612	2003
1613	1762
1614	1912
1615	1697
1616	1612
1617	1044
1618	1383
1619	1291
1620	1057
1621	1497
1622	1035
1623	848
1624	1149
1625	1394
1626	749
1627	701
1628	901
1629	554
1630	370
1631	534
1632	351
1633	541
1634	607
1635	135
1636	568
1637	310
1638	582
1639	347
1640	418
1641	534
1642	112
1643	46
1644	44
1645	77
1646	58
1647	168
1648	547
1649	101
1650	52
1651	104
1652	21
1653	43
1654	23
1655	125
1656	50
1657	52
1658	33
1659	268
1660	72
1661	85
1662	77
1663	149
1664	98
1665	127
1666	58
1667	21
1668	74
1669	134
1670	95
1671	158
1672	80
1673	115
1674	52
1675	25
1676	209
1677	88
1678	71
1679	54
1680	66
1681	77
1682	60
1683	45
1684	35
1685	55
1686	46
1687	37
1688	38
1689	4
1690	93
1691	248
1692	103
1693	77
1694	41
1695	22
1696	24
1697	33
1698	100
1699	0
1700	29
1701	56
1702	30
1703	47
1704	62
1705	81
1706	15
1707	52
1708	26
1709	39
1710	64
1711	102
1712	71
1713	35
1714	94
1715	101
1716	37
1717	81
1718	33
1719	78
1720	31
1721	45
1722	45
1723	39
1724	27
1725	26
1726	52
1727	50
1728	40
1729	28
1730	34
1731	69
1732	219
1733	159
1734	106
1735	15
1736	13
1737	12
1738	42
1739	227
1740	934
1741	1946
1742	237
1743	27
1744	37
1745	45
1746	28
1747	56
1748	34
1749	17
1750	27
1751	49
1752	47
1753	13
1754	116
1755	332
1756	287
1757	154
1758	30
1759	25
1760	44
1761	19
1762	24
1763	62
1764	56
1765	15
1766	25
1767	29
1768	47
1769	14
1770	17
1771	69
1772	65
1773	42
1774	85
1775	36
1776	73
1777	37
1778	31
1779	59
1780	279
1781	98
1782	39
1783	82
1784	47
1785	36
1786	14
1787	34
1788	69
1789	169
1790	92
1791	67
1792	67
1793	46
1794	117
1795	217
1796	44
1797	63
1798	17
1799	36
1800	44
1801	27
1802	18
1803	24
1804	42
1805	49
1806	53
1807	44
1808	137
1809	161
1810	76
1811	277
1812	139
1813	298
1814	397
1815	122
1816	62
1817	61
1818	52
1819	175
1820	160
1821	128
1822	92
1823	117
1824	71
1825	19
1826	35
1827	29
1828	71
1829	53
1830	16
1831	38
1832	98
1833	63
1834	73
1835	51
1836	81
1837	44
1838	91
1839	41
1840	38
1841	25
1842	100
1843	50
1844	61
1845	131
1846	51
1847	47
1848	27
1849	28
1850	34
1851	41
1852	81
1853	77
1854	49
1855	30
1856	109
1857	47
1858	146
1859	119
1860	43
1861	38
1862	139
1863	112
1864	200
1865	95
1866	64
1867	122
1868	69
1869	80
1870	47
1871	41
1872	40
1873	76
1874	65
1875	21
1876	94
1877	93
1878	24
1879	87
1880	37
1881	68
1882	32
1883	69
1884	28
1885	54
1886	185
1887	136
1888	146
1889	154
1890	95
1891	76
1892	66
1893	104
1894	63
1895	110
1896	165
1897	85
1898	60
1899	35
1900	123
1901	109
1902	85
1903	86
1904	95
1905	121
1906	119
1907	101
1908	79
1909	100
1910	145
1911	130
1912	38
1913	116
1914	119
1915	200
1916	125
1917	122
1918	83
1919	82
1920	336
1921	243
1922	327
1923	188
1924	88
1925	81
1926	200
1927	202
1928	101
1929	155
1930	71
1931	79
1932	113
1933	72
1934	120
1935	64
1936	88
1937	90
1938	116
1939	133
1940	139
1941	118
1942	92
1943	93
1944	81
1945	90
1946	133
1947	106
1948	135
1949	104
1950	133
1951	167
1952	192
1953	159
1954	85
1955	126
1956	126
1957	69
1958	86
1959	69
1960	143
1961	108
1962	46
1963	78
1964	124
1965	52
1966	114
1967	88
1968	111
1969	85
1970	110
1971	107
1972	151
1973	178
1974	76
1975	202
1976	141
1977	235
1978	90
1979	176
1980	82
1981	169
1982	129
1983	117
1984	272
1985	485
1986	136
1987	82
1988	121
1989	182
1990	233
1991	116
1992	321
1993	250
1994	239
1995	217
1996	138
1997	129
1998	79
1999	83
2000	78
2001	80
2002	170
2003	74
2004	407
2005	634
2006	714
2007	393
2008	216
2009	330
2010	411
2011	331
2012	497
2013	259
2014	202
2015	432
2016	349
2017	784
2018	594
2019	556
2020	461
2021	284
2022	627
2023	941
2024	774
2025	670
2026	876
2027	1086
2028	1082
2029	443
2030	298
2031	507
2032	545
2033	847
2034	728
2035	477
2036	531
2037	867
2038	1076
2039	957
2040	543
2041	603
2042	1276
2043	1031
2044	1154
2045	1787
2046	1485
2047	1625
