Instrument: Andor
X Size: 2048
Y Size: 64
Total Flux: 0.000
Total Counts: 414177
Background: 334.000000
Curvature: 0.0
Clipped to ROI: No
ROI: 1309 526 2539 1627
X	Counts
0	0
1	0
2	0
3	7
4	3
5	1
6	1
7	0
8	0
9	22
10	1
11	4
12	0
13	0
14	26
15	8
16	14
17	9
18	0
19	0
20	23
21	1
22	7
23	10
24	10
25	0
26	7
27	0
28	12
29	1
30	3
31	1
32	1
33	7
34	10
35	12
36	8
37	17
38	14
39	2
40	10
41	16
42	0
43	44
44	5
45	20
46	8
47	7
48	12
49	16
50	1
51	13
52	6
53	2
54	37
55	12
56	27
57	43
58	66
59	42
60	22
61	19
62	8
63	11
64	0
65	0
66	30
67	13
68	5
69	81
70	171
71	66
72	19
73	33
74	38
75	53
76	7
77	9
78	23
79	17
80	9
81	17
82	12
83	37
84	6
85	14
86	178
87	114
88	17
89	18
90	18
91	1
92	39
93	17
94	3
95	33
96	5
97	5
98	11
99	25
100	35
101	32
102	1
103	6
104	21
105	24
106	5
107	6
108	17
109	46
110	7
111	42
112	56
113	21
114	44
115	24
116	25
117	16
118	26
119	19
120	30
121	35
122	14
123	52
124	56
125	22
126	14
127	5
128	16
129	9
130	24
131	11
132	124
133	155
134	49
135	30
136	39
137	24
138	6
139	63
140	15
141	14
142	24
143	41
144	2
145	4
146	26
147	27
148	31
149	42
150	17
151	32
152	20
153	72
154	41
155	24
156	23
157	90
158	41
159	31
160	9
161	3
162	9
163	48
164	6
165	2
166	49
167	17
168	5
169	8
170	19
171	7
172	38
173	32
174	31
175	53
176	12
177	14
178	13
179	46
180	6
181	3
182	8
183	14
184	52
185	51
186	28
187	12
188	35
189	41
190	10
191	24
192	49
193	57
194	15
195	3
196	8
197	3
198	6
199	17
200	23
201	40
202	32
203	22
204	26
205	2
206	7
207	17
208	26
209	15
210	40
211	90
212	14
213	19
214	22
215	27
216	33
217	24
218	17
219	7
220	40
221	96
222	11
223	43
224	45
225	12
226	3
227	12
228	36
229	14
230	7
231	18
232	1
233	18
234	45
235	26
236	15
237	9
238	17
239	0
240	18
241	11
242	24
243	3
244	36
245	5
246	4
247	8
248	3
249	11
250	1
251	0
252	36
253	22
254	13
255	0
256	6
257	10
258	16
259	8
260	10
261	17
262	16
263	11
264	6
265	4
266	42
267	0
268	10
269	1
270	5
271	5
272	8
273	6
274	55
275	110
276	140
277	40
278	7
279	12
280	24
281	0
282	17
283	2
284	3
285	6
286	6
287	14
288	6
289	23
290	33
291	11
292	17
293	4
294	1
295	22
296	22
297	23
298	63
299	29
300	25
301	40
302	33
303	44
304	34
305	36
306	16
307	25
308	13
309	13
310	42
311	10
312	0
313	0
314	1
315	4
316	12
317	43
318	8
319	43
320	746
321	127
322	33
323	10
324	0
325	6
326	29
327	46
328	5
329	4
330	18
331	31
332	7
333	22
334	1
335	55
336	1
337	20
338	15
339	20
340	13
341	8
342	17
343	13
344	12
345	19
346	20
347	6
348	7
349	20
350	2
351	13
352	91
353	44
354	83
355	6
356	1
357	10
358	0
359	23
360	2
361	0
362	3
363	15
364	14
365	6
366	24
367	31
368	4
369	18
370	4
371	5
372	15
373	6
374	5
375	3
376	13
377	14
378	22
379	14
380	0
381	0
382	8
383	81
384	99
385	23
386	0
387	31
388	17
389	0
390	1
391	19
392	4
393	21
394	14
395	22
396	33
397	4
398	8
399	17
400	34
401	10
402	20
403	11
404	69
405	11
406	8
407	16
408	0
409	4
410	8
411	2
412	5
413	10
414	28
415	6
416	11
417	12
418	0
419	42
420	39
421	2
422	44
423	17
424	3
425	9
426	8
427	10
428	2
429	25
430	20
431	79
432	13
433	10
434	6
435	10
436	0
437	7
438	9
439	5
440	0
441	26
442	17
443	229
444	134
445	153
446	135
447	24
448	105
449	25
450	12
451	3
452	4
453	27
454	96
455	243
456	174
457	40
458	52
459	36
460	32
461	19
462	1
463	26
464	4
465	9
466	6
467	13
468	20
469	14
470	0
471	1
472	0
473	7
474	0
475	9
476	3
477	7
478	19
479	89
480	25
481	0
482	2
483	10
484	16
485	77
486	24
487	30
488	38
489	6
490	9
491	43
492	101
493	71
494	101
495	20
496	1
497	1
498	4
499	13
500	7
501	4
502	86
503	5
504	20
505	87
506	17
507	10
508	2
509	1
510	7
511	6
512	2
513	47
514	425
515	149
516	46
517	4
518	4
519	10
520	44
521	7
522	2
523	0
524	19
525	27
526	22
527	23
528	16
529	26
530	22
531	3
532	8
533	65
534	103
535	39
536	19
537	52
538	9
539	48
540	10
541	16
542	19
543	0
544	11
545	1
546	82
547	83
548	151
549	248
550	23
551	22
552	64
553	115
554	4
555	57
556	79
557	49
558	97
559	96
560	123
561	467
562	420
563	366
564	475
565	644
566	206
567	136
568	457
569	426
570	369
571	578
572	611
573	559
574	338
575	321
576	506
577	471
578	99
579	295
580	333
581	780
582	515
583	590
584	1174
585	826
586	649
587	619
588	331
589	682
590	739
591	1032
592	879
593	466
594	381
595	926
596	1002
597	1202
598	1051
599	899
600	1155
601	1478
602	1312
603	1687
604	1635
605	1744
606	1871
607	1870
608	1523
609	1232
610	1718
611	1660
612	1646
613	1746
614	1775
615	1986
616	2049
617	1532
618	1313
619	1338
620	1245
621	1635
622	1373
623	1706
624	1670
625	1218
626	1699
627	1180
628	1083
629	1366
630	1412
631	1377
632	1620
633	1296
634	1291
635	1167
636	875
637	965
638	918
639	435
640	663
641	469
642	458
643	440
644	486
645	526
646	797
647	858
648	802
649	800
650	357
651	364
652	572
653	651
654	316
655	254
656	161
657	259
658	345
659	318
660	329
661	380
662	187
663	371
664	136
665	86
666	262
667	96
668	151
669	28
670	83
671	292
672	122
673	11
674	21
675	121
676	52
677	21
678	98
679	21
680	134
681	395
682	296
683	45
684	39
685	83
686	127
687	11
688	3
689	185
690	112
691	105
692	38
693	41
694	58
695	40
696	5
697	17
698	3
699	8
700	22
701	13
702	27
703	27
704	15
705	92
706	14
707	13
708	25
709	26
710	1
711	4
712	8
713	11
714	12
715	24
716	10
717	3
718	4
719	26
720	53
721	1
722	11
723	7
724	35
725	4
726	2
727	4
728	7
729	22
730	11
731	6
732	21
733	28
734	22
735	15
736	11
737	16
738	18
739	14
740	1
741	82
742	41
743	70
744	30
745	84
746	59
747	24
748	1
749	14
750	14
751	0
752	0
753	11
754	18
755	7
756	24
757	47
758	12
759	5
760	37
761	10
762	8
763	24
764	21
765	74
766	15
767	53
768	20
769	45
770	27
771	17
772	19
773	51
774	33
775	8
776	16
777	20
778	12
779	22
780	11
781	19
782	3
783	15
784	15
785	12
786	25
787	14
788	17
789	21
790	28
791	25
792	19
793	23
794	14
795	27
796	48
797	7
798	51
799	44
800	12
801	13
802	20
803	15
804	20
805	19
806	33
807	15
808	17
809	3
810	22
811	48
812	13
813	33
814	27
815	25
816	16
817	14
818	11
819	31
820	119
821	42
822	12
823	35
824	35
825	3
826	25
827	68
828	28
829	1
830	16
831	68
832	27
833	15
834	24
835	23
836	25
837	70
838	5
839	32
840	24
841	3
842	6
843	12
844	38
845	2
846	22
847	5
848	14
849	41
850	13
851	6
852	60
853	23
854	26
855	37
856	8
857	18
858	24
859	17
860	36
861	11
862	11
863	26
864	15
865	19
866	3
867	48
868	1
869	22
870	34
871	31
872	37
873	38
874	12
875	35
876	49
877	15
878	40
879	12
880	18
881	87
882	39
883	41
884	15
885	23
886	83
887	71
888	55
889	56
890	60
891	35
892	14
893	11
894	20
895	10
896	32
897	41
898	51
899	25
900	37
901	25
902	25
903	36
904	42
905	23
906	55
907	63
908	38
909	45
910	66
911	56
912	79
913	44
914	48
915	68
916	62
917	80
918	36
919	26
920	73
921	44
922	54
923	188
924	132
925	129
926	40
927	83
928	42
929	28
930	41
931	88
932	45
933	164
934	126
935	72
936	67
937	63
938	29
939	27
940	67
941	15
942	32
943	29
944	18
945	6
946	71
947	43
948	35
949	36
950	4
951	15
952	45
953	40
954	35
955	63
956	29
957	14
958	66
959	10
960	14
961	70
962	6
963	34
964	73
965	2
966	42
967	56
968	25
969	54
970	99
971	36
972	13
973	9
974	27
975	21
976	8
977	8
978	55
979	11
980	33
981	67
982	39
983	40
984	23
985	62
986	53
987	37
988	18
989	58
990	27
991	49
992	13
993	32
994	6
995	67
996	25
997	39
998	71
999	27
1000	35
1001	38
1002	34
1003	29
1004	38
1005	51
1006	32
1007	27
1008	15
1009	26
1010	17
1011	69
1012	9
1013	45
1014	29
1015	26
1016	112
1017	168
1018	81
1019	17
1020	38
1021	29
1022	18
1023	41
1024	55
1025	83
1026	184
1027	93
1028	7
1029	20
1030	49
1031	86
1032	56
1033	27
1034	36
1035	7
1036	26
1037	14
1038	40
1039	23
1040	14
1041	13
1042	0
1043	45
1044	22
1045	27
1046	28
1047	33
1048	26
1049	17
1050	42
1051	18
1052	17
1053	40
1054	18
1055	19
1056	39
1057	54
1058	17
1059	46
1060	38
1061	54
1062	22
1063	18
1064	65
1065	26
1066	17
1067	27
1068	7
1069	20
1070	30
1071	29
1072	18
1073	25
1074	27
1075	16
1076	74
1077	109
1078	83
1079	34
1080	56
1081	48
1082	31
1083	53
1084	16
1085	35
1086	80
1087	36
1088	1
1089	21
1090	16
1091	23
1092	30
1093	48
1094	18
1095	11
1096	22
1097	22
1098	41
1099	28
1100	42
1101	45
1102	13
1103	9
1104	13
1105	19
1106	9
1107	28
1108	23
1109	26
1110	72
1111	21
1112	8
1113	11
1114	12
1115	8
1116	37
1117	8
1118	42
1119	13
1120	22
1121	16
1122	22
1123	21
1124	21
1125	12
1126	23
1127	28
1128	51
1129	15
1130	16
1131	105
1132	20
1133	26
1134	24
1135	60
1136	130
1137	38
1138	37
1139	128
1140	86
1141	19
1142	54
1143	23
1144	42
1145	23
1146	42
1147	41
1148	15
1149	20
1150	37
1151	28
1152	47
1153	45
1154	7
1155	21
1156	27
1157	27
1158	50
1159	13
1160	39
1161	65
1162	36
1163	1
1164	36
1165	29
1166	27
1167	4
1168	9
1169	33
1170	22
1171	46
1172	18
1173	31
1174	109
1175	35
1176	50
1177	80
1178	25
1179	6
1180	23
1181	58
1182	68
1183	74
1184	1
1185	16
1186	7
1187	26
1188	8
1189	13
1190	15
1191	74
1192	182
1193	49
1194	27
1195	17
1196	52
1197	21
1198	22
1199	16
1200	26
1201	53
1202	19
1203	17
1204	24
1205	19
1206	7
1207	32
1208	34
1209	17
1210	36
1211	152
1212	158
1213	33
1214	13
1215	15
1216	29
1217	11
1218	39
1219	29
1220	105
1221	75
1222	130
1223	254
1224	48
1225	57
1226	46
1227	91
1228	23
1229	17
1230	14
1231	17
1232	20
1233	15
1234	23
1235	8
1236	8
1237	13
1238	32
1239	32
1240	29
1241	11
1242	15
1243	41
1244	41
1245	58
1246	34
1247	30
1248	30
1249	11
1250	16
1251	11
1252	23
1253	94
1254	20
1255	19
1256	35
1257	35
1258	34
1259	14
1260	42
1261	105
1262	29
1263	48
1264	19
1265	7
1266	18
1267	30
1268	47
1269	47
1270	15
1271	3
1272	2
1273	21
1274	7
1275	14
1276	26
1277	19
1278	18
1279	11
1280	13
1281	23
1282	21
1283	11
1284	45
1285	20
1286	6
1287	37
1288	14
1289	17
1290	8
1291	29
1292	5
1293	25
1294	18
1295	14
1296	19
1297	40
1298	13
1299	14
1300	23
1301	65
1302	48
1303	32
1304	19
1305	17
1306	37
1307	29
1308	61
1309	28
1310	6
1311	65
1312	15
1313	24
1314	17
1315	8
1316	56
1317	6
1318	3
1319	7
1320	12
1321	21
1322	10
1323	13
1324	16
1325	16
1326	18
1327	45
1328	0
1329	13
1330	19
1331	98
1332	248
1333	16
1334	2
1335	8
1336	32
1337	59
1338	52
1339	4
1340	20
1341	14
1342	6
1343	15
1344	31
1345	29
1346	7
1347	34
1348	51
1349	10
1350	16
1351	62
1352	40
1353	27
1354	16
1355	17
1356	19
1357	88
1358	39
1359	18
1360	33
1361	29
1362	21
1363	76
1364	29
1365	58
1366	119
1367	49
1368	51
1369	96
1370	12
1371	17
1372	5
1373	22
1374	45
1375	27
1376	2
1377	3
1378	23
1379	4
1380	60
1381	63
1382	18
1383	32
1384	29
1385	13
1386	11
1387	23
1388	22
1389	8
1390	22
1391	32
1392	40
1393	22
1394	52
1395	40
1396	102
1397	129
1398	23
1399	37
1400	24
1401	29
1402	66
1403	48
1404	44
1405	29
1406	31
1407	95
1408	48
1409	54
1410	61
1411	45
1412	21
1413	47
1414	25
1415	48
1416	61
1417	453
1418	1059
1419	436
1420	41
1421	201
1422	179
1423	56
1424	159
1425	58
1426	15
1427	13
1428	11
1429	64
1430	93
1431	10
1432	21
1433	5
1434	7
1435	70
1436	58
1437	36
1438	71
1439	111
1440	200
1441	48
1442	46
1443	290
1444	14
1445	12
1446	106
1447	269
1448	11
1449	30
1450	55
1451	52
1452	75
1453	90
1454	25
1455	123
1456	66
1457	90
1458	11
1459	2
1460	34
1461	7
1462	24
1463	29
1464	53
1465	62
1466	4
1467	28
1468	17
1469	65
1470	46
1471	199
1472	355
1473	27
1474	121
1475	82
1476	101
1477	60
1478	15
1479	38
1480	47
1481	38
1482	308
1483	61
1484	2
1485	13
1486	9
1487	117
1488	109
1489	14
1490	19
1491	32
1492	63
1493	53
1494	63
1495	63
1496	14
1497	39
1498	19
1499	13
1500	19
1501	10
1502	145
1503	59
1504	25
1505	47
1506	25
1507	30
1508	48
1509	125
1510	69
1511	40
1512	5
1513	73
1514	127
1515	83
1516	157
1517	17
1518	9
1519	192
1520	62
1521	36
1522	113
1523	45
1524	36
1525	42
1526	131
1527	125
1528	41
1529	7
1530	114
1531	296
1532	405
1533	415
1534	310
1535	22
1536	19
1537	158
1538	44
1539	58
1540	77
1541	45
1542	90
1543	86
1544	199
1545	249
1546	71
1547	15
1548	83
1549	194
1550	102
1551	95
1552	94
1553	196
1554	77
1555	132
1556	82
1557	258
1558	199
1559	93
1560	150
1561	64
1562	92
1563	177
1564	175
1565	159
1566	391
1567	974
1568	1165
1569	969
1570	442
1571	862
1572	1159
1573	1030
1574	991
1575	1081
1576	738
1577	985
1578	1203
1579	1081
1580	736
1581	1344
1582	1130
1583	1401
1584	2077
1585	2570
1586	2311
1587	2226
1588	2470
1589	2224
1590	1873
1591	2341
1592	2774
1593	3348
1594	4548
1595	3639
1596	3557
1597	4827
1598	5498
1599	4745
1600	4065
1601	3763
1602	4249
1603	3884
1604	4306
1605	3732
1606	3265
1607	3077
1608	2978
1609	2383
1610	3044
1611	2911
1612	3032
1613	3012
1614	2201
1615	1639
1616	1840
1617	1749
1618	2194
1619	3290
1620	2514
1621	1650
1622	1465
1623	1782
1624	2016
1625	1671
1626	1933
1627	1366
1628	1464
1629	1822
1630	2348
1631	1663
1632	877
1633	881
1634	1529
1635	1438
1636	1094
1637	1012
1638	573
1639	462
1640	265
1641	607
1642	915
1643	542
1644	720
1645	569
1646	397
1647	226
1648	234
1649	433
1650	437
1651	271
1652	470
1653	279
1654	185
1655	489
1656	255
1657	424
1658	742
1659	482
1660	36
1661	70
1662	58
1663	211
1664	154
1665	128
1666	166
1667	81
1668	90
1669	61
1670	32
1671	11
1672	22
1673	70
1674	105
1675	237
1676	600
1677	561
1678	121
1679	34
1680	48
1681	159
1682	173
1683	57
1684	29
1685	184
1686	94
1687	41
1688	21
1689	29
1690	44
1691	100
1692	239
1693	89
1694	32
1695	15
1696	28
1697	16
1698	131
1699	100
1700	176
1701	619
1702	180
1703	235
1704	285
1705	54
1706	23
1707	27
1708	12
1709	60
1710	81
1711	109
1712	339
1713	98
1714	40
1715	135
1716	79
1717	80
1718	149
1719	233
1720	32
1721	10
1722	66
1723	263
1724	125
1725	162
1726	125
1727	88
1728	35
1729	34
1730	42
1731	88
1732	145
1733	37
1734	15
1735	30
1736	18
1737	51
1738	60
1739	16
1740	40
1741	50
1742	35
1743	59
1744	31
1745	46
1746	50
1747	37
1748	22
1749	16
1750	45
1751	88
1752	44
1753	69
1754	81
1755	23
1756	22
1757	74
1758	22
1759	162
1760	133
1761	19
1762	69
1763	291
1764	191
1765	106
1766	52
1767	48
1768	101
1769	28
1770	43
1771	48
1772	25
1773	18
1774	11
1775	94
1776	80
1777	18
1778	84
1779	118
1780	47
1781	64
1782	28
1783	29
1784	28
1785	37
1786	3
1787	42
1788	50
1789	333
1790	101
1791	47
1792	26
1793	35
1794	42
1795	160
1796	51
1797	48
1798	150
1799	31
1800	24
1801	50
1802	174
1803	13
1804	23
1805	43
1806	56
1807	9
1808	82
1809	51
1810	97
1811	76
1812	21
1813	38
1814	142
1815	154
1816	134
1817	78
1818	43
1819	87
1820	350
1821	194
1822	148
1823	431
1824	266
1825	41
1826	25
1827	46
1828	34
1829	34
1830	33
1831	41
1832	49
1833	30
1834	29
1835	87
1836	228
1837	68
1838	41
1839	16
1840	14
1841	38
1842	64
1843	41
1844	44
1845	115
1846	20
1847	118
1848	21
1849	27
1850	14
1851	137
1852	36
1853	87
1854	104
1855	100
1856	91
1857	29
1858	193
1859	214
1860	157
1861	479
1862	268
1863	116
1864	125
1865	100
1866	42
1867	84
1868	140
1869	178
1870	75
1871	339
1872	75
1873	157
1874	171
1875	207
1876	53
1877	75
1878	121
1879	430
1880	539
1881	145
1882	40
1883	112
1884	79
1885	50
1886	102
1887	262
1888	259
1889	54
1890	61
1891	28
1892	82
1893	86
1894	95
1895	171
1896	138
1897	182
1898	174
1899	327
1900	394
1901	204
1902	64
1903	126
1904	273
1905	152
1906	201
1907	149
1908	111
1909	97
1910	272
1911	317
1912	98
1913	245
1914	59
1915	57
1916	99
1917	133
1918	152
1919	85
1920	162
1921	262
1922	82
1923	61
1924	85
1925	86
1926	87
1927	72
1928	39
1929	263
1930	385
1931	135
1932	101
1933	127
1934	71
1935	113
1936	199
1937	361
1938	398
1939	651
1940	485
1941	217
1942	103
1943	129
1944	205
1945	220
1946	322
1947	322
1948	319
1949	203
1950	255
1951	225
1952	181
1953	76
1954	399
1955	346
1956	191
1957	538
1958	200
1959	76
1960	269
1961	178
1962	238
1963	123
1964	130
1965	105
1966	128
1967	84
1968	116
1969	76
1970	280
1971	214
1972	158
1973	289
1974	100
1975	136
1976	313
1977	272
1978	321
1979	290
1980	514
1981	703
1982	479
1983	326
1984	450
1985	610
1986	413
1987	343
1988	857
1989	592
1990	238
1991	536
1992	607
1993	272
1994	531
1995	430
1996	576
1997	637
1998	876
1999	959
2000	634
2001	283
2002	359
2003	390
2004	563
2005	600
2006	858
2007	788
2008	693
2009	329
2010	381
2011	872
2012	635
2013	681
2014	345
2015	752
2016	840
2017	716
2018	976
2019	599
2020	234
2021	760
2022	1298
2023	907
2024	470
2025	292
2026	704
2027	804
2028	1086
2029	866
2030	1198
2031	1188
2032	1136
2033	1306
2034	1432
2035	1163
2036	930
2037	990
2038	1112
2039	1495
2040	1647
2041	1149
2042	1439
2043	1530
2044	1530
2045	2501
2046	2323
2047	2659
