Instrument: Andor
X Size: 2048
Y Size: 64
Total Flux: 0.000
Total Counts: 1322406
Background: 335.000000
Curvature: 0.0
Clipped to ROI: No
ROI: 1309 526 2539 1627
X	Counts
0	288
1	344
2	440
3	362
4	526
5	347
6	300
7	370
8	396
9	268
10	537
11	718
12	459
13	345
14	420
15	467
16	209
17	173
18	545
19	929
20	763
21	599
22	508
23	786
24	1234
25	940
26	1171
27	853
28	1169
29	1193
30	1210
31	979
32	1412
33	1674
34	1814
35	1310
36	1134
37	1524
38	1303
39	1324
40	1418
41	1807
42	1973
43	1672
44	1176
45	671
46	1136
47	1958
48	1975
49	2007
50	2431
51	2207
52	3362
53	3330
54	2792
55	2933
56	3177
57	3804
58	4258
59	4087
60	4429
61	3948
62	3998
63	3949
64	4434
65	3555
66	4182
67	5122
68	4882
69	5267
70	5545
71	4668
72	4300
73	4622
74	4528
75	4509
76	3668
77	3307
78	2862
79	2752
80	2586
81	2783
82	2545
83	1909
84	1418
85	1529
86	1484
87	1250
88	1460
89	1680
90	1041
91	945
92	987
93	917
94	878
95	854
96	648
97	515
98	565
99	647
100	422
101	499
102	843
103	877
104	541
105	630
106	411
107	377
108	483
109	487
110	285
111	456
112	231
113	187
114	345
115	306
116	191
117	125
118	214
119	505
120	348
121	402
122	342
123	328
124	421
125	424
126	251
127	107
128	140
129	101
130	72
131	41
132	128
133	198
134	91
135	84
136	145
137	193
138	104
139	95
140	56
141	50
142	118
143	107
144	126
145	132
146	119
147	149
148	154
149	130
150	113
151	72
152	52
153	173
154	55
155	155
156	97
157	140
158	164
159	125
160	153
161	228
162	110
163	184
164	210
165	98
166	38
167	84
168	63
169	84
170	140
171	108
172	109
173	66
174	88
175	52
176	88
177	50
178	45
179	88
180	49
181	76
182	21
183	57
184	82
185	47
186	90
187	123
188	136
189	206
190	99
191	104
192	96
193	35
194	78
195	73
196	117
197	64
198	40
199	104
200	166
201	89
202	106
203	67
204	87
205	104
206	67
207	99
208	98
209	82
210	70
211	56
212	122
213	32
214	151
215	56
216	85
217	100
218	154
219	72
220	105
221	79
222	83
223	101
224	110
225	55
226	54
227	54
228	101
229	141
230	113
231	67
232	152
233	80
234	98
235	64
236	48
237	36
238	103
239	46
240	78
241	116
242	100
243	72
244	98
245	119
246	42
247	74
248	66
249	72
250	157
251	77
252	85
253	99
254	64
255	81
256	84
257	75
258	82
259	50
260	70
261	55
262	55
263	74
264	44
265	75
266	122
267	46
268	103
269	60
270	22
271	76
272	85
273	89
274	26
275	83
276	20
277	67
278	64
279	59
280	93
281	87
282	46
283	41
284	73
285	58
286	45
287	112
288	135
289	82
290	91
291	61
292	37
293	59
294	47
295	91
296	187
297	89
298	133
299	151
300	31
301	146
302	105
303	80
304	70
305	67
306	81
307	79
308	80
309	60
310	91
311	88
312	83
313	86
314	39
315	96
316	71
317	37
318	96
319	81
320	24
321	16
322	56
323	51
324	70
325	67
326	124
327	189
328	75
329	83
330	59
331	65
332	86
333	103
334	38
335	54
336	57
337	62
338	45
339	103
340	12
341	71
342	60
343	63
344	70
345	101
346	91
347	137
348	77
349	95
350	54
351	80
352	29
353	37
354	68
355	37
356	29
357	38
358	29
359	41
360	19
361	76
362	61
363	96
364	20
365	80
366	36
367	71
368	43
369	20
370	57
371	46
372	55
373	55
374	86
375	134
376	55
377	125
378	141
379	50
380	140
381	95
382	60
383	38
384	32
385	79
386	74
387	54
388	26
389	37
390	114
391	87
392	54
393	49
394	50
395	23
396	84
397	180
398	142
399	34
400	45
401	24
402	58
403	25
404	39
405	50
406	70
407	8
408	32
409	123
410	74
411	29
412	58
413	35
414	15
415	89
416	102
417	158
418	238
419	161
420	48
421	38
422	19
423	86
424	51
425	30
426	76
427	76
428	42
429	65
430	37
431	104
432	65
433	20
434	35
435	43
436	18
437	35
438	20
439	35
440	3
441	40
442	58
443	44
444	55
445	72
446	53
447	24
448	30
449	55
450	46
451	71
452	50
453	47
454	16
455	52
456	75
457	21
458	9
459	30
460	41
461	38
462	28
463	43
464	48
465	7
466	41
467	15
468	42
469	60
470	45
471	21
472	43
473	90
474	64
475	33
476	59
477	110
478	48
479	16
480	11
481	23
482	24
483	49
484	29
485	9
486	70
487	27
488	34
489	41
490	50
491	46
492	42
493	12
494	69
495	27
496	39
497	65
498	71
499	36
500	21
501	33
502	83
503	21
504	48
505	26
506	87
507	27
508	16
509	52
510	38
511	18
512	20
513	43
514	21
515	14
516	43
517	49
518	34
519	15
520	47
521	33
522	17
523	50
524	24
525	64
526	70
527	43
528	28
529	52
530	9
531	49
532	37
533	41
534	29
535	32
536	140
537	153
538	60
539	41
540	59
541	79
542	56
543	33
544	93
545	162
546	55
547	74
548	36
549	79
550	87
551	98
552	65
553	58
554	40
555	77
556	54
557	89
558	156
559	164
560	249
561	146
562	47
563	54
564	74
565	29
566	58
567	28
568	40
569	29
570	20
571	72
572	17
573	10
574	33
575	20
576	53
577	70
578	64
579	51
580	67
581	44
582	37
583	43
584	25
585	49
586	75
587	62
588	43
589	49
590	34
591	105
592	17
593	45
594	47
595	51
596	106
597	134
598	64
599	44
600	45
601	103
602	45
603	68
604	72
605	49
606	82
607	59
608	70
609	109
610	56
611	117
612	33
613	43
614	106
615	49
616	42
617	58
618	31
619	84
620	65
621	92
622	108
623	67
624	23
625	58
626	49
627	48
628	39
629	90
630	163
631	101
632	60
633	75
634	21
635	38
636	78
637	33
638	133
639	91
640	62
641	168
642	53
643	65
644	44
645	78
646	196
647	41
648	116
649	160
650	53
651	96
652	65
653	155
654	96
655	57
656	41
657	34
658	65
659	171
660	112
661	54
662	45
663	6
664	11
665	64
666	109
667	72
668	64
669	48
670	54
671	44
672	137
673	58
674	34
675	21
676	43
677	95
678	203
679	63
680	76
681	20
682	75
683	44
684	101
685	88
686	56
687	64
688	80
689	27
690	109
691	83
692	88
693	129
694	61
695	69
696	199
697	70
698	117
699	60
700	23
701	45
702	87
703	74
704	48
705	101
706	52
707	84
708	21
709	78
710	34
711	55
712	103
713	64
714	83
715	44
716	97
717	47
718	60
719	68
720	130
721	86
722	74
723	64
724	110
725	100
726	49
727	39
728	108
729	56
730	98
731	122
732	81
733	183
734	46
735	137
736	65
737	171
738	107
739	42
740	59
741	77
742	80
743	183
744	108
745	125
746	101
747	69
748	54
749	63
750	86
751	97
752	52
753	80
754	106
755	69
756	57
757	91
758	85
759	66
760	127
761	88
762	212
763	81
764	163
765	112
766	69
767	61
768	20
769	103
770	93
771	66
772	100
773	101
774	118
775	108
776	138
777	113
778	143
779	171
780	117
781	161
782	180
783	102
784	61
785	87
786	73
787	36
788	82
789	138
790	101
791	146
792	161
793	65
794	54
795	82
796	133
797	131
798	99
799	176
800	103
801	95
802	124
803	81
804	143
805	32
806	130
807	91
808	109
809	128
810	113
811	79
812	111
813	143
814	169
815	101
816	175
817	209
818	83
819	207
820	55
821	120
822	146
823	94
824	121
825	99
826	138
827	145
828	193
829	163
830	180
831	287
832	129
833	156
834	127
835	118
836	214
837	168
838	144
839	126
840	59
841	76
842	66
843	135
844	183
845	95
846	66
847	78
848	66
849	152
850	126
851	57
852	101
853	90
854	97
855	36
856	99
857	102
858	81
859	70
860	39
861	96
862	99
863	70
864	98
865	85
866	97
867	129
868	81
869	208
870	402
871	307
872	123
873	78
874	231
875	147
876	81
877	64
878	74
879	84
880	113
881	184
882	115
883	77
884	144
885	91
886	234
887	272
888	128
889	72
890	106
891	67
892	85
893	111
894	135
895	103
896	132
897	131
898	69
899	76
900	103
901	115
902	51
903	94
904	104
905	191
906	78
907	265
908	199
909	48
910	152
911	234
912	298
913	422
914	190
915	240
916	111
917	307
918	285
919	246
920	342
921	352
922	240
923	520
924	260
925	170
926	180
927	225
928	103
929	158
930	230
931	288
932	174
933	244
934	330
935	353
936	354
937	258
938	78
939	133
940	103
941	74
942	112
943	130
944	161
945	78
946	122
947	186
948	160
949	174
950	136
951	103
952	131
953	74
954	86
955	267
956	165
957	72
958	126
959	111
960	110
961	90
962	123
963	108
964	88
965	116
966	208
967	180
968	119
969	118
970	229
971	177
972	162
973	120
974	137
975	397
976	290
977	93
978	146
979	130
980	125
981	134
982	174
983	203
984	165
985	165
986	125
987	265
988	159
989	167
990	157
991	336
992	371
993	242
994	191
995	318
996	185
997	241
998	237
999	439
1000	268
1001	318
1002	104
1003	167
1004	201
1005	198
1006	395
1007	146
1008	233
1009	547
1010	310
1011	405
1012	504
1013	584
1014	244
1015	131
1016	473
1017	606
1018	563
1019	468
1020	443
1021	552
1022	670
1023	647
1024	801
1025	936
1026	565
1027	655
1028	600
1029	711
1030	732
1031	1055
1032	1591
1033	932
1034	622
1035	892
1036	1243
1037	1602
1038	644
1039	1451
1040	1411
1041	2029
1042	2014
1043	1695
1044	2274
1045	2057
1046	2049
1047	2944
1048	3104
1049	3211
1050	3124
1051	3245
1052	3367
1053	3487
1054	3274
1055	4099
1056	4373
1057	4035
1058	3574
1059	3175
1060	2369
1061	2011
1062	2258
1063	2280
1064	2593
1065	2505
1066	2953
1067	2369
1068	2257
1069	2209
1070	1905
1071	1778
1072	956
1073	1124
1074	1509
1075	1168
1076	893
1077	816
1078	1060
1079	966
1080	828
1081	517
1082	409
1083	484
1084	331
1085	989
1086	930
1087	310
1088	574
1089	555
1090	199
1091	519
1092	258
1093	264
1094	160
1095	96
1096	193
1097	509
1098	135
1099	152
1100	142
1101	149
1102	106
1103	98
1104	173
1105	126
1106	157
1107	197
1108	203
1109	307
1110	118
1111	184
1112	188
1113	101
1114	114
1115	119
1116	287
1117	400
1118	526
1119	216
1120	176
1121	123
1122	120
1123	126
1124	110
1125	199
1126	122
1127	97
1128	42
1129	76
1130	171
1131	238
1132	147
1133	445
1134	158
1135	134
1136	210
1137	455
1138	141
1139	84
1140	116
1141	103
1142	250
1143	190
1144	188
1145	176
1146	289
1147	442
1148	383
1149	145
1150	61
1151	112
1152	130
1153	91
1154	392
1155	251
1156	112
1157	135
1158	159
1159	95
1160	118
1161	105
1162	160
1163	156
1164	178
1165	71
1166	134
1167	114
1168	44
1169	207
1170	76
1171	87
1172	135
1173	241
1174	274
1175	172
1176	201
1177	271
1178	126
1179	227
1180	291
1181	327
1182	306
1183	444
1184	407
1185	245
1186	180
1187	215
1188	111
1189	160
1190	247
1191	168
1192	276
1193	322
1194	266
1195	302
1196	433
1197	315
1198	141
1199	515
1200	568
1201	871
1202	684
1203	214
1204	249
1205	193
1206	249
1207	640
1208	282
1209	134
1210	334
1211	472
1212	155
1213	113
1214	144
1215	77
1216	75
1217	109
1218	348
1219	153
1220	141
1221	145
1222	126
1223	294
1224	497
1225	316
1226	324
1227	319
1228	181
1229	144
1230	96
1231	159
1232	95
1233	200
1234	94
1235	100
1236	90
1237	72
1238	81
1239	177
1240	193
1241	493
1242	464
1243	250
1244	91
1245	232
1246	151
1247	367
1248	585
1249	278
1250	156
1251	123
1252	88
1253	229
1254	149
1255	132
1256	76
1257	154
1258	83
1259	161
1260	121
1261	269
1262	194
1263	300
1264	118
1265	247
1266	215
1267	208
1268	142
1269	102
1270	170
1271	46
1272	249
1273	185
1274	109
1275	194
1276	458
1277	138
1278	68
1279	81
1280	93
1281	178
1282	193
1283	264
1284	164
1285	413
1286	140
1287	102
1288	122
1289	80
1290	152
1291	240
1292	105
1293	133
1294	121
1295	129
1296	249
1297	333
1298	44
1299	55
1300	58
1301	109
1302	91
1303	152
1304	115
1305	109
1306	81
1307	95
1308	150
1309	266
1310	116
1311	105
1312	29
1313	47
1314	91
1315	71
1316	211
1317	452
1318	203
1319	110
1320	89
1321	319
1322	533
1323	112
1324	228
1325	356
1326	413
1327	185
1328	63
1329	114
1330	191
1331	154
1332	196
1333	127
1334	238
1335	210
1336	85
1337	127
1338	312
1339	228
1340	134
1341	157
1342	171
1343	84
1344	86
1345	144
1346	76
1347	88
1348	96
1349	100
1350	84
1351	86
1352	23
1353	92
1354	143
1355	71
1356	85
1357	218
1358	226
1359	193
1360	486
1361	666
1362	220
1363	388
1364	112
1365	69
1366	215
1367	353
1368	377
1369	284
1370	154
1371	247
1372	134
1373	131
1374	161
1375	202
1376	140
1377	52
1378	71
1379	87
1380	172
1381	476
1382	370
1383	101
1384	122
1385	88
1386	170
1387	187
1388	127
1389	34
1390	72
1391	159
1392	155
1393	128
1394	466
1395	229
1396	60
1397	93
1398	169
1399	147
1400	103
1401	104
1402	85
1403	162
1404	298
1405	131
1406	109
1407	400
1408	257
1409	163
1410	129
1411	233
1412	226
1413	167
1414	559
1415	428
1416	77
1417	76
1418	65
1419	197
1420	155
1421	62
1422	102
1423	55
1424	49
1425	71
1426	148
1427	27
1428	58
1429	199
1430	232
1431	86
1432	214
1433	112
1434	190
1435	200
1436	360
1437	267
1438	430
1439	280
1440	440
1441	239
1442	76
1443	239
1444	578
1445	502
1446	1003
1447	254
1448	90
1449	107
1450	262
1451	280
1452	484
1453	350
1454	245
1455	719
1456	302
1457	467
1458	560
1459	182
1460	139
1461	530
1462	478
1463	89
1464	273
1465	615
1466	280
1467	219
1468	251
1469	718
1470	647
1471	686
1472	331
1473	140
1474	473
1475	569
1476	742
1477	1046
1478	573
1479	304
1480	666
1481	522
1482	602
1483	727
1484	647
1485	509
1486	195
1487	1202
1488	909
1489	843
1490	789
1491	747
1492	1031
1493	1648
1494	1083
1495	644
1496	904
1497	765
1498	1572
1499	1792
1500	1898
1501	2237
1502	1404
1503	1465
1504	1987
1505	1984
1506	2088
1507	2310
1508	2268
1509	2542
1510	2926
1511	3456
1512	3399
1513	3539
1514	3510
1515	3390
1516	4786
1517	4647
1518	5553
1519	4773
1520	4384
1521	5769
1522	7905
1523	7855
1524	7624
1525	9521
1526	10791
1527	9274
1528	10207
1529	11536
1530	12836
1531	14324
1532	17984
1533	23111
1534	29077
1535	32317
1536	31778
1537	32185
1538	31382
1539	28746
1540	28200
1541	28084
1542	28236
1543	30941
1544	29567
1545	26122
1546	20679
1547	14502
1548	12897
1549	16574
1550	19023
1551	19362
1552	18118
1553	15915
1554	12136
1555	5991
1556	2822
1557	1855
1558	1553
1559	622
1560	708
1561	655
1562	512
1563	556
1564	771
1565	678
1566	910
1567	408
1568	263
1569	121
1570	271
1571	218
1572	438
1573	223
1574	205
1575	235
1576	638
1577	237
1578	228
1579	697
1580	352
1581	65
1582	113
1583	76
1584	43
1585	57
1586	117
1587	192
1588	175
1589	72
1590	111
1591	107
1592	113
1593	57
1594	110
1595	174
1596	138
1597	222
1598	183
1599	189
1600	97
1601	78
1602	85
1603	58
1604	137
1605	163
1606	154
1607	65
1608	81
1609	84
1610	167
1611	109
1612	154
1613	53
1614	121
1615	58
1616	49
1617	78
1618	156
1619	80
1620	43
1621	90
1622	85
1623	52
1624	52
1625	122
1626	82
1627	133
1628	170
1629	179
1630	135
1631	114
1632	167
1633	95
1634	123
1635	91
1636	159
1637	102
1638	181
1639	127
1640	161
1641	118
1642	150
1643	153
1644	247
1645	181
1646	80
1647	128
1648	103
1649	88
1650	93
1651	106
1652	52
1653	126
1654	98
1655	217
1656	133
1657	174
1658	134
1659	96
1660	58
1661	114
1662	102
1663	99
1664	139
1665	136
1666	31
1667	85
1668	159
1669	87
1670	108
1671	97
1672	91
1673	75
1674	78
1675	95
1676	133
1677	126
1678	128
1679	137
1680	123
1681	106
1682	64
1683	97
1684	64
1685	128
1686	104
1687	62
1688	39
1689	87
1690	116
1691	164
1692	79
1693	87
1694	49
1695	107
1696	117
1697	117
1698	182
1699	151
1700	161
1701	129
1702	132
1703	113
1704	168
1705	145
1706	122
1707	120
1708	120
1709	46
1710	86
1711	123
1712	109
1713	82
1714	146
1715	59
1716	131
1717	197
1718	119
1719	47
1720	53
1721	127
1722	143
1723	86
1724	31
1725	147
1726	93
1727	97
1728	59
1729	119
1730	92
1731	65
1732	120
1733	110
1734	134
1735	101
1736	83
1737	121
1738	125
1739	123
1740	137
1741	124
1742	140
1743	149
1744	97
1745	159
1746	184
1747	167
1748	150
1749	113
1750	98
1751	91
1752	103
1753	98
1754	207
1755	132
1756	92
1757	170
1758	104
1759	149
1760	199
1761	120
1762	155
1763	126
1764	102
1765	89
1766	114
1767	129
1768	126
1769	66
1770	73
1771	92
1772	102
1773	89
1774	84
1775	96
1776	158
1777	145
1778	79
1779	105
1780	134
1781	69
1782	102
1783	124
1784	164
1785	147
1786	80
1787	97
1788	203
1789	141
1790	160
1791	121
1792	132
1793	267
1794	165
1795	166
1796	112
1797	54
1798	141
1799	81
1800	143
1801	159
1802	158
1803	58
1804	102
1805	181
1806	106
1807	110
1808	106
1809	108
1810	136
1811	124
1812	187
1813	44
1814	135
1815	210
1816	164
1817	147
1818	56
1819	104
1820	122
1821	142
1822	146
1823	85
1824	209
1825	150
1826	142
1827	80
1828	132
1829	187
1830	112
1831	76
1832	128
1833	157
1834	132
1835	83
1836	138
1837	130
1838	118
1839	92
1840	113
1841	73
1842	143
1843	183
1844	153
1845	198
1846	92
1847	114
1848	160
1849	144
1850	88
1851	169
1852	142
1853	134
1854	142
1855	105
1856	189
1857	163
1858	169
1859	174
1860	162
1861	182
1862	195
1863	213
1864	158
1865	191
1866	125
1867	174
1868	145
1869	206
1870	195
1871	97
1872	151
1873	204
1874	148
1875	196
1876	201
1877	148
1878	194
1879	241
1880	144
1881	134
1882	91
1883	194
1884	169
1885	219
1886	147
1887	129
1888	188
1889	118
1890	170
1891	149
1892	211
1893	221
1894	198
1895	256
1896	157
1897	242
1898	175
1899	233
1900	126
1901	180
1902	216
1903	208
1904	177
1905	140
1906	264
1907	186
1908	150
1909	215
1910	133
1911	202
1912	109
1913	221
1914	123
1915	208
1916	188
1917	171
1918	172
1919	174
1920	155
1921	134
1922	149
1923	179
1924	135
1925	213
1926	213
1927	180
1928	186
1929	221
1930	180
1931	219
1932	282
1933	173
1934	124
1935	176
1936	188
1937	206
1938	238
1939	294
1940	399
1941	224
1942	178
1943	304
1944	191
1945	223
1946	152
1947	197
1948	179
1949	252
1950	255
1951	256
1952	271
1953	253
1954	182
1955	160
1956	175
1957	177
1958	206
1959	278
1960	281
1961	168
1962	115
1963	174
1964	139
1965	191
1966	249
1967	130
1968	322
1969	158
1970	224
1971	256
1972	225
1973	229
1974	313
1975	297
1976	228
1977	300
1978	226
1979	232
1980	196
1981	235
1982	165
1983	271
1984	255
1985	235
1986	274
1987	235
1988	219
1989	182
1990	174
1991	250
1992	188
1993	253
1994	206
1995	202
1996	300
1997	215
1998	129
1999	182
2000	188
2001	188
2002	192
2003	189
2004	287
2005	260
2006	365
2007	177
2008	205
2009	211
2010	188
2011	186
2012	313
2013	189
2014	216
2015	278
2016	218
2017	203
2018	267
2019	196
2020	267
2021	267
2022	290
2023	310
2024	171
2025	252
2026	219
2027	227
2028	211
2029	337
2030	282
2031	182
2032	200
2033	212
2034	140
2035	129
2036	200
2037	157
2038	96
2039	98
2040	132
2041	137
2042	141
2043	245
2044	201
2045	225
2046	189
2047	168
