Instrument: Andor
X Size: 2048
Y Size: 64
Total Flux: 0.000
Total Counts: 2159666
Background: 335.000000
Curvature: 0.0
Clipped to ROI: No
ROI: 1309 526 2539 1627
X	Counts
0	77
1	71
2	135
3	154
4	75
5	170
6	362
7	185
8	123
9	299
10	157
11	175
12	80
13	97
14	150
15	76
16	197
17	222
18	442
19	735
20	417
21	210
22	534
23	335
24	616
25	264
26	533
27	709
28	746
29	564
30	960
31	751
32	617
33	822
34	977
35	1044
36	1461
37	1261
38	891
39	1031
40	1642
41	1189
42	1274
43	1045
44	1081
45	1103
46	1239
47	1371
48	1053
49	1409
50	1851
51	1146
52	1184
53	1193
54	1217
55	1585
56	1815
57	1836
58	1960
59	2345
60	2368
61	2237
62	2769
63	2437
64	2746
65	2384
66	2619
67	3132
68	3758
69	3274
70	3184
71	3131
72	3484
73	3362
74	3972
75	2995
76	2158
77	2363
78	2693
79	2581
80	2601
81	2240
82	1747
83	1667
84	1467
85	1541
86	1480
87	1327
88	800
89	848
90	749
91	661
92	552
93	1076
94	1006
95	536
96	309
97	394
98	629
99	774
100	734
101	373
102	386
103	443
104	590
105	425
106	614
107	479
108	388
109	230
110	203
111	547
112	742
113	772
114	679
115	494
116	237
117	407
118	138
119	431
120	344
121	39
122	94
123	190
124	299
125	130
126	104
127	59
128	56
129	122
130	96
131	45
132	130
133	237
134	86
135	77
136	96
137	100
138	116
139	181
140	269
141	66
142	71
143	57
144	83
145	222
146	257
147	156
148	185
149	210
150	89
151	84
152	63
153	129
154	121
155	123
156	51
157	68
158	125
159	88
160	91
161	60
162	55
163	172
164	91
165	87
166	37
167	92
168	52
169	61
170	186
171	52
172	45
173	79
174	96
175	81
176	80
177	42
178	38
179	59
180	76
181	69
182	38
183	46
184	61
185	92
186	101
187	62
188	129
189	110
190	37
191	91
192	67
193	83
194	78
195	107
196	79
197	72
198	37
199	64
200	52
201	77
202	68
203	76
204	44
205	68
206	42
207	163
208	80
209	111
210	157
211	55
212	17
213	35
214	77
215	82
216	62
217	47
218	70
219	82
220	96
221	134
222	98
223	80
224	132
225	41
226	26
227	81
228	51
229	119
230	81
231	87
232	92
233	83
234	85
235	57
236	47
237	69
238	45
239	49
240	55
241	80
242	33
243	45
244	104
245	49
246	33
247	38
248	61
249	72
250	36
251	60
252	81
253	67
254	22
255	45
256	49
257	26
258	54
259	38
260	41
261	107
262	76
263	127
264	146
265	94
266	53
267	42
268	100
269	53
270	36
271	87
272	93
273	54
274	35
275	78
276	37
277	66
278	55
279	84
280	63
281	30
282	39
283	35
284	40
285	62
286	42
287	34
288	39
289	26
290	34
291	60
292	19
293	66
294	35
295	101
296	66
297	66
298	76
299	61
300	52
301	278
302	254
303	127
304	97
305	134
306	87
307	73
308	63
309	38
310	93
311	44
312	98
313	25
314	31
315	33
316	43
317	62
318	69
319	75
320	25
321	49
322	89
323	71
324	102
325	27
326	36
327	48
328	34
329	34
330	156
331	58
332	49
333	56
334	17
335	59
336	68
337	26
338	59
339	140
340	68
341	41
342	56
343	53
344	16
345	87
346	77
347	32
348	36
349	82
350	35
351	48
352	29
353	49
354	71
355	41
356	62
357	42
358	45
359	61
360	41
361	21
362	60
363	76
364	7
365	41
366	87
367	131
368	59
369	37
370	96
371	65
372	65
373	51
374	89
375	40
376	57
377	38
378	89
379	352
380	1110
381	714
382	147
383	51
384	22
385	65
386	38
387	39
388	29
389	36
390	71
391	43
392	74
393	88
394	81
395	103
396	224
397	69
398	82
399	117
400	358
401	54
402	27
403	28
404	56
405	54
406	95
407	16
408	21
409	70
410	53
411	38
412	71
413	32
414	56
415	40
416	62
417	50
418	33
419	159
420	110
421	132
422	44
423	15
424	61
425	37
426	43
427	122
428	76
429	36
430	55
431	127
432	40
433	36
434	52
435	50
436	49
437	81
438	94
439	37
440	12
441	116
442	49
443	39
444	14
445	26
446	38
447	91
448	90
449	58
450	45
451	63
452	122
453	186
454	9
455	48
456	35
457	37
458	57
459	16
460	59
461	65
462	82
463	64
464	65
465	52
466	86
467	30
468	44
469	160
470	54
471	12
472	49
473	53
474	4
475	28
476	35
477	49
478	25
479	78
480	54
481	19
482	65
483	47
484	0
485	42
486	39
487	58
488	83
489	36
490	11
491	44
492	34
493	37
494	28
495	83
496	43
497	32
498	35
499	15
500	37
501	59
502	82
503	36
504	59
505	46
506	227
507	108
508	82
509	20
510	47
511	54
512	24
513	24
514	4
515	9
516	39
517	91
518	39
519	54
520	81
521	72
522	97
523	90
524	55
525	154
526	149
527	107
528	54
529	40
530	24
531	39
532	27
533	28
534	76
535	26
536	32
537	49
538	62
539	76
540	53
541	103
542	10
543	16
544	10
545	14
546	26
547	37
548	86
549	72
550	26
551	28
552	49
553	51
554	23
555	78
556	38
557	33
558	14
559	29
560	34
561	93
562	23
563	57
564	25
565	26
566	57
567	36
568	30
569	52
570	120
571	143
572	137
573	57
574	35
575	27
576	97
577	71
578	61
579	96
580	25
581	41
582	37
583	203
584	64
585	121
586	355
587	292
588	78
589	27
590	50
591	70
592	30
593	27
594	26
595	52
596	28
597	52
598	198
599	311
600	75
601	168
602	63
603	44
604	31
605	68
606	24
607	82
608	70
609	51
610	38
611	104
612	188
613	642
614	325
615	35
616	54
617	64
618	68
619	37
620	63
621	77
622	93
623	164
624	68
625	38
626	51
627	60
628	159
629	190
630	68
631	78
632	54
633	35
634	20
635	26
636	62
637	32
638	94
639	71
640	84
641	40
642	39
643	60
644	69
645	64
646	231
647	137
648	49
649	48
650	50
651	69
652	23
653	96
654	48
655	39
656	74
657	43
658	51
659	109
660	38
661	53
662	68
663	35
664	33
665	31
666	66
667	43
668	91
669	34
670	61
671	23
672	73
673	115
674	61
675	45
676	85
677	191
678	117
679	89
680	242
681	114
682	139
683	159
684	448
685	391
686	128
687	83
688	53
689	107
690	169
691	50
692	91
693	71
694	36
695	92
696	197
697	217
698	52
699	44
700	44
701	160
702	344
703	400
704	109
705	103
706	59
707	48
708	76
709	158
710	175
711	175
712	321
713	128
714	84
715	112
716	54
717	70
718	77
719	82
720	129
721	68
722	118
723	114
724	70
725	53
726	38
727	44
728	38
729	69
730	74
731	62
732	127
733	63
734	76
735	76
736	105
737	158
738	168
739	23
740	50
741	82
742	68
743	68
744	78
745	49
746	79
747	216
748	294
749	58
750	75
751	117
752	49
753	59
754	258
755	106
756	61
757	205
758	189
759	37
760	111
761	61
762	89
763	40
764	115
765	94
766	124
767	150
768	96
769	55
770	95
771	94
772	83
773	86
774	44
775	91
776	82
777	38
778	72
779	77
780	109
781	85
782	57
783	129
784	80
785	144
786	106
787	85
788	87
789	166
790	154
791	93
792	108
793	33
794	59
795	67
796	112
797	91
798	248
799	545
800	234
801	121
802	202
803	165
804	131
805	61
806	120
807	149
808	126
809	141
810	124
811	108
812	98
813	92
814	184
815	89
816	70
817	129
818	133
819	76
820	94
821	64
822	82
823	185
824	50
825	70
826	121
827	104
828	207
829	82
830	96
831	125
832	58
833	106
834	109
835	85
836	107
837	132
838	136
839	135
840	182
841	96
842	116
843	119
844	162
845	99
846	53
847	53
848	68
849	142
850	201
851	119
852	161
853	84
854	105
855	144
856	88
857	88
858	89
859	167
860	269
861	206
862	97
863	108
864	54
865	109
866	277
867	420
868	74
869	89
870	87
871	224
872	115
873	350
874	158
875	130
876	134
877	78
878	153
879	76
880	235
881	334
882	65
883	85
884	30
885	72
886	102
887	87
888	122
889	113
890	116
891	86
892	67
893	104
894	296
895	508
896	301
897	159
898	152
899	175
900	154
901	48
902	93
903	125
904	138
905	130
906	103
907	99
908	115
909	96
910	140
911	86
912	108
913	140
914	164
915	162
916	168
917	234
918	163
919	304
920	265
921	95
922	59
923	163
924	106
925	91
926	84
927	258
928	540
929	258
930	121
931	428
932	278
933	298
934	241
935	209
936	302
937	180
938	154
939	474
940	533
941	388
942	103
943	200
944	297
945	115
946	230
947	128
948	452
949	235
950	182
951	385
952	127
953	92
954	179
955	213
956	78
957	67
958	279
959	397
960	290
961	283
962	274
963	244
964	363
965	173
966	372
967	510
968	306
969	138
970	280
971	371
972	477
973	156
974	112
975	342
976	560
977	144
978	166
979	236
980	261
981	338
982	294
983	252
984	116
985	239
986	141
987	498
988	549
989	430
990	206
991	223
992	167
993	115
994	110
995	307
996	607
997	285
998	134
999	79
1000	234
1001	245
1002	511
1003	443
1004	538
1005	223
1006	262
1007	695
1008	641
1009	378
1010	273
1011	257
1012	427
1013	519
1014	389
1015	1009
1016	713
1017	249
1018	468
1019	580
1020	1133
1021	640
1022	689
1023	802
1024	1144
1025	1016
1026	1272
1027	1700
1028	1582
1029	1220
1030	997
1031	948
1032	1353
1033	2144
1034	2875
1035	2669
1036	2078
1037	3153
1038	3631
1039	4075
1040	3484
1041	3682
1042	4318
1043	5276
1044	5343
1045	5346
1046	4992
1047	5123
1048	4952
1049	5091
1050	6552
1051	6141
1052	5799
1053	6256
1054	8453
1055	10332
1056	10290
1057	10152
1058	11125
1059	10694
1060	10920
1061	10619
1062	9528
1063	8013
1064	8163
1065	7020
1066	5652
1067	4925
1068	4901
1069	4996
1070	3578
1071	2588
1072	2326
1073	2074
1074	1688
1075	1585
1076	1004
1077	892
1078	917
1079	820
1080	852
1081	865
1082	700
1083	579
1084	821
1085	780
1086	628
1087	1249
1088	1006
1089	745
1090	564
1091	979
1092	438
1093	592
1094	459
1095	725
1096	496
1097	405
1098	450
1099	595
1100	655
1101	485
1102	408
1103	666
1104	692
1105	400
1106	135
1107	530
1108	619
1109	493
1110	270
1111	373
1112	251
1113	108
1114	133
1115	198
1116	357
1117	568
1118	238
1119	73
1120	146
1121	282
1122	520
1123	383
1124	459
1125	364
1126	520
1127	336
1128	446
1129	77
1130	205
1131	293
1132	161
1133	169
1134	153
1135	164
1136	91
1137	91
1138	117
1139	155
1140	139
1141	91
1142	102
1143	44
1144	82
1145	137
1146	58
1147	121
1148	122
1149	158
1150	186
1151	421
1152	239
1153	255
1154	198
1155	157
1156	111
1157	144
1158	92
1159	86
1160	170
1161	281
1162	64
1163	125
1164	225
1165	126
1166	110
1167	130
1168	77
1169	224
1170	204
1171	231
1172	475
1173	180
1174	331
1175	181
1176	166
1177	157
1178	113
1179	163
1180	233
1181	495
1182	433
1183	367
1184	166
1185	168
1186	112
1187	90
1188	94
1189	151
1190	369
1191	403
1192	332
1193	286
1194	207
1195	248
1196	179
1197	199
1198	497
1199	668
1200	330
1201	420
1202	77
1203	265
1204	632
1205	255
1206	67
1207	275
1208	690
1209	205
1210	163
1211	246
1212	557
1213	241
1214	141
1215	199
1216	323
1217	162
1218	271
1219	256
1220	595
1221	210
1222	125
1223	103
1224	235
1225	254
1226	290
1227	343
1228	647
1229	291
1230	72
1231	80
1232	87
1233	114
1234	80
1235	40
1236	42
1237	70
1238	136
1239	94
1240	86
1241	64
1242	554
1243	195
1244	75
1245	102
1246	60
1247	99
1248	97
1249	100
1250	231
1251	361
1252	151
1253	234
1254	219
1255	217
1256	622
1257	613
1258	149
1259	272
1260	584
1261	549
1262	320
1263	211
1264	141
1265	325
1266	475
1267	346
1268	261
1269	434
1270	101
1271	108
1272	124
1273	125
1274	99
1275	72
1276	141
1277	235
1278	196
1279	102
1280	49
1281	54
1282	88
1283	111
1284	102
1285	146
1286	78
1287	89
1288	62
1289	114
1290	255
1291	197
1292	110
1293	75
1294	222
1295	570
1296	155
1297	131
1298	120
1299	167
1300	144
1301	137
1302	57
1303	142
1304	58
1305	81
1306	303
1307	593
1308	339
1309	171
1310	226
1311	170
1312	84
1313	261
1314	668
1315	185
1316	52
1317	84
1318	223
1319	182
1320	207
1321	364
1322	240
1323	90
1324	95
1325	158
1326	296
1327	439
1328	115
1329	80
1330	127
1331	81
1332	467
1333	462
1334	261
1335	184
1336	344
1337	192
1338	168
1339	146
1340	140
1341	280
1342	96
1343	83
1344	147
1345	244
1346	498
1347	239
1348	177
1349	79
1350	184
1351	509
1352	607
1353	436
1354	112
1355	154
1356	68
1357	53
1358	108
1359	174
1360	139
1361	136
1362	111
1363	453
1364	276
1365	464
1366	351
1367	340
1368	801
1369	341
1370	17
1371	95
1372	412
1373	183
1374	127
1375	109
1376	49
1377	81
1378	489
1379	498
1380	189
1381	179
1382	50
1383	146
1384	144
1385	490
1386	525
1387	449
1388	369
1389	311
1390	225
1391	129
1392	304
1393	278
1394	477
1395	128
1396	495
1397	213
1398	163
1399	230
1400	167
1401	86
1402	102
1403	98
1404	98
1405	126
1406	233
1407	252
1408	189
1409	237
1410	91
1411	211
1412	658
1413	515
1414	231
1415	157
1416	465
1417	611
1418	481
1419	179
1420	195
1421	134
1422	533
1423	400
1424	424
1425	258
1426	320
1427	487
1428	542
1429	639
1430	128
1431	206
1432	653
1433	251
1434	193
1435	196
1436	392
1437	820
1438	703
1439	695
1440	942
1441	618
1442	472
1443	699
1444	412
1445	265
1446	800
1447	765
1448	388
1449	240
1450	385
1451	693
1452	935
1453	1291
1454	990
1455	954
1456	619
1457	750
1458	679
1459	604
1460	540
1461	197
1462	607
1463	704
1464	772
1465	1126
1466	761
1467	364
1468	744
1469	400
1470	143
1471	641
1472	929
1473	940
1474	1216
1475	732
1476	885
1477	1351
1478	1309
1479	1424
1480	1334
1481	1630
1482	1639
1483	1433
1484	1776
1485	2017
1486	1294
1487	925
1488	1101
1489	1444
1490	1894
1491	1185
1492	1376
1493	1872
1494	2580
1495	1766
1496	2219
1497	2829
1498	1731
1499	2594
1500	2773
1501	3116
1502	3134
1503	3785
1504	6082
1505	4590
1506	4168
1507	4887
1508	4924
1509	6168
1510	6444
1511	7334
1512	9019
1513	9113
1514	9545
1515	8768
1516	9800
1517	11047
1518	10760
1519	10051
1520	10775
1521	10239
1522	9458
1523	9914
1524	11051
1525	9867
1526	12043
1527	9966
1528	12102
1529	15649
1530	21223
1531	27132
1532	32341
1533	34984
1534	42387
1535	53806
1536	64034
1537	67585
1538	63820
1539	53898
1540	52885
1541	66410
1542	81492
1543	82942
1544	85788
1545	97612
1546	106242
1547	71324
1548	27305
1549	11334
1550	6549
1551	4298
1552	3782
1553	3223
1554	2131
1555	1593
1556	1148
1557	719
1558	475
1559	994
1560	890
1561	811
1562	1049
1563	980
1564	839
1565	914
1566	566
1567	469
1568	548
1569	646
1570	790
1571	359
1572	686
1573	546
1574	389
1575	158
1576	292
1577	347
1578	631
1579	760
1580	228
1581	194
1582	197
1583	173
1584	192
1585	103
1586	44
1587	119
1588	107
1589	117
1590	282
1591	283
1592	134
1593	102
1594	127
1595	333
1596	193
1597	107
1598	222
1599	313
1600	119
1601	89
1602	268
1603	105
1604	48
1605	59
1606	81
1607	54
1608	99
1609	72
1610	60
1611	74
1612	116
1613	86
1614	160
1615	128
1616	85
1617	176
1618	281
1619	89
1620	163
1621	442
1622	724
1623	158
1624	62
1625	147
1626	108
1627	158
1628	109
1629	85
1630	90
1631	55
1632	162
1633	145
1634	127
1635	143
1636	146
1637	134
1638	166
1639	72
1640	327
1641	145
1642	362
1643	892
1644	384
1645	174
1646	50
1647	135
1648	178
1649	128
1650	96
1651	99
1652	76
1653	90
1654	93
1655	120
1656	96
1657	361
1658	186
1659	99
1660	102
1661	77
1662	170
1663	187
1664	146
1665	114
1666	49
1667	90
1668	79
1669	59
1670	134
1671	157
1672	126
1673	71
1674	53
1675	91
1676	102
1677	183
1678	89
1679	69
1680	174
1681	228
1682	106
1683	95
1684	75
1685	155
1686	132
1687	113
1688	43
1689	107
1690	106
1691	151
1692	107
1693	83
1694	64
1695	112
1696	95
1697	142
1698	299
1699	44
1700	55
1701	107
1702	137
1703	147
1704	58
1705	164
1706	170
1707	246
1708	87
1709	59
1710	82
1711	190
1712	114
1713	114
1714	115
1715	89
1716	106
1717	134
1718	96
1719	77
1720	37
1721	130
1722	88
1723	127
1724	94
1725	152
1726	132
1727	115
1728	139
1729	207
1730	172
1731	100
1732	119
1733	114
1734	91
1735	47
1736	107
1737	86
1738	78
1739	82
1740	86
1741	154
1742	188
1743	111
1744	109
1745	102
1746	194
1747	175
1748	125
1749	125
1750	50
1751	119
1752	132
1753	90
1754	153
1755	238
1756	86
1757	157
1758	111
1759	101
1760	108
1761	137
1762	99
1763	89
1764	64
1765	75
1766	30
1767	92
1768	59
1769	84
1770	79
1771	179
1772	123
1773	49
1774	118
1775	121
1776	213
1777	221
1778	217
1779	205
1780	130
1781	119
1782	58
1783	83
1784	120
1785	69
1786	97
1787	139
1788	145
1789	115
1790	93
1791	105
1792	79
1793	65
1794	110
1795	103
1796	107
1797	94
1798	106
1799	58
1800	98
1801	101
1802	103
1803	81
1804	38
1805	167
1806	122
1807	104
1808	108
1809	87
1810	122
1811	86
1812	76
1813	55
1814	136
1815	147
1816	95
1817	157
1818	56
1819	141
1820	139
1821	92
1822	106
1823	74
1824	111
1825	152
1826	109
1827	101
1828	96
1829	88
1830	133
1831	63
1832	93
1833	166
1834	133
1835	98
1836	126
1837	104
1838	101
1839	148
1840	163
1841	107
1842	84
1843	101
1844	68
1845	109
1846	72
1847	89
1848	124
1849	79
1850	92
1851	80
1852	146
1853	129
1854	171
1855	85
1856	179
1857	141
1858	243
1859	131
1860	125
1861	186
1862	217
1863	183
1864	139
1865	160
1866	134
1867	185
1868	129
1869	90
1870	163
1871	159
1872	165
1873	155
1874	188
1875	196
1876	154
1877	195
1878	92
1879	200
1880	136
1881	174
1882	134
1883	155
1884	121
1885	133
1886	265
1887	101
1888	177
1889	116
1890	169
1891	161
1892	304
1893	196
1894	156
1895	195
1896	229
1897	116
1898	249
1899	179
1900	200
1901	150
1902	219
1903	127
1904	224
1905	160
1906	189
1907	152
1908	113
1909	179
1910	188
1911	166
1912	53
1913	173
1914	115
1915	181
1916	151
1917	150
1918	181
1919	138
1920	192
1921	182
1922	125
1923	122
1924	139
1925	150
1926	114
1927	130
1928	189
1929	164
1930	191
1931	103
1932	233
1933	193
1934	166
1935	228
1936	240
1937	163
1938	297
1939	188
1940	216
1941	152
1942	190
1943	245
1944	150
1945	154
1946	132
1947	191
1948	151
1949	187
1950	191
1951	237
1952	141
1953	170
1954	176
1955	218
1956	109
1957	164
1958	129
1959	125
1960	181
1961	113
1962	137
1963	122
1964	149
1965	134
1966	252
1967	194
1968	203
1969	309
1970	230
1971	206
1972	198
1973	212
1974	216
1975	280
1976	216
1977	249
1978	136
1979	178
1980	183
1981	226
1982	207
1983	173
1984	262
1985	208
1986	176
1987	130
1988	134
1989	194
1990	114
1991	222
1992	201
1993	137
1994	170
1995	129
1996	268
1997	280
1998	147
1999	177
2000	85
2001	132
2002	215
2003	154
2004	243
2005	180
2006	333
2007	169
2008	255
2009	128
2010	258
2011	222
2012	186
2013	225
2014	174
2015	200
2016	278
2017	242
2018	209
2019	255
2020	207
2021	173
2022	276
2023	184
2024	165
2025	220
2026	166
2027	227
2028	207
2029	232
2030	168
2031	142
2032	86
2033	156
2034	105
2035	119
2036	117
2037	113
2038	147
2039	110
2040	109
2041	135
2042	112
2043	167
2044	189
2045	222
2046	211
2047	203
