Instrument: Andor
X Size: 2048
Y Size: 64
Total Flux: 0.000
Total Counts: 582157
Background: 336.000000
Curvature: 0.0
Clipped to ROI: No
ROI: 1309 526 2539 1627
X	Counts
0	314
1	293
2	194
3	306
4	133
5	129
6	272
7	555
8	734
9	609
10	384
11	603
12	515
13	367
14	415
15	493
16	238
17	438
18	641
19	730
20	972
21	796
22	1182
23	646
24	474
25	680
26	682
27	615
28	755
29	937
30	1253
31	1770
32	1853
33	2154
34	1947
35	2004
36	2546
37	2806
38	2127
39	2133
40	2306
41	2078
42	2275
43	1886
44	1675
45	1473
46	2068
47	2473
48	2013
49	2047
50	2225
51	2734
52	2371
53	3460
54	2817
55	2638
56	2752
57	4041
58	5062
59	4308
60	3631
61	4347
62	5404
63	5552
64	5190
65	5643
66	7009
67	7323
68	7740
69	8030
70	7581
71	7767
72	7442
73	6883
74	7568
75	7228
76	6612
77	6144
78	5927
79	5096
80	6198
81	5533
82	4220
83	3884
84	4069
85	3226
86	2922
87	2967
88	2878
89	2451
90	2122
91	2555
92	2289
93	1769
94	1386
95	1189
96	1041
97	1363
98	1655
99	1687
100	1403
101	1438
102	1465
103	1012
104	813
105	903
106	934
107	1289
108	1024
109	1135
110	1149
111	988
112	923
113	919
114	1074
115	872
116	471
117	288
118	536
119	486
120	622
121	661
122	397
123	568
124	295
125	275
126	229
127	417
128	250
129	137
130	146
131	79
132	246
133	292
134	117
135	162
136	278
137	259
138	416
139	194
140	90
141	148
142	224
143	159
144	293
145	105
146	222
147	174
148	119
149	120
150	195
151	128
152	96
153	182
154	221
155	232
156	172
157	130
158	199
159	220
160	248
161	117
162	96
163	143
164	90
165	140
166	76
167	137
168	166
169	101
170	152
171	195
172	80
173	105
174	135
175	133
176	87
177	95
178	76
179	109
180	31
181	107
182	115
183	148
184	85
185	68
186	83
187	106
188	78
189	149
190	84
191	105
192	70
193	65
194	79
195	97
196	63
197	61
198	73
199	95
200	64
201	113
202	82
203	104
204	91
205	88
206	48
207	164
208	133
209	77
210	46
211	117
212	80
213	60
214	106
215	58
216	19
217	23
218	46
219	81
220	76
221	77
222	125
223	75
224	117
225	72
226	70
227	77
228	70
229	86
230	108
231	72
232	110
233	110
234	110
235	117
236	89
237	43
238	61
239	91
240	69
241	143
242	54
243	91
244	95
245	52
246	69
247	58
248	55
249	45
250	42
251	71
252	105
253	19
254	84
255	50
256	59
257	39
258	25
259	20
260	80
261	104
262	56
263	122
264	74
265	51
266	103
267	119
268	99
269	70
270	43
271	106
272	64
273	67
274	81
275	46
276	43
277	60
278	87
279	68
280	77
281	47
282	69
283	87
284	42
285	67
286	82
287	60
288	55
289	93
290	131
291	46
292	71
293	107
294	93
295	73
296	79
297	111
298	119
299	118
300	35
301	112
302	155
303	80
304	132
305	74
306	86
307	89
308	57
309	55
310	79
311	46
312	75
313	85
314	43
315	94
316	44
317	49
318	89
319	132
320	93
321	62
322	65
323	42
324	589
325	284
326	110
327	126
328	92
329	37
330	62
331	71
332	49
333	41
334	27
335	38
336	94
337	61
338	63
339	128
340	38
341	68
342	57
343	76
344	39
345	37
346	59
347	85
348	66
349	58
350	76
351	74
352	28
353	44
354	32
355	48
356	58
357	165
358	68
359	42
360	38
361	87
362	18
363	74
364	13
365	52
366	23
367	55
368	80
369	60
370	39
371	58
372	112
373	116
374	87
375	77
376	73
377	67
378	69
379	55
380	52
381	70
382	77
383	73
384	53
385	64
386	80
387	52
388	67
389	56
390	10
391	28
392	31
393	44
394	78
395	131
396	89
397	42
398	66
399	29
400	44
401	15
402	45
403	31
404	39
405	24
406	59
407	41
408	54
409	77
410	168
411	174
412	27
413	57
414	32
415	14
416	54
417	60
418	55
419	66
420	56
421	71
422	41
423	29
424	34
425	12
426	60
427	126
428	62
429	15
430	55
431	36
432	39
433	25
434	45
435	49
436	29
437	38
438	69
439	35
440	25
441	40
442	32
443	56
444	48
445	91
446	27
447	230
448	87
449	38
450	39
451	84
452	42
453	72
454	36
455	53
456	40
457	62
458	35
459	24
460	42
461	46
462	4
463	38
464	66
465	65
466	38
467	42
468	89
469	102
470	17
471	20
472	17
473	19
474	11
475	50
476	58
477	73
478	42
479	60
480	38
481	53
482	168
483	141
484	67
485	36
486	26
487	66
488	27
489	42
490	104
491	369
492	255
493	76
494	16
495	15
496	45
497	87
498	61
499	19
500	62
501	41
502	76
503	17
504	75
505	51
506	74
507	29
508	56
509	32
510	13
511	7
512	40
513	24
514	13
515	24
516	33
517	41
518	25
519	36
520	52
521	27
522	59
523	80
524	44
525	72
526	143
527	75
528	16
529	17
530	13
531	26
532	40
533	70
534	55
535	32
536	85
537	43
538	42
539	26
540	32
541	84
542	18
543	77
544	34
545	20
546	29
547	35
548	42
549	91
550	69
551	117
552	38
553	48
554	17
555	61
556	29
557	64
558	33
559	55
560	16
561	117
562	51
563	42
564	44
565	44
566	26
567	158
568	103
569	22
570	38
571	53
572	61
573	28
574	23
575	42
576	55
577	42
578	21
579	40
580	29
581	51
582	29
583	129
584	20
585	75
586	32
587	46
588	37
589	45
590	72
591	72
592	52
593	66
594	43
595	64
596	41
597	51
598	34
599	92
600	70
601	59
602	27
603	96
604	154
605	112
606	71
607	41
608	99
609	66
610	42
611	73
612	29
613	47
614	71
615	25
616	63
617	41
618	61
619	73
620	102
621	79
622	64
623	54
624	75
625	79
626	64
627	82
628	55
629	96
630	34
631	62
632	45
633	68
634	65
635	53
636	74
637	50
638	59
639	49
640	102
641	58
642	44
643	34
644	39
645	54
646	72
647	102
648	62
649	68
650	31
651	132
652	76
653	58
654	33
655	163
656	102
657	45
658	93
659	71
660	58
661	32
662	32
663	14
664	60
665	78
666	73
667	59
668	89
669	22
670	93
671	41
672	46
673	54
674	56
675	3
676	62
677	69
678	83
679	65
680	129
681	44
682	149
683	45
684	115
685	123
686	96
687	115
688	62
689	57
690	120
691	81
692	72
693	127
694	33
695	118
696	175
697	64
698	82
699	43
700	50
701	94
702	48
703	46
704	94
705	97
706	54
707	134
708	125
709	58
710	237
711	70
712	65
713	76
714	54
715	82
716	95
717	47
718	81
719	94
720	205
721	91
722	83
723	75
724	151
725	102
726	48
727	78
728	150
729	217
730	67
731	40
732	97
733	72
734	102
735	93
736	71
737	102
738	87
739	166
740	82
741	69
742	120
743	152
744	70
745	67
746	73
747	84
748	96
749	84
750	74
751	114
752	108
753	51
754	118
755	60
756	81
757	163
758	64
759	131
760	170
761	93
762	73
763	50
764	130
765	113
766	135
767	46
768	102
769	103
770	175
771	56
772	81
773	130
774	70
775	122
776	94
777	71
778	79
779	37
780	85
781	58
782	55
783	110
784	100
785	52
786	88
787	76
788	96
789	143
790	118
791	168
792	149
793	277
794	397
795	323
796	124
797	147
798	149
799	95
800	127
801	110
802	148
803	97
804	170
805	86
806	104
807	99
808	67
809	120
810	73
811	140
812	177
813	161
814	100
815	105
816	94
817	84
818	46
819	108
820	66
821	74
822	45
823	157
824	97
825	72
826	229
827	113
828	68
829	74
830	59
831	98
832	91
833	186
834	95
835	127
836	110
837	149
838	124
839	104
840	76
841	120
842	89
843	138
844	144
845	104
846	115
847	126
848	82
849	137
850	107
851	101
852	122
853	95
854	95
855	97
856	146
857	155
858	114
859	82
860	124
861	87
862	131
863	45
864	93
865	89
866	40
867	135
868	60
869	93
870	143
871	146
872	64
873	181
874	81
875	112
876	64
877	52
878	157
879	93
880	172
881	244
882	159
883	72
884	96
885	40
886	102
887	103
888	169
889	153
890	107
891	111
892	80
893	77
894	172
895	76
896	138
897	94
898	53
899	78
900	103
901	101
902	75
903	102
904	81
905	126
906	104
907	121
908	79
909	93
910	139
911	116
912	77
913	87
914	100
915	148
916	71
917	129
918	71
919	118
920	104
921	129
922	219
923	274
924	120
925	100
926	117
927	130
928	91
929	127
930	139
931	192
932	133
933	91
934	134
935	89
936	119
937	109
938	92
939	128
940	107
941	96
942	138
943	133
944	199
945	135
946	130
947	166
948	124
949	90
950	82
951	117
952	205
953	90
954	110
955	118
956	107
957	92
958	189
959	120
960	112
961	127
962	72
963	134
964	92
965	112
966	129
967	115
968	113
969	104
970	160
971	153
972	113
973	150
974	82
975	116
976	100
977	85
978	150
979	120
980	197
981	111
982	174
983	159
984	131
985	150
986	174
987	105
988	90
989	180
990	100
991	266
992	90
993	174
994	195
995	202
996	148
997	280
998	147
999	130
1000	107
1001	136
1002	92
1003	139
1004	126
1005	144
1006	181
1007	123
1008	125
1009	134
1010	206
1011	289
1012	233
1013	127
1014	132
1015	128
1016	120
1017	145
1018	104
1019	134
1020	558
1021	484
1022	271
1023	148
1024	199
1025	117
1026	330
1027	208
1028	135
1029	87
1030	211
1031	141
1032	134
1033	239
1034	425
1035	475
1036	422
1037	183
1038	265
1039	872
1040	873
1041	603
1042	255
1043	135
1044	184
1045	296
1046	497
1047	226
1048	548
1049	666
1050	752
1051	723
1052	286
1053	649
1054	1044
1055	1067
1056	1766
1057	1351
1058	871
1059	951
1060	1010
1061	1030
1062	424
1063	315
1064	496
1065	435
1066	304
1067	166
1068	162
1069	225
1070	161
1071	227
1072	303
1073	725
1074	601
1075	577
1076	190
1077	343
1078	403
1079	590
1080	369
1081	682
1082	551
1083	427
1084	193
1085	164
1086	109
1087	277
1088	87
1089	245
1090	136
1091	258
1092	217
1093	374
1094	529
1095	484
1096	189
1097	142
1098	120
1099	205
1100	133
1101	408
1102	280
1103	190
1104	101
1105	152
1106	114
1107	119
1108	127
1109	177
1110	87
1111	134
1112	43
1113	164
1114	296
1115	192
1116	212
1117	127
1118	142
1119	115
1120	93
1121	162
1122	111
1123	101
1124	50
1125	70
1126	78
1127	121
1128	78
1129	63
1130	79
1131	69
1132	82
1133	186
1134	218
1135	124
1136	95
1137	136
1138	113
1139	129
1140	132
1141	102
1142	151
1143	170
1144	158
1145	137
1146	101
1147	129
1148	120
1149	127
1150	86
1151	153
1152	145
1153	58
1154	129
1155	171
1156	64
1157	121
1158	153
1159	123
1160	140
1161	79
1162	122
1163	113
1164	296
1165	329
1166	229
1167	200
1168	123
1169	169
1170	133
1171	113
1172	153
1173	203
1174	314
1175	209
1176	148
1177	241
1178	104
1179	198
1180	151
1181	202
1182	126
1183	183
1184	351
1185	194
1186	179
1187	138
1188	130
1189	148
1190	74
1191	106
1192	298
1193	763
1194	720
1195	607
1196	566
1197	244
1198	271
1199	629
1200	342
1201	462
1202	341
1203	422
1204	164
1205	400
1206	204
1207	188
1208	283
1209	322
1210	374
1211	162
1212	234
1213	160
1214	185
1215	142
1216	175
1217	76
1218	104
1219	187
1220	193
1221	314
1222	365
1223	202
1224	161
1225	272
1226	86
1227	92
1228	101
1229	70
1230	136
1231	142
1232	58
1233	127
1234	103
1235	107
1236	213
1237	107
1238	74
1239	133
1240	123
1241	178
1242	128
1243	115
1244	143
1245	71
1246	157
1247	74
1248	82
1249	77
1250	132
1251	128
1252	97
1253	209
1254	126
1255	100
1256	93
1257	117
1258	141
1259	167
1260	134
1261	164
1262	97
1263	144
1264	83
1265	98
1266	97
1267	89
1268	81
1269	109
1270	157
1271	102
1272	187
1273	146
1274	123
1275	120
1276	88
1277	128
1278	94
1279	130
1280	103
1281	64
1282	127
1283	134
1284	99
1285	132
1286	84
1287	82
1288	128
1289	188
1290	239
1291	189
1292	142
1293	125
1294	93
1295	190
1296	114
1297	56
1298	82
1299	57
1300	70
1301	121
1302	69
1303	75
1304	86
1305	39
1306	134
1307	79
1308	98
1309	79
1310	97
1311	141
1312	72
1313	54
1314	103
1315	39
1316	112
1317	111
1318	91
1319	77
1320	52
1321	154
1322	98
1323	93
1324	130
1325	91
1326	133
1327	75
1328	61
1329	75
1330	56
1331	69
1332	125
1333	85
1334	80
1335	103
1336	73
1337	74
1338	29
1339	80
1340	95
1341	130
1342	62
1343	115
1344	93
1345	91
1346	61
1347	51
1348	148
1349	64
1350	99
1351	95
1352	54
1353	89
1354	115
1355	70
1356	99
1357	66
1358	95
1359	101
1360	97
1361	54
1362	33
1363	72
1364	144
1365	115
1366	125
1367	56
1368	69
1369	162
1370	109
1371	72
1372	114
1373	48
1374	114
1375	61
1376	62
1377	131
1378	90
1379	95
1380	70
1381	62
1382	42
1383	71
1384	119
1385	69
1386	137
1387	76
1388	85
1389	47
1390	53
1391	55
1392	87
1393	72
1394	36
1395	74
1396	78
1397	111
1398	53
1399	112
1400	69
1401	72
1402	106
1403	80
1404	47
1405	130
1406	106
1407	157
1408	59
1409	120
1410	50
1411	82
1412	120
1413	92
1414	63
1415	62
1416	85
1417	66
1418	103
1419	38
1420	28
1421	63
1422	59
1423	86
1424	65
1425	101
1426	60
1427	35
1428	64
1429	92
1430	46
1431	40
1432	52
1433	82
1434	71
1435	110
1436	42
1437	64
1438	118
1439	60
1440	52
1441	129
1442	76
1443	240
1444	178
1445	118
1446	129
1447	103
1448	65
1449	101
1450	121
1451	76
1452	152
1453	132
1454	41
1455	68
1456	137
1457	34
1458	59
1459	50
1460	86
1461	128
1462	187
1463	103
1464	35
1465	73
1466	88
1467	160
1468	86
1469	117
1470	80
1471	40
1472	74
1473	47
1474	78
1475	98
1476	72
1477	88
1478	132
1479	150
1480	189
1481	102
1482	160
1483	72
1484	45
1485	54
1486	39
1487	94
1488	207
1489	86
1490	158
1491	189
1492	64
1493	101
1494	111
1495	135
1496	65
1497	120
1498	205
1499	118
1500	51
1501	431
1502	634
1503	305
1504	262
1505	492
1506	447
1507	237
1508	135
1509	541
1510	176
1511	179
1512	113
1513	224
1514	168
1515	624
1516	868
1517	425
1518	435
1519	1327
1520	750
1521	617
1522	1161
1523	1423
1524	1041
1525	891
1526	1444
1527	2771
1528	4162
1529	4268
1530	5006
1531	5889
1532	4049
1533	2038
1534	667
1535	669
1536	741
1537	294
1538	124
1539	201
1540	505
1541	445
1542	697
1543	592
1544	386
1545	112
1546	190
1547	96
1548	94
1549	268
1550	306
1551	342
1552	105
1553	94
1554	71
1555	87
1556	137
1557	117
1558	93
1559	87
1560	85
1561	100
1562	91
1563	114
1564	58
1565	76
1566	123
1567	83
1568	43
1569	121
1570	70
1571	75
1572	62
1573	72
1574	24
1575	82
1576	110
1577	82
1578	55
1579	62
1580	96
1581	68
1582	81
1583	55
1584	64
1585	94
1586	37
1587	172
1588	61
1589	68
1590	61
1591	92
1592	126
1593	109
1594	81
1595	79
1596	54
1597	98
1598	94
1599	84
1600	52
1601	95
1602	57
1603	49
1604	124
1605	82
1606	115
1607	65
1608	119
1609	65
1610	111
1611	69
1612	112
1613	49
1614	121
1615	28
1616	90
1617	89
1618	95
1619	97
1620	40
1621	78
1622	96
1623	45
1624	56
1625	140
1626	85
1627	141
1628	171
1629	107
1630	210
1631	72
1632	172
1633	137
1634	111
1635	98
1636	140
1637	128
1638	60
1639	88
1640	212
1641	72
1642	107
1643	60
1644	82
1645	69
1646	74
1647	83
1648	148
1649	77
1650	116
1651	97
1652	109
1653	140
1654	136
1655	76
1656	92
1657	87
1658	93
1659	50
1660	72
1661	93
1662	66
1663	124
1664	131
1665	155
1666	103
1667	158
1668	126
1669	129
1670	62
1671	161
1672	142
1673	94
1674	96
1675	59
1676	158
1677	141
1678	94
1679	110
1680	182
1681	196
1682	82
1683	77
1684	59
1685	164
1686	160
1687	136
1688	61
1689	122
1690	48
1691	79
1692	87
1693	132
1694	86
1695	93
1696	136
1697	55
1698	139
1699	95
1700	117
1701	126
1702	146
1703	110
1704	138
1705	152
1706	134
1707	138
1708	78
1709	80
1710	73
1711	99
1712	135
1713	136
1714	144
1715	66
1716	123
1717	189
1718	103
1719	95
1720	137
1721	125
1722	79
1723	130
1724	72
1725	93
1726	84
1727	124
1728	76
1729	125
1730	109
1731	88
1732	43
1733	77
1734	103
1735	96
1736	130
1737	123
1738	115
1739	107
1740	139
1741	145
1742	134
1743	114
1744	94
1745	151
1746	74
1747	139
1748	110
1749	69
1750	97
1751	128
1752	121
1753	56
1754	179
1755	97
1756	175
1757	153
1758	114
1759	89
1760	106
1761	90
1762	92
1763	152
1764	62
1765	57
1766	80
1767	80
1768	189
1769	64
1770	76
1771	79
1772	70
1773	73
1774	101
1775	68
1776	137
1777	140
1778	68
1779	131
1780	121
1781	69
1782	140
1783	87
1784	79
1785	81
1786	126
1787	110
1788	109
1789	88
1790	75
1791	82
1792	107
1793	158
1794	146
1795	120
1796	102
1797	114
1798	110
1799	89
1800	170
1801	108
1802	121
1803	185
1804	82
1805	183
1806	90
1807	107
1808	153
1809	80
1810	104
1811	92
1812	114
1813	60
1814	132
1815	111
1816	181
1817	180
1818	96
1819	113
1820	107
1821	188
1822	76
1823	162
1824	135
1825	152
1826	165
1827	172
1828	133
1829	123
1830	173
1831	99
1832	121
1833	128
1834	92
1835	137
1836	144
1837	143
1838	101
1839	170
1840	98
1841	147
1842	163
1843	154
1844	74
1845	185
1846	110
1847	94
1848	134
1849	81
1850	172
1851	135
1852	130
1853	164
1854	135
1855	151
1856	195
1857	164
1858	156
1859	168
1860	204
1861	231
1862	227
1863	229
1864	142
1865	212
1866	139
1867	189
1868	186
1869	139
1870	212
1871	119
1872	126
1873	163
1874	138
1875	164
1876	193
1877	153
1878	151
1879	187
1880	116
1881	164
1882	117
1883	109
1884	167
1885	121
1886	156
1887	119
1888	165
1889	130
1890	112
1891	156
1892	290
1893	189
1894	206
1895	257
1896	165
1897	148
1898	186
1899	232
1900	207
1901	194
1902	220
1903	148
1904	131
1905	199
1906	212
1907	194
1908	160
1909	186
1910	166
1911	233
1912	188
1913	160
1914	136
1915	183
1916	190
1917	188
1918	197
1919	252
1920	188
1921	184
1922	177
1923	168
1924	211
1925	159
1926	181
1927	141
1928	277
1929	218
1930	217
1931	150
1932	250
1933	199
1934	228
1935	244
1936	196
1937	239
1938	213
1939	188
1940	214
1941	211
1942	216
1943	215
1944	267
1945	176
1946	181
1947	201
1948	174
1949	235
1950	202
1951	289
1952	154
1953	241
1954	207
1955	143
1956	170
1957	160
1958	196
1959	158
1960	254
1961	169
1962	174
1963	213
1964	213
1965	202
1966	362
1967	167
1968	266
1969	196
1970	220
1971	262
1972	355
1973	210
1974	222
1975	232
1976	250
1977	315
1978	232
1979	247
1980	222
1981	182
1982	201
1983	250
1984	320
1985	210
1986	186
1987	182
1988	250
1989	240
1990	157
1991	254
1992	288
1993	158
1994	205
1995	193
1996	227
1997	199
1998	244
1999	202
2000	190
2001	167
2002	162
2003	184
2004	287
2005	188
2006	343
2007	235
2008	201
2009	325
2010	186
2011	257
2012	269
2013	249
2014	250
2015	192
2016	273
2017	307
2018	253
2019	238
2020	282
2021	261
2022	203
2023	264
2024	223
2025	209
2026	216
2027	183
2028	260
2029	170
2030	221
2031	111
2032	190
2033	124
2034	194
2035	171
2036	235
2037	117
2038	120
2039	158
2040	151
2041	134
2042	226
2043	177
2044	224
2045	274
2046	212
2047	272
