Instrument: Andor
X Size: 2048
Y Size: 64
Total Flux: 0.000
Total Counts: 418849
Background: 314.000000
Curvature: 0.0
Clipped to ROI: No
ROI: 1309 526 2539 1627
X	Counts
0	123
1	60
2	90
3	71
4	52
5	78
6	97
7	96
8	62
9	67
10	117
11	85
12	88
13	74
14	73
15	110
16	86
17	99
18	77
19	90
20	70
21	85
22	111
23	70
24	86
25	65
26	106
27	73
28	64
29	56
30	87
31	68
32	86
33	75
34	93
35	53
36	53
37	74
38	85
39	77
40	102
41	50
42	75
43	98
44	79
45	117
46	57
47	72
48	98
49	114
50	116
51	87
52	75
53	92
54	116
55	119
56	85
57	63
58	93
59	98
60	95
61	95
62	108
63	140
64	138
65	81
66	84
67	100
68	106
69	78
70	134
71	293
72	198
73	111
74	167
75	155
76	104
77	91
78	64
79	91
80	71
81	88
82	57
83	90
84	59
85	106
86	99
87	63
88	95
89	89
90	110
91	136
92	130
93	188
94	113
95	81
96	97
97	77
98	82
99	85
100	117
101	75
102	78
103	83
104	113
105	83
106	91
107	78
108	69
109	91
110	87
111	146
112	65
113	105
114	84
115	68
116	77
117	81
118	111
119	76
120	71
121	97
122	102
123	93
124	114
125	138
126	115
127	72
128	78
129	107
130	84
131	97
132	89
133	133
134	92
135	75
136	94
137	81
138	113
139	92
140	109
141	100
142	76
143	99
144	85
145	67
146	72
147	77
148	100
149	93
150	81
151	118
152	204
153	85
154	77
155	138
156	141
157	290
158	121
159	148
160	107
161	103
162	125
163	205
164	155
165	59
166	86
167	99
168	77
169	91
170	101
171	114
172	117
173	78
174	137
175	131
176	146
177	153
178	79
179	103
180	76
181	92
182	67
183	79
184	103
185	93
186	78
187	107
188	100
189	87
190	97
191	84
192	71
193	81
194	87
195	91
196	125
197	101
198	144
199	69
200	51
201	81
202	120
203	89
204	58
205	166
206	113
207	73
208	100
209	120
210	89
211	101
212	56
213	76
214	87
215	95
216	178
217	153
218	138
219	116
220	86
221	115
222	85
223	124
224	68
225	67
226	90
227	91
228	84
229	101
230	138
231	83
232	77
233	107
234	55
235	91
236	94
237	78
238	93
239	72
240	80
241	90
242	149
243	175
244	99
245	74
246	80
247	76
248	81
249	49
250	115
251	87
252	97
253	128
254	84
255	63
256	78
257	76
258	180
259	82
260	82
261	123
262	85
263	75
264	101
265	66
266	94
267	145
268	51
269	109
270	118
271	105
272	98
273	92
274	57
275	92
276	77
277	58
278	88
279	64
280	91
281	77
282	82
283	77
284	88
285	93
286	131
287	149
288	184
289	151
290	219
291	157
292	79
293	86
294	93
295	90
296	59
297	73
298	61
299	92
300	103
301	71
302	66
303	78
304	100
305	62
306	68
307	57
308	97
309	85
310	141
311	174
312	200
313	215
314	114
315	90
316	80
317	123
318	142
319	104
320	84
321	102
322	94
323	75
324	94
325	104
326	56
327	56
328	93
329	81
330	81
331	67
332	72
333	54
334	105
335	84
336	88
337	63
338	86
339	90
340	68
341	80
342	68
343	81
344	158
345	193
346	143
347	67
348	81
349	93
350	106
351	106
352	102
353	281
354	177
355	95
356	102
357	87
358	96
359	122
360	139
361	156
362	284
363	197
364	105
365	111
366	109
367	113
368	95
369	92
370	57
371	88
372	111
373	115
374	116
375	88
376	61
377	80
378	73
379	102
380	88
381	80
382	100
383	68
384	69
385	80
386	96
387	116
388	57
389	84
390	67
391	83
392	103
393	231
394	446
395	165
396	113
397	80
398	161
399	90
400	79
401	71
402	111
403	95
404	71
405	84
406	105
407	92
408	78
409	80
410	73
411	164
412	97
413	81
414	74
415	91
416	111
417	75
418	115
419	103
420	68
421	90
422	106
423	104
424	100
425	157
426	101
427	82
428	91
429	114
430	110
431	218
432	129
433	81
434	163
435	234
436	122
437	83
438	82
439	80
440	105
441	78
442	94
443	100
444	96
445	94
446	144
447	166
448	106
449	150
450	85
451	126
452	96
453	76
454	98
455	99
456	108
457	73
458	90
459	126
460	132
461	175
462	188
463	225
464	87
465	106
466	100
467	114
468	171
469	116
470	128
471	96
472	109
473	144
474	169
475	80
476	95
477	90
478	72
479	96
480	93
481	87
482	98
483	139
484	139
485	149
486	89
487	83
488	85
489	64
490	92
491	104
492	74
493	139
494	166
495	115
496	102
497	48
498	92
499	76
500	82
501	94
502	61
503	68
504	74
505	61
506	104
507	109
508	131
509	89
510	124
511	103
512	82
513	161
514	136
515	139
516	56
517	180
518	145
519	118
520	137
521	123
522	197
523	140
524	111
525	172
526	216
527	115
528	117
529	106
530	115
531	88
532	114
533	111
534	117
535	86
536	90
537	149
538	177
539	117
540	120
541	73
542	82
543	104
544	118
545	118
546	95
547	109
548	100
549	101
550	120
551	101
552	86
553	122
554	150
555	121
556	198
557	80
558	72
559	104
560	102
561	126
562	108
563	144
564	101
565	55
566	102
567	112
568	80
569	87
570	127
571	108
572	105
573	108
574	122
575	219
576	141
577	146
578	163
579	135
580	178
581	156
582	201
583	176
584	131
585	165
586	80
587	98
588	306
589	213
590	115
591	87
592	81
593	76
594	99
595	94
596	125
597	157
598	194
599	160
600	102
601	131
602	109
603	123
604	85
605	144
606	106
607	106
608	123
609	118
610	101
611	156
612	174
613	57
614	159
615	101
616	78
617	131
618	115
619	98
620	59
621	65
622	105
623	212
624	443
625	548
626	217
627	138
628	213
629	176
630	88
631	99
632	96
633	156
634	160
635	109
636	197
637	92
638	67
639	142
640	108
641	134
642	147
643	122
644	124
645	197
646	109
647	146
648	202
649	96
650	94
651	210
652	363
653	326
654	490
655	218
656	263
657	299
658	371
659	175
660	174
661	197
662	282
663	318
664	400
665	248
666	272
667	444
668	432
669	341
670	575
671	484
672	321
673	106
674	143
675	149
676	223
677	188
678	302
679	420
680	199
681	131
682	84
683	89
684	62
685	71
686	102
687	66
688	165
689	139
690	125
691	117
692	95
693	145
694	134
695	158
696	108
697	127
698	135
699	124
700	159
701	288
702	295
703	188
704	102
705	122
706	87
707	114
708	134
709	115
710	89
711	109
712	83
713	139
714	141
715	152
716	126
717	112
718	101
719	79
720	169
721	208
722	173
723	103
724	118
725	111
726	115
727	175
728	227
729	218
730	121
731	67
732	120
733	228
734	475
735	190
736	125
737	104
738	129
739	138
740	85
741	103
742	126
743	106
744	112
745	137
746	117
747	148
748	107
749	113
750	232
751	217
752	181
753	191
754	128
755	154
756	141
757	155
758	102
759	99
760	76
761	106
762	92
763	125
764	157
765	230
766	102
767	157
768	111
769	200
770	115
771	156
772	122
773	127
774	107
775	91
776	172
777	180
778	139
779	156
780	113
781	143
782	86
783	141
784	103
785	121
786	154
787	119
788	94
789	214
790	126
791	121
792	120
793	181
794	125
795	126
796	92
797	96
798	110
799	118
800	130
801	143
802	87
803	69
804	109
805	80
806	131
807	104
808	146
809	154
810	146
811	138
812	93
813	96
814	100
815	133
816	90
817	108
818	97
819	124
820	96
821	111
822	154
823	113
824	118
825	89
826	193
827	133
828	141
829	124
830	94
831	178
832	91
833	103
834	106
835	109
836	167
837	191
838	112
839	141
840	70
841	114
842	171
843	96
844	138
845	137
846	95
847	111
848	82
849	93
850	132
851	150
852	102
853	119
854	123
855	114
856	92
857	181
858	150
859	107
860	130
861	139
862	108
863	136
864	150
865	93
866	121
867	115
868	85
869	125
870	100
871	87
872	134
873	86
874	144
875	131
876	120
877	162
878	152
879	107
880	125
881	97
882	96
883	92
884	113
885	139
886	120
887	105
888	135
889	126
890	124
891	159
892	226
893	139
894	226
895	142
896	103
897	99
898	102
899	150
900	177
901	84
902	124
903	152
904	234
905	99
906	110
907	108
908	78
909	113
910	106
911	104
912	81
913	138
914	135
915	126
916	87
917	129
918	201
919	124
920	160
921	90
922	81
923	264
924	79
925	108
926	69
927	142
928	137
929	109
930	201
931	217
932	134
933	158
934	134
935	99
936	201
937	247
938	170
939	146
940	128
941	107
942	82
943	120
944	145
945	160
946	108
947	134
948	75
949	79
950	131
951	118
952	115
953	100
954	118
955	62
956	140
957	91
958	151
959	207
960	139
961	156
962	120
963	146
964	118
965	109
966	120
967	119
968	168
969	278
970	347
971	257
972	151
973	125
974	88
975	129
976	105
977	183
978	230
979	294
980	237
981	159
982	166
983	139
984	164
985	106
986	91
987	134
988	102
989	125
990	157
991	238
992	134
993	135
994	113
995	110
996	150
997	140
998	68
999	121
1000	140
1001	112
1002	88
1003	97
1004	185
1005	94
1006	136
1007	119
1008	117
1009	130
1010	137
1011	111
1012	115
1013	144
1014	110
1015	77
1016	116
1017	161
1018	144
1019	120
1020	87
1021	126
1022	253
1023	274
1024	201
1025	132
1026	124
1027	152
1028	123
1029	86
1030	99
1031	190
1032	153
1033	227
1034	129
1035	187
1036	123
1037	137
1038	149
1039	160
1040	165
1041	163
1042	248
1043	301
1044	233
1045	183
1046	184
1047	162
1048	217
1049	276
1050	330
1051	282
1052	333
1053	122
1054	137
1055	128
1056	140
1057	146
1058	149
1059	131
1060	119
1061	177
1062	124
1063	132
1064	75
1065	151
1066	130
1067	240
1068	286
1069	231
1070	215
1071	119
1072	170
1073	127
1074	156
1075	144
1076	196
1077	158
1078	134
1079	202
1080	128
1081	138
1082	145
1083	127
1084	168
1085	169
1086	123
1087	157
1088	181
1089	566
1090	358
1091	187
1092	123
1093	128
1094	132
1095	156
1096	217
1097	236
1098	132
1099	132
1100	187
1101	520
1102	225
1103	153
1104	89
1105	182
1106	210
1107	116
1108	193
1109	183
1110	207
1111	249
1112	126
1113	134
1114	172
1115	129
1116	175
1117	179
1118	249
1119	414
1120	184
1121	160
1122	384
1123	338
1124	218
1125	190
1126	154
1127	146
1128	196
1129	181
1130	176
1131	113
1132	157
1133	120
1134	181
1135	508
1136	502
1137	219
1138	149
1139	121
1140	366
1141	243
1142	161
1143	200
1144	136
1145	160
1146	279
1147	368
1148	496
1149	211
1150	187
1151	194
1152	201
1153	144
1154	135
1155	118
1156	171
1157	206
1158	181
1159	135
1160	159
1161	216
1162	224
1163	139
1164	170
1165	208
1166	274
1167	209
1168	269
1169	402
1170	384
1171	679
1172	661
1173	680
1174	344
1175	587
1176	809
1177	996
1178	1194
1179	961
1180	677
1181	738
1182	1210
1183	1138
1184	1048
1185	1496
1186	592
1187	511
1188	944
1189	1196
1190	1769
1191	1657
1192	984
1193	1020
1194	1391
1195	1626
1196	3023
1197	4003
1198	3243
1199	2515
1200	2922
1201	2879
1202	3310
1203	2912
1204	2622
1205	2618
1206	2958
1207	3475
1208	3841
1209	3763
1210	3331
1211	2817
1212	1965
1213	2156
1214	1450
1215	978
1216	734
1217	638
1218	465
1219	586
1220	197
1221	256
1222	501
1223	511
1224	536
1225	285
1226	211
1227	252
1228	348
1229	270
1230	507
1231	584
1232	726
1233	727
1234	428
1235	441
1236	395
1237	719
1238	863
1239	812
1240	776
1241	467
1242	361
1243	449
1244	523
1245	989
1246	739
1247	857
1248	320
1249	280
1250	610
1251	1030
1252	908
1253	515
1254	423
1255	650
1256	456
1257	323
1258	324
1259	832
1260	1035
1261	727
1262	708
1263	718
1264	977
1265	464
1266	207
1267	359
1268	306
1269	327
1270	564
1271	621
1272	928
1273	1116
1274	607
1275	259
1276	405
1277	631
1278	683
1279	237
1280	345
1281	280
1282	413
1283	281
1284	465
1285	340
1286	624
1287	542
1288	511
1289	512
1290	436
1291	308
1292	236
1293	267
1294	520
1295	863
1296	345
1297	203
1298	166
1299	151
1300	132
1301	199
1302	227
1303	339
1304	459
1305	182
1306	140
1307	175
1308	240
1309	188
1310	159
1311	195
1312	200
1313	338
1314	172
1315	199
1316	188
1317	142
1318	145
1319	160
1320	187
1321	175
1322	259
1323	262
1324	238
1325	155
1326	252
1327	156
1328	213
1329	150
1330	138
1331	194
1332	167
1333	178
1334	142
1335	151
1336	197
1337	177
1338	337
1339	300
1340	269
1341	240
1342	186
1343	129
1344	162
1345	182
1346	153
1347	266
1348	317
1349	179
1350	232
1351	165
1352	173
1353	168
1354	128
1355	92
1356	167
1357	137
1358	95
1359	172
1360	176
1361	146
1362	161
1363	147
1364	138
1365	208
1366	160
1367	177
1368	167
1369	249
1370	153
1371	162
1372	154
1373	163
1374	153
1375	145
1376	109
1377	233
1378	518
1379	203
1380	192
1381	145
1382	146
1383	155
1384	117
1385	165
1386	160
1387	111
1388	137
1389	109
1390	182
1391	135
1392	167
1393	139
1394	175
1395	150
1396	194
1397	299
1398	180
1399	141
1400	133
1401	132
1402	166
1403	180
1404	132
1405	167
1406	151
1407	191
1408	145
1409	216
1410	269
1411	132
1412	133
1413	155
1414	127
1415	116
1416	163
1417	164
1418	168
1419	133
1420	163
1421	182
1422	160
1423	121
1424	176
1425	148
1426	146
1427	179
1428	126
1429	220
1430	136
1431	186
1432	180
1433	138
1434	140
1435	187
1436	126
1437	228
1438	208
1439	161
1440	124
1441	221
1442	227
1443	164
1444	170
1445	191
1446	147
1447	164
1448	144
1449	153
1450	235
1451	172
1452	209
1453	143
1454	153
1455	167
1456	141
1457	145
1458	141
1459	217
1460	158
1461	123
1462	134
1463	134
1464	192
1465	153
1466	174
1467	135
1468	162
1469	177
1470	135
1471	114
1472	180
1473	131
1474	192
1475	192
1476	151
1477	108
1478	152
1479	97
1480	178
1481	164
1482	133
1483	159
1484	152
1485	109
1486	181
1487	129
1488	125
1489	168
1490	191
1491	229
1492	153
1493	162
1494	144
1495	153
1496	182
1497	200
1498	200
1499	231
1500	235
1501	140
1502	141
1503	190
1504	155
1505	147
1506	91
1507	166
1508	164
1509	187
1510	149
1511	256
1512	220
1513	145
1514	241
1515	180
1516	149
1517	205
1518	198
1519	143
1520	179
1521	162
1522	117
1523	164
1524	131
1525	169
1526	208
1527	182
1528	179
1529	132
1530	174
1531	121
1532	149
1533	137
1534	137
1535	169
1536	171
1537	206
1538	223
1539	199
1540	132
1541	155
1542	140
1543	196
1544	186
1545	121
1546	144
1547	161
1548	178
1549	184
1550	166
1551	112
1552	156
1553	158
1554	166
1555	133
1556	186
1557	160
1558	166
1559	124
1560	158
1561	128
1562	125
1563	180
1564	163
1565	182
1566	155
1567	174
1568	157
1569	166
1570	141
1571	185
1572	156
1573	191
1574	163
1575	176
1576	164
1577	205
1578	190
1579	158
1580	113
1581	150
1582	147
1583	137
1584	162
1585	150
1586	182
1587	190
1588	149
1589	166
1590	135
1591	214
1592	162
1593	158
1594	164
1595	213
1596	175
1597	165
1598	263
1599	202
1600	192
1601	305
1602	169
1603	168
1604	167
1605	135
1606	151
1607	176
1608	129
1609	176
1610	155
1611	197
1612	122
1613	164
1614	126
1615	171
1616	176
1617	178
1618	177
1619	154
1620	116
1621	150
1622	172
1623	130
1624	188
1625	214
1626	210
1627	146
1628	164
1629	115
1630	145
1631	139
1632	187
1633	168
1634	171
1635	169
1636	132
1637	160
1638	197
1639	210
1640	147
1641	171
1642	169
1643	202
1644	136
1645	128
1646	232
1647	134
1648	142
1649	159
1650	184
1651	153
1652	119
1653	182
1654	152
1655	146
1656	200
1657	158
1658	208
1659	170
1660	210
1661	171
1662	182
1663	145
1664	152
1665	167
1666	178
1667	257
1668	198
1669	205
1670	244
1671	116
1672	142
1673	171
1674	105
1675	153
1676	144
1677	210
1678	220
1679	202
1680	161
1681	214
1682	158
1683	162
1684	144
1685	160
1686	170
1687	166
1688	159
1689	116
1690	178
1691	226
1692	158
1693	168
1694	154
1695	170
1696	169
1697	171
1698	131
1699	150
1700	168
1701	183
1702	201
1703	178
1704	162
1705	139
1706	163
1707	161
1708	168
1709	176
1710	140
1711	205
1712	162
1713	163
1714	202
1715	152
1716	188
1717	188
1718	147
1719	151
1720	173
1721	161
1722	168
1723	225
1724	111
1725	203
1726	171
1727	114
1728	192
1729	95
1730	199
1731	134
1732	164
1733	155
1734	144
1735	220
1736	164
1737	171
1738	171
1739	170
1740	182
1741	156
1742	209
1743	178
1744	173
1745	172
1746	216
1747	219
1748	188
1749	168
1750	154
1751	171
1752	142
1753	166
1754	183
1755	243
1756	198
1757	195
1758	206
1759	239
1760	183
1761	164
1762	160
1763	206
1764	163
1765	187
1766	178
1767	150
1768	138
1769	184
1770	166
1771	213
1772	191
1773	216
1774	259
1775	152
1776	191
1777	171
1778	213
1779	170
1780	195
1781	143
1782	238
1783	206
1784	220
1785	233
1786	187
1787	173
1788	223
1789	174
1790	187
1791	211
1792	167
1793	151
1794	235
1795	189
1796	210
1797	217
1798	373
1799	315
1800	186
1801	153
1802	189
1803	156
1804	181
1805	192
1806	178
1807	163
1808	153
1809	192
1810	214
1811	162
1812	210
1813	215
1814	283
1815	220
1816	222
1817	236
1818	176
1819	314
1820	282
1821	248
1822	197
1823	235
1824	214
1825	268
1826	192
1827	226
1828	155
1829	127
1830	165
1831	182
1832	207
1833	242
1834	197
1835	228
1836	285
1837	277
1838	235
1839	238
1840	170
1841	164
1842	181
1843	246
1844	238
1845	364
1846	208
1847	176
1848	175
1849	193
1850	175
1851	175
1852	168
1853	239
1854	212
1855	218
1856	220
1857	182
1858	226
1859	239
1860	206
1861	240
1862	206
1863	192
1864	141
1865	166
1866	166
1867	213
1868	182
1869	230
1870	215
1871	284
1872	210
1873	179
1874	223
1875	153
1876	180
1877	172
1878	208
1879	155
1880	208
1881	177
1882	173
1883	195
1884	163
1885	195
1886	247
1887	278
1888	179
1889	252
1890	189
1891	176
1892	248
1893	196
1894	317
1895	363
1896	294
1897	185
1898	267
1899	243
1900	238
1901	216
1902	156
1903	203
1904	223
1905	171
1906	194
1907	182
1908	257
1909	216
1910	203
1911	170
1912	157
1913	199
1914	250
1915	207
1916	174
1917	181
1918	216
1919	200
1920	183
1921	201
1922	191
1923	135
1924	203
1925	237
1926	277
1927	267
1928	226
1929	236
1930	199
1931	192
1932	180
1933	247
1934	288
1935	319
1936	309
1937	160
1938	209
1939	196
1940	191
1941	223
1942	184
1943	188
1944	155
1945	170
1946	239
1947	210
1948	240
1949	216
1950	232
1951	195
1952	226
1953	168
1954	215
1955	193
1956	230
1957	259
1958	179
1959	245
1960	213
1961	235
1962	165
1963	243
1964	202
1965	235
1966	367
1967	275
1968	173
1969	233
1970	255
1971	260
1972	335
1973	334
1974	158
1975	241
1976	271
1977	439
1978	275
1979	215
1980	245
1981	257
1982	367
1983	175
1984	198
1985	336
1986	329
1987	158
1988	271
1989	173
1990	264
1991	231
1992	223
1993	250
1994	178
1995	243
1996	238
1997	287
1998	243
1999	210
2000	160
2001	277
2002	223
2003	241
2004	244
2005	284
2006	324
2007	216
2008	192
2009	235
2010	245
2011	178
2012	275
2013	203
2014	179
2015	257
2016	190
2017	239
2018	187
2019	194
2020	179
2021	187
2022	247
2023	128
2024	219
2025	211
2026	187
2027	171
2028	159
2029	248
2030	168
2031	147
2032	166
2033	191
2034	251
2035	207
2036	158
2037	225
2038	225
2039	160
2040	132
2041	165
2042	162
2043	187
2044	169
2045	138
2046	168
2047	138
