Instrument: Andor
X Size: 2048
Y Size: 64
Total Flux: 0.000
Total Counts: 282924
Background: 314.500000
Curvature: 0.0
Clipped to ROI: No
ROI: 1309 526 2539 1627
X	Counts
0	104
1	93
2	93
3	59
4	111
5	78
6	69
7	84
8	91
9	101
10	61
11	84
12	81
13	56
14	97
15	90
16	67
17	94
18	84
19	43
20	78
21	51
22	95
23	73
24	73
25	91
26	78
27	59
28	101
29	89
30	56
31	99
32	84
33	78
34	99
35	80
36	54
37	88
38	79
39	90
40	89
41	51
42	91
43	82
44	75
45	73
46	61
47	93
48	71
49	76
50	74
51	105
52	80
53	85
54	86
55	63
56	71
57	61
58	84
59	100
60	74
61	96
62	65
63	117
64	84
65	72
66	90
67	86
68	52
69	83
70	103
71	96
72	66
73	78
74	75
75	84
76	76
77	98
78	53
79	65
80	83
81	92
82	98
83	66
84	83
85	93
86	48
87	80
88	101
89	50
90	67
91	70
92	102
93	73
94	88
95	73
96	62
97	56
98	85
99	60
100	96
101	64
102	99
103	52
104	104
105	64
106	72
107	67
108	99
109	71
110	64
111	108
112	85
113	77
114	99
115	94
116	94
117	70
118	104
119	80
120	57
121	91
122	84
123	113
124	88
125	62
126	46
127	82
128	85
129	126
130	100
131	37
132	68
133	63
134	105
135	74
136	68
137	58
138	88
139	87
140	72
141	86
142	90
143	109
144	107
145	86
146	83
147	50
148	116
149	108
150	87
151	65
152	80
153	74
154	102
155	89
156	75
157	101
158	93
159	91
160	70
161	102
162	78
163	90
164	121
165	83
166	100
167	102
168	76
169	87
170	77
171	66
172	130
173	57
174	83
175	79
176	74
177	67
178	85
179	85
180	84
181	72
182	83
183	75
184	80
185	82
186	99
187	81
188	61
189	123
190	116
191	76
192	84
193	71
194	76
195	55
196	92
197	79
198	68
199	67
200	75
201	70
202	101
203	67
204	61
205	104
206	86
207	86
208	62
209	86
210	81
211	84
212	73
213	63
214	65
215	58
216	87
217	83
218	78
219	51
220	81
221	88
222	65
223	80
224	47
225	68
226	55
227	78
228	60
229	71
230	77
231	63
232	82
233	83
234	62
235	77
236	77
237	95
238	79
239	65
240	71
241	74
242	70
243	63
244	57
245	75
246	74
247	81
248	98
249	68
250	66
251	65
252	78
253	78
254	123
255	90
256	89
257	49
258	66
259	89
260	101
261	92
262	64
263	81
264	43
265	54
266	72
267	89
268	42
269	81
270	86
271	80
272	66
273	88
274	64
275	68
276	83
277	54
278	60
279	82
280	67
281	78
282	98
283	53
284	103
285	99
286	94
287	57
288	61
289	101
290	51
291	51
292	74
293	59
294	86
295	118
296	59
297	65
298	57
299	86
300	54
301	104
302	67
303	93
304	90
305	90
306	59
307	67
308	41
309	64
310	48
311	81
312	71
313	72
314	81
315	80
316	123
317	62
318	109
319	54
320	79
321	51
322	103
323	121
324	61
325	100
326	50
327	110
328	72
329	81
330	86
331	52
332	73
333	48
334	73
335	76
336	51
337	67
338	65
339	71
340	64
341	55
342	60
343	132
344	71
345	82
346	78
347	65
348	68
349	90
350	117
351	66
352	59
353	86
354	96
355	48
356	45
357	57
358	82
359	120
360	113
361	101
362	192
363	40
364	86
365	90
366	94
367	52
368	38
369	86
370	60
371	77
372	66
373	62
374	91
375	75
376	89
377	82
378	77
379	77
380	75
381	69
382	108
383	88
384	115
385	66
386	78
387	73
388	109
389	85
390	75
391	69
392	54
393	87
394	105
395	53
396	63
397	79
398	116
399	95
400	61
401	136
402	80
403	58
404	78
405	66
406	74
407	79
408	65
409	75
410	74
411	76
412	68
413	90
414	55
415	72
416	74
417	83
418	75
419	103
420	72
421	86
422	35
423	72
424	64
425	77
426	97
427	93
428	78
429	73
430	63
431	111
432	280
433	116
434	90
435	58
436	74
437	76
438	65
439	99
440	85
441	80
442	58
443	77
444	83
445	93
446	83
447	86
448	93
449	89
450	60
451	67
452	112
453	87
454	85
455	97
456	67
457	77
458	88
459	102
460	102
461	80
462	110
463	115
464	75
465	99
466	72
467	107
468	67
469	61
470	99
471	80
472	121
473	72
474	91
475	63
476	49
477	119
478	101
479	66
480	112
481	83
482	92
483	101
484	60
485	81
486	80
487	82
488	109
489	67
490	51
491	84
492	71
493	117
494	55
495	68
496	119
497	55
498	103
499	77
500	63
501	74
502	80
503	86
504	69
505	90
506	73
507	96
508	128
509	75
510	111
511	73
512	108
513	71
514	93
515	117
516	71
517	127
518	124
519	107
520	88
521	93
522	108
523	60
524	75
525	117
526	69
527	69
528	84
529	92
530	60
531	95
532	74
533	82
534	67
535	68
536	64
537	67
538	70
539	92
540	105
541	103
542	84
543	106
544	68
545	81
546	104
547	134
548	79
549	73
550	128
551	48
552	75
553	91
554	90
555	63
556	114
557	88
558	93
559	112
560	101
561	92
562	70
563	85
564	78
565	102
566	87
567	108
568	81
569	113
570	69
571	90
572	115
573	93
574	78
575	78
576	75
577	101
578	83
579	68
580	78
581	114
582	68
583	115
584	42
585	94
586	46
587	90
588	68
589	116
590	97
591	69
592	119
593	106
594	77
595	89
596	87
597	116
598	92
599	98
600	162
601	113
602	64
603	88
604	90
605	50
606	99
607	76
608	119
609	133
610	123
611	142
612	87
613	85
614	71
615	65
616	96
617	117
618	92
619	95
620	78
621	68
622	107
623	88
624	88
625	102
626	80
627	51
628	85
629	102
630	87
631	107
632	107
633	73
634	93
635	70
636	80
637	96
638	77
639	72
640	88
641	40
642	117
643	73
644	98
645	130
646	74
647	69
648	77
649	77
650	102
651	94
652	91
653	69
654	83
655	74
656	75
657	114
658	85
659	103
660	88
661	107
662	121
663	97
664	114
665	82
666	116
667	67
668	81
669	88
670	67
671	75
672	82
673	79
674	74
675	104
676	141
677	64
678	72
679	76
680	139
681	139
682	123
683	83
684	84
685	71
686	96
687	106
688	66
689	83
690	79
691	114
692	131
693	53
694	88
695	73
696	113
697	73
698	79
699	82
700	68
701	105
702	87
703	99
704	102
705	111
706	122
707	108
708	97
709	77
710	92
711	101
712	96
713	74
714	69
715	82
716	139
717	71
718	60
719	68
720	104
721	123
722	98
723	56
724	93
725	123
726	105
727	92
728	80
729	147
730	58
731	75
732	112
733	104
734	98
735	103
736	132
737	75
738	114
739	137
740	82
741	92
742	103
743	91
744	101
745	117
746	108
747	85
748	88
749	101
750	130
751	110
752	97
753	116
754	102
755	121
756	75
757	92
758	106
759	95
760	79
761	73
762	80
763	101
764	116
765	103
766	69
767	80
768	124
769	104
770	160
771	107
772	103
773	114
774	92
775	71
776	129
777	127
778	102
779	93
780	117
781	141
782	92
783	115
784	103
785	75
786	92
787	124
788	112
789	69
790	107
791	90
792	100
793	150
794	89
795	130
796	59
797	97
798	121
799	85
800	142
801	97
802	100
803	121
804	91
805	109
806	87
807	110
808	78
809	105
810	116
811	93
812	65
813	71
814	121
815	126
816	95
817	79
818	91
819	129
820	80
821	75
822	120
823	142
824	124
825	112
826	92
827	100
828	115
829	170
830	120
831	91
832	86
833	90
834	108
835	115
836	108
837	119
838	78
839	104
840	130
841	162
842	158
843	71
844	104
845	90
846	138
847	125
848	108
849	108
850	127
851	110
852	91
853	112
854	119
855	134
856	116
857	116
858	158
859	99
860	111
861	75
862	138
863	141
864	96
865	105
866	114
867	123
868	88
869	110
870	72
871	109
872	126
873	112
874	105
875	128
876	135
877	96
878	116
879	79
880	94
881	76
882	123
883	114
884	123
885	103
886	62
887	118
888	65
889	77
890	109
891	93
892	126
893	131
894	85
895	148
896	181
897	105
898	121
899	113
900	96
901	94
902	122
903	103
904	149
905	95
906	120
907	136
908	147
909	106
910	109
911	82
912	150
913	169
914	93
915	112
916	90
917	80
918	101
919	83
920	127
921	99
922	90
923	77
924	96
925	111
926	106
927	95
928	85
929	120
930	121
931	123
932	97
933	80
934	131
935	139
936	165
937	243
938	108
939	123
940	83
941	98
942	117
943	127
944	157
945	100
946	146
947	150
948	133
949	128
950	105
951	106
952	110
953	98
954	147
955	108
956	105
957	107
958	129
959	130
960	136
961	125
962	80
963	126
964	135
965	98
966	114
967	122
968	106
969	135
970	225
971	112
972	101
973	128
974	98
975	86
976	97
977	128
978	139
979	117
980	108
981	106
982	124
983	112
984	89
985	106
986	133
987	93
988	120
989	133
990	116
991	134
992	108
993	135
994	102
995	90
996	109
997	128
998	138
999	113
1000	165
1001	98
1002	92
1003	115
1004	119
1005	121
1006	108
1007	159
1008	173
1009	171
1010	100
1011	121
1012	141
1013	163
1014	122
1015	124
1016	113
1017	145
1018	143
1019	163
1020	160
1021	89
1022	154
1023	229
1024	235
1025	102
1026	94
1027	136
1028	155
1029	106
1030	101
1031	170
1032	133
1033	134
1034	101
1035	119
1036	95
1037	156
1038	148
1039	136
1040	126
1041	103
1042	122
1043	116
1044	139
1045	94
1046	93
1047	125
1048	151
1049	152
1050	139
1051	171
1052	173
1053	129
1054	153
1055	153
1056	153
1057	128
1058	176
1059	89
1060	80
1061	187
1062	145
1063	116
1064	115
1065	121
1066	114
1067	117
1068	120
1069	91
1070	110
1071	123
1072	126
1073	153
1074	102
1075	109
1076	123
1077	135
1078	99
1079	301
1080	138
1081	129
1082	182
1083	157
1084	258
1085	172
1086	185
1087	151
1088	81
1089	125
1090	113
1091	96
1092	107
1093	141
1094	138
1095	104
1096	221
1097	81
1098	98
1099	115
1100	76
1101	162
1102	171
1103	263
1104	115
1105	113
1106	177
1107	142
1108	80
1109	159
1110	195
1111	217
1112	170
1113	188
1114	114
1115	117
1116	117
1117	148
1118	156
1119	194
1120	143
1121	182
1122	147
1123	123
1124	169
1125	166
1126	137
1127	119
1128	137
1129	174
1130	161
1131	121
1132	143
1133	112
1134	95
1135	85
1136	143
1137	133
1138	150
1139	128
1140	170
1141	116
1142	147
1143	103
1144	151
1145	184
1146	204
1147	88
1148	107
1149	118
1150	102
1151	84
1152	94
1153	103
1154	107
1155	131
1156	135
1157	148
1158	185
1159	238
1160	200
1161	152
1162	148
1163	101
1164	117
1165	108
1166	176
1167	132
1168	98
1169	82
1170	139
1171	163
1172	184
1173	270
1174	196
1175	250
1176	169
1177	270
1178	274
1179	539
1180	1116
1181	1027
1182	683
1183	459
1184	444
1185	761
1186	585
1187	366
1188	256
1189	165
1190	285
1191	400
1192	295
1193	173
1194	220
1195	202
1196	183
1197	195
1198	113
1199	217
1200	280
1201	435
1202	314
1203	243
1204	316
1205	161
1206	137
1207	100
1208	194
1209	216
1210	190
1211	184
1212	284
1213	253
1214	246
1215	243
1216	204
1217	154
1218	307
1219	303
1220	208
1221	248
1222	387
1223	332
1224	219
1225	340
1226	335
1227	417
1228	306
1229	351
1230	368
1231	230
1232	235
1233	432
1234	464
1235	417
1236	363
1237	269
1238	160
1239	275
1240	335
1241	429
1242	406
1243	367
1244	427
1245	334
1246	370
1247	387
1248	760
1249	657
1250	548
1251	577
1252	438
1253	607
1254	673
1255	660
1256	480
1257	657
1258	510
1259	754
1260	631
1261	386
1262	567
1263	508
1264	698
1265	565
1266	484
1267	402
1268	473
1269	317
1270	261
1271	291
1272	393
1273	368
1274	241
1275	432
1276	211
1277	203
1278	289
1279	322
1280	384
1281	210
1282	244
1283	389
1284	325
1285	211
1286	224
1287	246
1288	209
1289	204
1290	143
1291	397
1292	235
1293	177
1294	355
1295	177
1296	238
1297	158
1298	182
1299	150
1300	169
1301	118
1302	168
1303	215
1304	178
1305	159
1306	153
1307	118
1308	91
1309	152
1310	212
1311	324
1312	237
1313	241
1314	150
1315	140
1316	249
1317	162
1318	184
1319	183
1320	162
1321	172
1322	121
1323	156
1324	148
1325	189
1326	245
1327	164
1328	158
1329	139
1330	179
1331	220
1332	210
1333	198
1334	176
1335	235
1336	152
1337	114
1338	180
1339	118
1340	173
1341	178
1342	188
1343	111
1344	110
1345	116
1346	147
1347	156
1348	132
1349	126
1350	128
1351	145
1352	149
1353	125
1354	108
1355	137
1356	117
1357	133
1358	139
1359	143
1360	145
1361	108
1362	143
1363	86
1364	147
1365	273
1366	157
1367	133
1368	141
1369	118
1370	94
1371	138
1372	159
1373	170
1374	128
1375	153
1376	133
1377	98
1378	176
1379	148
1380	165
1381	164
1382	133
1383	164
1384	140
1385	137
1386	136
1387	142
1388	181
1389	107
1390	207
1391	143
1392	103
1393	125
1394	115
1395	168
1396	152
1397	165
1398	174
1399	142
1400	120
1401	115
1402	156
1403	156
1404	117
1405	130
1406	175
1407	136
1408	93
1409	164
1410	129
1411	93
1412	144
1413	104
1414	128
1415	136
1416	136
1417	178
1418	183
1419	199
1420	104
1421	118
1422	147
1423	145
1424	186
1425	118
1426	133
1427	175
1428	128
1429	163
1430	148
1431	101
1432	146
1433	151
1434	156
1435	150
1436	132
1437	165
1438	123
1439	149
1440	143
1441	172
1442	110
1443	113
1444	147
1445	126
1446	126
1447	172
1448	125
1449	153
1450	175
1451	183
1452	152
1453	116
1454	100
1455	168
1456	138
1457	126
1458	146
1459	96
1460	139
1461	137
1462	166
1463	122
1464	173
1465	123
1466	116
1467	154
1468	181
1469	123
1470	124
1471	118
1472	149
1473	135
1474	170
1475	177
1476	221
1477	125
1478	125
1479	132
1480	131
1481	208
1482	175
1483	177
1484	175
1485	90
1486	146
1487	110
1488	147
1489	162
1490	151
1491	173
1492	143
1493	169
1494	116
1495	162
1496	162
1497	173
1498	143
1499	127
1500	159
1501	159
1502	146
1503	220
1504	147
1505	118
1506	147
1507	192
1508	152
1509	170
1510	181
1511	168
1512	137
1513	127
1514	154
1515	122
1516	140
1517	120
1518	145
1519	169
1520	138
1521	122
1522	154
1523	127
1524	150
1525	129
1526	169
1527	141
1528	95
1529	157
1530	158
1531	182
1532	160
1533	121
1534	119
1535	134
1536	118
1537	106
1538	162
1539	154
1540	119
1541	158
1542	138
1543	162
1544	159
1545	140
1546	162
1547	166
1548	111
1549	109
1550	125
1551	114
1552	184
1553	127
1554	151
1555	150
1556	190
1557	158
1558	190
1559	126
1560	111
1561	122
1562	106
1563	111
1564	149
1565	156
1566	174
1567	135
1568	157
1569	168
1570	136
1571	153
1572	148
1573	173
1574	139
1575	103
1576	153
1577	151
1578	101
1579	115
1580	127
1581	137
1582	141
1583	152
1584	148
1585	197
1586	136
1587	138
1588	118
1589	119
1590	130
1591	176
1592	191
1593	180
1594	163
1595	141
1596	148
1597	104
1598	176
1599	181
1600	157
1601	117
1602	139
1603	140
1604	131
1605	168
1606	138
1607	152
1608	173
1609	168
1610	149
1611	181
1612	150
1613	142
1614	164
1615	135
1616	141
1617	142
1618	175
1619	118
1620	158
1621	141
1622	151
1623	123
1624	184
1625	187
1626	153
1627	164
1628	131
1629	103
1630	129
1631	163
1632	174
1633	158
1634	185
1635	152
1636	106
1637	146
1638	168
1639	190
1640	188
1641	173
1642	139
1643	214
1644	102
1645	133
1646	163
1647	176
1648	111
1649	194
1650	135
1651	132
1652	140
1653	134
1654	183
1655	160
1656	225
1657	163
1658	271
1659	169
1660	215
1661	129
1662	169
1663	118
1664	135
1665	154
1666	121
1667	172
1668	178
1669	182
1670	170
1671	131
1672	162
1673	159
1674	149
1675	183
1676	145
1677	181
1678	184
1679	119
1680	147
1681	178
1682	131
1683	127
1684	180
1685	188
1686	117
1687	157
1688	150
1689	182
1690	260
1691	300
1692	243
1693	151
1694	167
1695	193
1696	158
1697	170
1698	187
1699	159
1700	141
1701	162
1702	179
1703	195
1704	169
1705	143
1706	140
1707	149
1708	169
1709	160
1710	149
1711	190
1712	154
1713	177
1714	145
1715	128
1716	156
1717	162
1718	137
1719	180
1720	159
1721	170
1722	121
1723	229
1724	78
1725	181
1726	144
1727	173
1728	158
1729	111
1730	170
1731	195
1732	119
1733	165
1734	170
1735	203
1736	138
1737	157
1738	153
1739	215
1740	179
1741	202
1742	194
1743	200
1744	160
1745	150
1746	186
1747	222
1748	198
1749	210
1750	120
1751	147
1752	172
1753	158
1754	168
1755	161
1756	155
1757	150
1758	185
1759	242
1760	197
1761	133
1762	175
1763	146
1764	178
1765	286
1766	185
1767	174
1768	115
1769	171
1770	145
1771	214
1772	135
1773	152
1774	171
1775	139
1776	171
1777	124
1778	164
1779	170
1780	158
1781	149
1782	150
1783	160
1784	211
1785	162
1786	139
1787	169
1788	152
1789	159
1790	162
1791	189
1792	133
1793	171
1794	197
1795	169
1796	194
1797	138
1798	194
1799	214
1800	144
1801	137
1802	172
1803	185
1804	161
1805	162
1806	163
1807	173
1808	150
1809	135
1810	119
1811	169
1812	149
1813	168
1814	216
1815	216
1816	190
1817	217
1818	210
1819	200
1820	160
1821	163
1822	171
1823	238
1824	179
1825	214
1826	185
1827	182
1828	217
1829	143
1830	132
1831	180
1832	158
1833	175
1834	160
1835	111
1836	210
1837	191
1838	157
1839	225
1840	193
1841	159
1842	214
1843	167
1844	189
1845	196
1846	162
1847	179
1848	183
1849	191
1850	181
1851	215
1852	166
1853	171
1854	222
1855	194
1856	182
1857	218
1858	197
1859	248
1860	255
1861	214
1862	183
1863	178
1864	215
1865	142
1866	141
1867	193
1868	189
1869	218
1870	195
1871	182
1872	194
1873	158
1874	210
1875	153
1876	174
1877	195
1878	166
1879	183
1880	213
1881	140
1882	224
1883	182
1884	165
1885	183
1886	106
1887	165
1888	216
1889	207
1890	179
1891	178
1892	208
1893	185
1894	203
1895	150
1896	229
1897	140
1898	235
1899	256
1900	242
1901	201
1902	123
1903	212
1904	160
1905	194
1906	206
1907	151
1908	192
1909	322
1910	242
1911	165
1912	177
1913	233
1914	256
1915	172
1916	197
1917	206
1918	145
1919	241
1920	227
1921	168
1922	209
1923	142
1924	162
1925	162
1926	183
1927	222
1928	195
1929	170
1930	214
1931	181
1932	149
1933	223
1934	152
1935	199
1936	176
1937	161
1938	211
1939	219
1940	219
1941	200
1942	202
1943	171
1944	198
1945	187
1946	235
1947	220
1948	247
1949	169
1950	216
1951	180
1952	200
1953	200
1954	271
1955	273
1956	288
1957	176
1958	199
1959	181
1960	175
1961	222
1962	230
1963	225
1964	190
1965	234
1966	197
1967	169
1968	211
1969	269
1970	406
1971	278
1972	248
1973	213
1974	175
1975	202
1976	201
1977	199
1978	169
1979	199
1980	232
1981	171
1982	210
1983	203
1984	224
1985	188
1986	205
1987	185
1988	230
1989	250
1990	203
1991	254
1992	228
1993	217
1994	162
1995	179
1996	131
1997	239
1998	173
1999	216
2000	216
2001	207
2002	206
2003	218
2004	170
2005	240
2006	181
2007	193
2008	221
2009	202
2010	220
2011	160
2012	252
2013	168
2014	210
2015	171
2016	208
2017	155
2018	188
2019	207
2020	138
2021	146
2022	167
2023	186
2024	213
2025	209
2026	132
2027	145
2028	126
2029	185
2030	181
2031	158
2032	108
2033	148
2034	106
2035	124
2036	135
2037	114
2038	156
2039	98
2040	137
2041	150
2042	141
2043	155
2044	167
2045	126
2046	86
2047	126
