Instrument: Andor
X Size: 2048
Y Size: 64
Total Flux: 0.000
Total Counts: 370211
Background: 315.000000
Curvature: 0.0
Clipped to ROI: No
ROI: 1309 526 2539 1627
X	Counts
0	137
1	110
2	121
3	142
4	134
5	137
6	76
7	124
8	112
9	85
10	111
11	143
12	108
13	103
14	69
15	112
16	134
17	148
18	117
19	84
20	115
21	85
22	110
23	99
24	112
25	87
26	91
27	88
28	130
29	105
30	116
31	110
32	103
33	100
34	115
35	113
36	118
37	84
38	141
39	121
40	74
41	109
42	117
43	115
44	136
45	118
46	95
47	69
48	89
49	86
50	89
51	114
52	137
53	101
54	133
55	100
56	133
57	128
58	78
59	138
60	98
61	93
62	87
63	154
64	100
65	104
66	87
67	102
68	121
69	118
70	77
71	129
72	110
73	96
74	107
75	147
76	122
77	109
78	103
79	132
80	125
81	75
82	81
83	117
84	110
85	115
86	99
87	89
88	64
89	90
90	111
91	102
92	109
93	112
94	133
95	103
96	121
97	104
98	98
99	105
100	95
101	107
102	121
103	99
104	132
105	146
106	108
107	84
108	86
109	93
110	110
111	90
112	142
113	89
114	117
115	103
116	129
117	101
118	117
119	108
120	93
121	97
122	74
123	114
124	111
125	99
126	139
127	109
128	87
129	155
130	99
131	57
132	105
133	122
134	129
135	97
136	107
137	79
138	136
139	73
140	123
141	119
142	111
143	95
144	118
145	100
146	90
147	129
148	137
149	89
150	95
151	182
152	98
153	106
154	101
155	98
156	92
157	133
158	111
159	95
160	125
161	90
162	133
163	111
164	108
165	76
166	112
167	113
168	116
169	79
170	135
171	98
172	137
173	97
174	96
175	111
176	119
177	102
178	96
179	97
180	136
181	162
182	104
183	122
184	113
185	157
186	86
187	105
188	141
189	119
190	121
191	115
192	119
193	108
194	108
195	84
196	73
197	101
198	93
199	104
200	92
201	102
202	105
203	80
204	91
205	110
206	94
207	92
208	118
209	118
210	106
211	110
212	104
213	143
214	112
215	94
216	107
217	98
218	98
219	86
220	116
221	112
222	105
223	129
224	87
225	132
226	93
227	106
228	87
229	130
230	136
231	116
232	106
233	80
234	92
235	107
236	108
237	117
238	104
239	81
240	84
241	98
242	126
243	71
244	154
245	80
246	91
247	99
248	93
249	67
250	89
251	125
252	77
253	141
254	124
255	130
256	123
257	92
258	75
259	123
260	121
261	106
262	77
263	127
264	87
265	128
266	116
267	109
268	68
269	151
270	121
271	106
272	95
273	95
274	87
275	122
276	93
277	90
278	99
279	83
280	100
281	92
282	115
283	100
284	112
285	91
286	125
287	110
288	82
289	116
290	85
291	108
292	100
293	133
294	115
295	114
296	99
297	79
298	94
299	71
300	128
301	98
302	75
303	104
304	133
305	107
306	120
307	125
308	114
309	111
310	106
311	124
312	78
313	102
314	128
315	120
316	148
317	98
318	87
319	102
320	126
321	86
322	116
323	156
324	200
325	105
326	120
327	86
328	133
329	128
330	94
331	74
332	153
333	126
334	130
335	112
336	126
337	102
338	98
339	138
340	116
341	121
342	87
343	130
344	84
345	113
346	107
347	71
348	118
349	112
350	115
351	70
352	112
353	90
354	134
355	75
356	90
357	103
358	121
359	128
360	131
361	94
362	122
363	122
364	149
365	116
366	107
367	141
368	93
369	95
370	111
371	140
372	80
373	89
374	114
375	95
376	111
377	118
378	92
379	115
380	125
381	149
382	104
383	92
384	80
385	99
386	117
387	129
388	104
389	70
390	102
391	141
392	70
393	102
394	113
395	108
396	110
397	93
398	99
399	132
400	134
401	121
402	147
403	95
404	106
405	81
406	111
407	120
408	116
409	102
410	109
411	131
412	108
413	105
414	115
415	120
416	112
417	143
418	124
419	122
420	118
421	145
422	119
423	137
424	117
425	90
426	98
427	85
428	129
429	110
430	112
431	135
432	111
433	134
434	142
435	112
436	130
437	81
438	105
439	93
440	90
441	127
442	154
443	132
444	160
445	113
446	117
447	103
448	125
449	134
450	127
451	85
452	155
453	72
454	90
455	120
456	92
457	130
458	140
459	112
460	118
461	109
462	121
463	64
464	130
465	119
466	96
467	116
468	100
469	95
470	82
471	108
472	118
473	139
474	100
475	61
476	97
477	97
478	113
479	119
480	125
481	107
482	111
483	126
484	93
485	120
486	118
487	118
488	73
489	94
490	133
491	119
492	105
493	137
494	60
495	129
496	124
497	108
498	112
499	140
500	127
501	96
502	121
503	122
504	122
505	110
506	110
507	110
508	132
509	113
510	163
511	169
512	103
513	191
514	110
515	113
516	175
517	295
518	247
519	116
520	105
521	102
522	141
523	88
524	105
525	149
526	129
527	100
528	112
529	132
530	138
531	114
532	108
533	109
534	115
535	121
536	140
537	96
538	134
539	122
540	139
541	123
542	123
543	163
544	100
545	131
546	115
547	174
548	110
549	140
550	112
551	86
552	125
553	114
554	161
555	133
556	136
557	111
558	107
559	137
560	202
561	177
562	129
563	111
564	132
565	111
566	134
567	125
568	136
569	139
570	126
571	147
572	153
573	138
574	132
575	104
576	111
577	123
578	101
579	126
580	160
581	141
582	123
583	107
584	94
585	114
586	109
587	122
588	94
589	107
590	120
591	92
592	109
593	163
594	181
595	165
596	149
597	159
598	125
599	113
600	123
601	115
602	107
603	83
604	141
605	88
606	104
607	148
608	130
609	132
610	132
611	185
612	84
613	78
614	123
615	74
616	117
617	102
618	110
619	111
620	103
621	122
622	100
623	132
624	109
625	124
626	111
627	215
628	156
629	168
630	145
631	160
632	147
633	148
634	77
635	121
636	174
637	113
638	118
639	128
640	155
641	115
642	122
643	152
644	162
645	164
646	153
647	140
648	125
649	236
650	270
651	131
652	129
653	115
654	150
655	115
656	109
657	115
658	383
659	259
660	122
661	97
662	139
663	117
664	158
665	78
666	139
667	111
668	92
669	117
670	161
671	107
672	100
673	120
674	116
675	149
676	120
677	125
678	86
679	129
680	172
681	116
682	105
683	105
684	121
685	134
686	117
687	88
688	133
689	58
690	138
691	126
692	117
693	124
694	123
695	148
696	159
697	148
698	120
699	84
700	102
701	146
702	102
703	134
704	128
705	150
706	109
707	145
708	128
709	142
710	126
711	118
712	133
713	105
714	84
715	152
716	120
717	130
718	121
719	102
720	71
721	167
722	86
723	85
724	141
725	139
726	139
727	105
728	85
729	123
730	85
731	93
732	118
733	105
734	113
735	123
736	95
737	142
738	119
739	83
740	110
741	89
742	140
743	136
744	134
745	157
746	145
747	161
748	134
749	147
750	111
751	156
752	116
753	132
754	112
755	112
756	134
757	150
758	141
759	145
760	101
761	150
762	124
763	147
764	143
765	143
766	100
767	116
768	130
769	158
770	153
771	137
772	146
773	144
774	96
775	123
776	142
777	134
778	134
779	114
780	188
781	241
782	137
783	169
784	139
785	153
786	157
787	130
788	112
789	119
790	113
791	182
792	114
793	149
794	138
795	135
796	133
797	156
798	168
799	182
800	168
801	125
802	154
803	136
804	115
805	82
806	150
807	136
808	161
809	139
810	120
811	168
812	91
813	122
814	156
815	123
816	122
817	107
818	93
819	137
820	116
821	157
822	95
823	142
824	160
825	112
826	152
827	137
828	172
829	143
830	143
831	133
832	150
833	179
834	149
835	169
836	147
837	141
838	141
839	162
840	172
841	136
842	190
843	117
844	140
845	152
846	115
847	149
848	153
849	150
850	145
851	183
852	144
853	130
854	166
855	119
856	197
857	173
858	147
859	105
860	124
861	143
862	130
863	133
864	134
865	169
866	117
867	127
868	161
869	155
870	110
871	127
872	135
873	129
874	129
875	123
876	139
877	150
878	141
879	113
880	151
881	133
882	165
883	161
884	152
885	119
886	90
887	109
888	140
889	188
890	146
891	176
892	118
893	162
894	152
895	174
896	149
897	131
898	102
899	142
900	148
901	149
902	144
903	134
904	220
905	148
906	134
907	157
908	233
909	156
910	239
911	320
912	225
913	134
914	185
915	325
916	220
917	121
918	145
919	135
920	127
921	158
922	188
923	174
924	158
925	147
926	103
927	164
928	172
929	132
930	168
931	115
932	141
933	167
934	167
935	178
936	116
937	132
938	122
939	181
940	146
941	160
942	133
943	145
944	151
945	189
946	153
947	166
948	106
949	126
950	163
951	139
952	189
953	145
954	138
955	131
956	190
957	214
958	128
959	155
960	165
961	154
962	168
963	127
964	164
965	118
966	135
967	124
968	131
969	181
970	217
971	144
972	126
973	156
974	134
975	145
976	158
977	162
978	107
979	190
980	201
981	121
982	176
983	124
984	188
985	105
986	136
987	147
988	141
989	193
990	185
991	169
992	112
993	141
994	163
995	150
996	179
997	177
998	158
999	158
1000	198
1001	163
1002	147
1003	107
1004	152
1005	163
1006	149
1007	150
1008	145
1009	147
1010	124
1011	190
1012	189
1013	162
1014	152
1015	152
1016	151
1017	113
1018	186
1019	166
1020	159
1021	113
1022	152
1023	189
1024	139
1025	156
1026	176
1027	174
1028	182
1029	141
1030	156
1031	155
1032	185
1033	157
1034	132
1035	170
1036	153
1037	183
1038	175
1039	180
1040	127
1041	202
1042	189
1043	156
1044	155
1045	130
1046	162
1047	158
1048	135
1049	136
1050	179
1051	143
1052	139
1053	133
1054	128
1055	205
1056	181
1057	162
1058	146
1059	192
1060	141
1061	126
1062	170
1063	151
1064	167
1065	172
1066	170
1067	192
1068	147
1069	145
1070	131
1071	137
1072	221
1073	130
1074	148
1075	178
1076	124
1077	162
1078	133
1079	167
1080	142
1081	196
1082	168
1083	116
1084	179
1085	141
1086	196
1087	118
1088	126
1089	156
1090	159
1091	142
1092	142
1093	199
1094	130
1095	118
1096	161
1097	163
1098	203
1099	179
1100	205
1101	247
1102	176
1103	231
1104	164
1105	124
1106	216
1107	175
1108	187
1109	192
1110	223
1111	167
1112	155
1113	110
1114	170
1115	183
1116	223
1117	238
1118	142
1119	138
1120	145
1121	147
1122	140
1123	139
1124	146
1125	161
1126	206
1127	199
1128	173
1129	159
1130	222
1131	201
1132	233
1133	175
1134	146
1135	217
1136	202
1137	149
1138	195
1139	395
1140	166
1141	188
1142	209
1143	191
1144	195
1145	139
1146	185
1147	161
1148	191
1149	218
1150	184
1151	154
1152	127
1153	186
1154	159
1155	158
1156	145
1157	196
1158	144
1159	158
1160	173
1161	246
1162	220
1163	163
1164	186
1165	277
1166	213
1167	170
1168	234
1169	136
1170	228
1171	232
1172	225
1173	371
1174	386
1175	274
1176	242
1177	257
1178	273
1179	266
1180	396
1181	253
1182	604
1183	397
1184	218
1185	323
1186	490
1187	474
1188	410
1189	399
1190	492
1191	268
1192	650
1193	1201
1194	1459
1195	1411
1196	1407
1197	1663
1198	1615
1199	1756
1200	1377
1201	983
1202	324
1203	350
1204	377
1205	414
1206	442
1207	412
1208	250
1209	196
1210	367
1211	614
1212	511
1213	348
1214	185
1215	210
1216	250
1217	326
1218	350
1219	186
1220	195
1221	262
1222	621
1223	269
1224	406
1225	347
1226	310
1227	335
1228	424
1229	325
1230	442
1231	346
1232	283
1233	267
1234	661
1235	656
1236	458
1237	325
1238	455
1239	543
1240	575
1241	645
1242	601
1243	309
1244	257
1245	614
1246	483
1247	384
1248	522
1249	774
1250	813
1251	703
1252	683
1253	672
1254	660
1255	529
1256	807
1257	819
1258	825
1259	549
1260	335
1261	441
1262	552
1263	563
1264	449
1265	619
1266	521
1267	381
1268	435
1269	480
1270	788
1271	638
1272	611
1273	505
1274	370
1275	388
1276	479
1277	339
1278	300
1279	280
1280	460
1281	422
1282	300
1283	250
1284	207
1285	166
1286	142
1287	238
1288	215
1289	333
1290	211
1291	327
1292	563
1293	542
1294	311
1295	307
1296	236
1297	215
1298	257
1299	196
1300	218
1301	298
1302	192
1303	290
1304	223
1305	402
1306	482
1307	406
1308	307
1309	204
1310	164
1311	205
1312	174
1313	459
1314	398
1315	409
1316	351
1317	285
1318	295
1319	226
1320	185
1321	163
1322	167
1323	210
1324	202
1325	216
1326	195
1327	173
1328	196
1329	210
1330	180
1331	178
1332	204
1333	185
1334	157
1335	175
1336	170
1337	192
1338	244
1339	167
1340	213
1341	178
1342	195
1343	172
1344	160
1345	212
1346	235
1347	145
1348	185
1349	182
1350	212
1351	228
1352	185
1353	170
1354	162
1355	154
1356	186
1357	345
1358	250
1359	207
1360	178
1361	182
1362	158
1363	185
1364	180
1365	202
1366	173
1367	172
1368	201
1369	187
1370	196
1371	229
1372	222
1373	158
1374	231
1375	161
1376	199
1377	137
1378	159
1379	184
1380	146
1381	109
1382	159
1383	184
1384	157
1385	160
1386	150
1387	158
1388	185
1389	156
1390	194
1391	159
1392	186
1393	124
1394	178
1395	155
1396	234
1397	235
1398	160
1399	189
1400	178
1401	92
1402	224
1403	188
1404	179
1405	184
1406	195
1407	166
1408	168
1409	152
1410	199
1411	123
1412	168
1413	179
1414	128
1415	131
1416	173
1417	188
1418	159
1419	207
1420	141
1421	166
1422	185
1423	165
1424	212
1425	186
1426	201
1427	189
1428	144
1429	184
1430	156
1431	187
1432	184
1433	142
1434	203
1435	164
1436	168
1437	144
1438	183
1439	199
1440	209
1441	236
1442	165
1443	200
1444	179
1445	126
1446	178
1447	213
1448	174
1449	189
1450	189
1451	248
1452	218
1453	215
1454	180
1455	196
1456	130
1457	203
1458	162
1459	139
1460	229
1461	182
1462	171
1463	181
1464	191
1465	156
1466	177
1467	226
1468	197
1469	216
1470	194
1471	172
1472	148
1473	160
1474	169
1475	221
1476	211
1477	149
1478	182
1479	178
1480	154
1481	188
1482	179
1483	186
1484	179
1485	131
1486	220
1487	167
1488	173
1489	169
1490	191
1491	188
1492	139
1493	164
1494	169
1495	190
1496	138
1497	204
1498	166
1499	189
1500	163
1501	167
1502	138
1503	153
1504	177
1505	183
1506	147
1507	189
1508	167
1509	203
1510	218
1511	186
1512	209
1513	173
1514	177
1515	179
1516	217
1517	184
1518	231
1519	172
1520	190
1521	175
1522	191
1523	165
1524	162
1525	188
1526	232
1527	166
1528	179
1529	193
1530	185
1531	193
1532	230
1533	158
1534	146
1535	193
1536	210
1537	136
1538	187
1539	217
1540	144
1541	196
1542	168
1543	221
1544	132
1545	177
1546	221
1547	203
1548	149
1549	189
1550	189
1551	171
1552	173
1553	151
1554	226
1555	187
1556	182
1557	163
1558	221
1559	193
1560	179
1561	175
1562	181
1563	143
1564	171
1565	188
1566	231
1567	236
1568	219
1569	236
1570	198
1571	197
1572	167
1573	186
1574	210
1575	168
1576	146
1577	177
1578	193
1579	181
1580	132
1581	166
1582	202
1583	205
1584	126
1585	184
1586	215
1587	194
1588	163
1589	211
1590	114
1591	184
1592	302
1593	296
1594	260
1595	219
1596	165
1597	202
1598	217
1599	161
1600	195
1601	176
1602	187
1603	217
1604	192
1605	229
1606	178
1607	187
1608	174
1609	197
1610	149
1611	200
1612	175
1613	208
1614	231
1615	218
1616	231
1617	165
1618	199
1619	177
1620	182
1621	142
1622	218
1623	138
1624	225
1625	288
1626	268
1627	183
1628	182
1629	151
1630	233
1631	230
1632	281
1633	216
1634	190
1635	184
1636	154
1637	157
1638	247
1639	206
1640	220
1641	182
1642	166
1643	183
1644	172
1645	245
1646	218
1647	213
1648	241
1649	226
1650	204
1651	177
1652	178
1653	240
1654	147
1655	180
1656	225
1657	158
1658	208
1659	178
1660	207
1661	131
1662	230
1663	230
1664	203
1665	202
1666	182
1667	232
1668	156
1669	222
1670	215
1671	153
1672	163
1673	141
1674	201
1675	314
1676	213
1677	191
1678	184
1679	195
1680	234
1681	197
1682	230
1683	216
1684	219
1685	183
1686	181
1687	184
1688	198
1689	162
1690	190
1691	217
1692	197
1693	207
1694	201
1695	179
1696	194
1697	181
1698	224
1699	221
1700	211
1701	210
1702	201
1703	231
1704	175
1705	142
1706	223
1707	193
1708	216
1709	199
1710	269
1711	291
1712	202
1713	214
1714	182
1715	215
1716	279
1717	228
1718	195
1719	216
1720	242
1721	222
1722	184
1723	222
1724	135
1725	238
1726	218
1727	222
1728	230
1729	229
1730	183
1731	256
1732	174
1733	188
1734	203
1735	298
1736	166
1737	197
1738	210
1739	211
1740	242
1741	166
1742	216
1743	255
1744	246
1745	205
1746	222
1747	249
1748	236
1749	192
1750	207
1751	191
1752	250
1753	198
1754	211
1755	201
1756	209
1757	208
1758	224
1759	153
1760	243
1761	151
1762	216
1763	189
1764	195
1765	185
1766	226
1767	162
1768	217
1769	232
1770	175
1771	275
1772	214
1773	229
1774	268
1775	179
1776	225
1777	167
1778	231
1779	256
1780	202
1781	187
1782	197
1783	227
1784	214
1785	209
1786	197
1787	194
1788	155
1789	212
1790	218
1791	228
1792	163
1793	211
1794	218
1795	245
1796	187
1797	168
1798	221
1799	206
1800	245
1801	180
1802	219
1803	225
1804	233
1805	202
1806	216
1807	183
1808	183
1809	173
1810	139
1811	183
1812	219
1813	351
1814	293
1815	212
1816	237
1817	232
1818	213
1819	273
1820	233
1821	250
1822	153
1823	265
1824	242
1825	275
1826	288
1827	219
1828	210
1829	216
1830	236
1831	224
1832	163
1833	216
1834	176
1835	253
1836	247
1837	202
1838	233
1839	295
1840	161
1841	216
1842	240
1843	219
1844	219
1845	243
1846	162
1847	265
1848	177
1849	190
1850	200
1851	221
1852	203
1853	213
1854	257
1855	208
1856	251
1857	267
1858	251
1859	238
1860	248
1861	242
1862	217
1863	217
1864	217
1865	255
1866	229
1867	177
1868	187
1869	278
1870	224
1871	281
1872	238
1873	215
1874	207
1875	173
1876	190
1877	229
1878	216
1879	193
1880	251
1881	212
1882	185
1883	218
1884	227
1885	240
1886	149
1887	195
1888	272
1889	302
1890	248
1891	301
1892	294
1893	304
1894	271
1895	231
1896	251
1897	256
1898	259
1899	284
1900	231
1901	227
1902	214
1903	227
1904	234
1905	218
1906	222
1907	197
1908	273
1909	227
1910	236
1911	218
1912	231
1913	287
1914	345
1915	228
1916	239
1917	263
1918	182
1919	269
1920	210
1921	220
1922	256
1923	242
1924	212
1925	247
1926	234
1927	229
1928	202
1929	178
1930	185
1931	249
1932	252
1933	251
1934	240
1935	251
1936	286
1937	245
1938	280
1939	273
1940	240
1941	263
1942	214
1943	258
1944	233
1945	224
1946	228
1947	175
1948	232
1949	209
1950	263
1951	233
1952	213
1953	264
1954	280
1955	253
1956	260
1957	210
1958	199
1959	213
1960	224
1961	236
1962	252
1963	243
1964	253
1965	265
1966	239
1967	193
1968	198
1969	273
1970	346
1971	274
1972	294
1973	299
1974	232
1975	344
1976	390
1977	242
1978	211
1979	183
1980	258
1981	170
1982	225
1983	164
1984	167
1985	249
1986	237
1987	193
1988	243
1989	215
1990	264
1991	234
1992	288
1993	228
1994	242
1995	226
1996	184
1997	240
1998	237
1999	185
2000	246
2001	224
2002	230
2003	218
2004	264
2005	208
2006	246
2007	248
2008	242
2009	243
2010	280
2011	221
2012	274
2013	228
2014	279
2015	315
2016	238
2017	194
2018	187
2019	261
2020	188
2021	221
2022	422
2023	200
2024	198
2025	222
2026	152
2027	174
2028	180
2029	220
2030	174
2031	182
2032	196
2033	175
2034	224
2035	171
2036	192
2037	175
2038	213
2039	170
2040	200
2041	168
2042	171
2043	299
2044	313
2045	171
2046	160
2047	101
