Instrument: Andor
X Size: 2048
Y Size: 64
Total Flux: 0.000
Total Counts: 288209
Background: 315.000000
Curvature: 0.0
Clipped to ROI: No
ROI: 1309 526 2539 1627
X	Counts
0	72
1	105
2	84
3	92
4	77
5	79
6	68
7	89
8	96
9	80
10	81
11	110
12	101
13	63
14	77
15	80
16	74
17	112
18	67
19	77
20	102
21	63
22	95
23	70
24	57
25	58
26	52
27	39
28	42
29	73
30	67
31	80
32	61
33	61
34	69
35	62
36	75
37	86
38	95
39	83
40	76
41	61
42	82
43	74
44	90
45	60
46	70
47	42
48	96
49	97
50	62
51	60
52	52
53	73
54	102
55	69
56	53
57	91
58	71
59	77
60	60
61	55
62	67
63	94
64	57
65	79
66	22
67	66
68	73
69	117
70	85
71	47
72	60
73	83
74	71
75	106
76	94
77	93
78	106
79	69
80	58
81	70
82	71
83	68
84	65
85	79
86	87
87	62
88	50
89	78
90	69
91	59
92	69
93	62
94	52
95	62
96	87
97	60
98	93
99	88
100	68
101	62
102	71
103	68
104	80
105	78
106	58
107	51
108	71
109	87
110	75
111	59
112	79
113	82
114	88
115	75
116	66
117	71
118	74
119	83
120	83
121	110
122	71
123	112
124	88
125	65
126	64
127	36
128	54
129	85
130	113
131	63
132	67
133	88
134	98
135	93
136	93
137	66
138	133
139	117
140	87
141	87
142	110
143	82
144	95
145	111
146	67
147	68
148	95
149	61
150	88
151	82
152	98
153	88
154	136
155	99
156	82
157	77
158	76
159	101
160	87
161	117
162	76
163	86
164	88
165	101
166	62
167	59
168	93
169	106
170	72
171	60
172	75
173	91
174	60
175	93
176	75
177	57
178	73
179	67
180	48
181	72
182	50
183	48
184	60
185	61
186	48
187	67
188	88
189	106
190	72
191	63
192	101
193	81
194	53
195	54
196	97
197	65
198	33
199	46
200	88
201	72
202	73
203	79
204	60
205	85
206	52
207	71
208	76
209	80
210	65
211	72
212	63
213	69
214	39
215	70
216	86
217	76
218	83
219	54
220	74
221	93
222	50
223	100
224	59
225	96
226	58
227	81
228	57
229	105
230	87
231	83
232	54
233	77
234	76
235	53
236	63
237	100
238	115
239	72
240	48
241	67
242	85
243	59
244	102
245	90
246	66
247	90
248	89
249	58
250	93
251	34
252	36
253	92
254	79
255	60
256	82
257	52
258	79
259	73
260	56
261	77
262	73
263	112
264	53
265	78
266	63
267	70
268	73
269	66
270	99
271	136
272	76
273	80
274	122
275	76
276	64
277	44
278	75
279	57
280	82
281	74
282	59
283	52
284	44
285	75
286	63
287	73
288	73
289	85
290	72
291	57
292	42
293	101
294	71
295	74
296	67
297	48
298	56
299	72
300	90
301	57
302	65
303	53
304	51
305	66
306	62
307	97
308	64
309	75
310	69
311	70
312	94
313	59
314	89
315	45
316	103
317	47
318	52
319	55
320	51
321	64
322	66
323	68
324	76
325	126
326	45
327	124
328	58
329	78
330	52
331	86
332	69
333	86
334	94
335	82
336	108
337	68
338	83
339	77
340	67
341	57
342	71
343	86
344	86
345	75
346	76
347	80
348	71
349	71
350	132
351	82
352	71
353	81
354	55
355	84
356	48
357	90
358	45
359	66
360	91
361	84
362	75
363	78
364	82
365	85
366	72
367	85
368	67
369	69
370	60
371	83
372	78
373	59
374	62
375	67
376	38
377	66
378	68
379	94
380	81
381	78
382	50
383	107
384	62
385	80
386	70
387	89
388	68
389	41
390	65
391	92
392	98
393	92
394	73
395	60
396	63
397	74
398	134
399	70
400	64
401	76
402	68
403	74
404	62
405	86
406	87
407	72
408	79
409	77
410	65
411	75
412	76
413	74
414	65
415	68
416	77
417	67
418	104
419	55
420	51
421	78
422	91
423	94
424	71
425	85
426	75
427	92
428	65
429	64
430	128
431	82
432	99
433	120
434	87
435	91
436	106
437	115
438	92
439	106
440	59
441	74
442	50
443	66
444	84
445	107
446	135
447	117
448	103
449	71
450	92
451	80
452	86
453	74
454	56
455	82
456	63
457	100
458	84
459	91
460	98
461	94
462	97
463	70
464	70
465	91
466	85
467	77
468	65
469	52
470	55
471	87
472	83
473	93
474	121
475	72
476	78
477	56
478	100
479	75
480	97
481	67
482	92
483	80
484	67
485	136
486	107
487	97
488	117
489	154
490	66
491	64
492	91
493	88
494	57
495	50
496	80
497	81
498	126
499	66
500	57
501	68
502	66
503	72
504	50
505	109
506	75
507	84
508	95
509	49
510	120
511	68
512	108
513	81
514	58
515	98
516	82
517	94
518	101
519	81
520	43
521	75
522	109
523	79
524	77
525	96
526	85
527	99
528	88
529	112
530	163
531	144
532	51
533	75
534	101
535	93
536	81
537	75
538	66
539	81
540	49
541	60
542	90
543	123
544	75
545	119
546	83
547	86
548	95
549	139
550	90
551	77
552	72
553	117
554	80
555	84
556	105
557	76
558	82
559	46
560	102
561	103
562	109
563	216
564	191
565	94
566	74
567	57
568	86
569	88
570	68
571	106
572	97
573	87
574	91
575	71
576	50
577	81
578	135
579	74
580	95
581	59
582	70
583	96
584	69
585	93
586	77
587	73
588	70
589	57
590	103
591	59
592	82
593	89
594	86
595	81
596	84
597	63
598	72
599	92
600	116
601	88
602	76
603	65
604	85
605	83
606	74
607	98
608	96
609	50
610	91
611	87
612	60
613	61
614	175
615	51
616	118
617	130
618	127
619	89
620	138
621	141
622	107
623	49
624	85
625	95
626	87
627	47
628	112
629	109
630	74
631	87
632	107
633	72
634	55
635	74
636	91
637	108
638	92
639	102
640	107
641	115
642	95
643	116
644	89
645	102
646	80
647	103
648	120
649	109
650	145
651	175
652	115
653	81
654	121
655	71
656	135
657	97
658	112
659	86
660	72
661	107
662	107
663	68
664	123
665	113
666	106
667	100
668	120
669	137
670	141
671	123
672	135
673	103
674	93
675	96
676	120
677	181
678	170
679	78
680	94
681	66
682	97
683	88
684	59
685	93
686	127
687	76
688	102
689	58
690	88
691	96
692	55
693	68
694	105
695	70
696	103
697	103
698	97
699	82
700	83
701	200
702	80
703	74
704	77
705	100
706	94
707	151
708	127
709	164
710	101
711	131
712	100
713	85
714	68
715	100
716	111
717	125
718	61
719	64
720	90
721	76
722	112
723	63
724	86
725	101
726	90
727	91
728	90
729	96
730	83
731	76
732	82
733	106
734	127
735	56
736	97
737	65
738	94
739	120
740	69
741	88
742	90
743	87
744	99
745	124
746	99
747	151
748	182
749	203
750	125
751	102
752	69
753	87
754	91
755	86
756	78
757	76
758	89
759	84
760	61
761	97
762	80
763	95
764	98
765	85
766	106
767	78
768	72
769	82
770	81
771	79
772	128
773	128
774	82
775	102
776	112
777	132
778	109
779	85
780	104
781	113
782	101
783	95
784	99
785	75
786	99
787	85
788	87
789	98
790	79
791	89
792	83
793	77
794	105
795	79
796	69
797	64
798	119
799	56
800	120
801	109
802	84
803	114
804	74
805	86
806	69
807	94
808	109
809	100
810	84
811	106
812	90
813	84
814	108
815	116
816	235
817	119
818	117
819	103
820	89
821	103
822	85
823	62
824	80
825	125
826	154
827	86
828	109
829	99
830	142
831	99
832	130
833	106
834	83
835	129
836	103
837	103
838	97
839	101
840	81
841	75
842	150
843	251
844	212
845	123
846	130
847	101
848	98
849	113
850	139
851	72
852	102
853	92
854	156
855	145
856	138
857	90
858	129
859	81
860	73
861	142
862	117
863	100
864	84
865	120
866	95
867	72
868	89
869	119
870	78
871	114
872	100
873	92
874	96
875	103
876	95
877	117
878	58
879	78
880	129
881	104
882	134
883	97
884	103
885	96
886	83
887	75
888	82
889	87
890	145
891	97
892	65
893	115
894	93
895	90
896	92
897	64
898	97
899	110
900	102
901	58
902	127
903	124
904	123
905	88
906	129
907	80
908	179
909	156
910	181
911	134
912	162
913	115
914	147
915	254
916	135
917	102
918	96
919	116
920	113
921	88
922	117
923	84
924	86
925	108
926	44
927	101
928	125
929	96
930	98
931	97
932	91
933	78
934	80
935	118
936	93
937	82
938	114
939	108
940	101
941	139
942	123
943	118
944	146
945	207
946	96
947	122
948	97
949	82
950	144
951	103
952	116
953	116
954	110
955	68
956	132
957	121
958	96
959	85
960	154
961	145
962	85
963	129
964	91
965	83
966	154
967	59
968	90
969	111
970	160
971	95
972	113
973	128
974	134
975	85
976	85
977	104
978	135
979	122
980	90
981	146
982	137
983	95
984	117
985	93
986	92
987	86
988	105
989	144
990	122
991	110
992	98
993	95
994	105
995	89
996	131
997	143
998	113
999	128
1000	198
1001	132
1002	87
1003	133
1004	112
1005	91
1006	108
1007	118
1008	141
1009	83
1010	85
1011	112
1012	121
1013	104
1014	123
1015	124
1016	134
1017	133
1018	94
1019	133
1020	121
1021	110
1022	126
1023	131
1024	131
1025	160
1026	143
1027	91
1028	151
1029	100
1030	86
1031	137
1032	189
1033	120
1034	150
1035	126
1036	123
1037	183
1038	191
1039	198
1040	140
1041	110
1042	143
1043	121
1044	96
1045	115
1046	123
1047	102
1048	113
1049	107
1050	77
1051	112
1052	143
1053	138
1054	146
1055	240
1056	167
1057	180
1058	113
1059	122
1060	110
1061	139
1062	182
1063	165
1064	96
1065	91
1066	96
1067	96
1068	113
1069	117
1070	106
1071	123
1072	153
1073	86
1074	83
1075	99
1076	129
1077	96
1078	79
1079	121
1080	78
1081	97
1082	119
1083	108
1084	152
1085	104
1086	102
1087	128
1088	96
1089	168
1090	134
1091	173
1092	134
1093	123
1094	114
1095	120
1096	144
1097	161
1098	113
1099	96
1100	178
1101	191
1102	154
1103	86
1104	132
1105	76
1106	105
1107	118
1108	113
1109	111
1110	156
1111	139
1112	154
1113	147
1114	192
1115	146
1116	169
1117	113
1118	157
1119	101
1120	164
1121	184
1122	134
1123	109
1124	155
1125	135
1126	96
1127	81
1128	122
1129	130
1130	95
1131	131
1132	129
1133	164
1134	119
1135	108
1136	92
1137	111
1138	127
1139	165
1140	97
1141	115
1142	147
1143	106
1144	131
1145	145
1146	294
1147	101
1148	89
1149	88
1150	108
1151	74
1152	131
1153	124
1154	101
1155	118
1156	98
1157	228
1158	413
1159	262
1160	120
1161	122
1162	163
1163	212
1164	226
1165	202
1166	253
1167	229
1168	207
1169	108
1170	146
1171	149
1172	447
1173	299
1174	100
1175	238
1176	376
1177	304
1178	199
1179	169
1180	308
1181	352
1182	313
1183	414
1184	320
1185	177
1186	155
1187	217
1188	318
1189	759
1190	379
1191	269
1192	373
1193	335
1194	609
1195	473
1196	915
1197	1156
1198	1105
1199	716
1200	479
1201	1297
1202	953
1203	734
1204	687
1205	450
1206	701
1207	485
1208	573
1209	376
1210	618
1211	336
1212	558
1213	505
1214	335
1215	414
1216	342
1217	205
1218	341
1219	581
1220	707
1221	674
1222	671
1223	375
1224	612
1225	681
1226	1149
1227	1246
1228	1363
1229	1304
1230	730
1231	668
1232	937
1233	404
1234	318
1235	330
1236	297
1237	546
1238	789
1239	458
1240	392
1241	536
1242	379
1243	443
1244	396
1245	588
1246	344
1247	550
1248	784
1249	537
1250	581
1251	553
1252	400
1253	430
1254	686
1255	464
1256	237
1257	490
1258	282
1259	232
1260	287
1261	327
1262	348
1263	436
1264	447
1265	352
1266	181
1267	339
1268	435
1269	450
1270	568
1271	383
1272	230
1273	315
1274	260
1275	183
1276	114
1277	171
1278	479
1279	658
1280	736
1281	744
1282	427
1283	215
1284	164
1285	311
1286	342
1287	177
1288	166
1289	164
1290	323
1291	410
1292	350
1293	484
1294	182
1295	187
1296	334
1297	123
1298	193
1299	199
1300	138
1301	127
1302	81
1303	161
1304	103
1305	156
1306	112
1307	112
1308	129
1309	125
1310	107
1311	131
1312	94
1313	133
1314	161
1315	208
1316	275
1317	192
1318	138
1319	198
1320	393
1321	211
1322	226
1323	236
1324	255
1325	213
1326	277
1327	139
1328	154
1329	132
1330	121
1331	111
1332	209
1333	274
1334	251
1335	230
1336	188
1337	182
1338	140
1339	175
1340	177
1341	140
1342	102
1343	164
1344	137
1345	225
1346	170
1347	167
1348	180
1349	137
1350	145
1351	122
1352	140
1353	118
1354	68
1355	107
1356	155
1357	123
1358	85
1359	122
1360	99
1361	114
1362	111
1363	152
1364	136
1365	149
1366	145
1367	126
1368	128
1369	135
1370	134
1371	151
1372	158
1373	276
1374	127
1375	128
1376	134
1377	137
1378	147
1379	130
1380	175
1381	118
1382	114
1383	173
1384	104
1385	167
1386	104
1387	193
1388	126
1389	155
1390	123
1391	110
1392	131
1393	109
1394	81
1395	133
1396	92
1397	146
1398	184
1399	118
1400	132
1401	116
1402	184
1403	124
1404	111
1405	127
1406	160
1407	130
1408	109
1409	90
1410	146
1411	112
1412	107
1413	106
1414	137
1415	81
1416	134
1417	98
1418	162
1419	111
1420	122
1421	173
1422	115
1423	84
1424	144
1425	123
1426	148
1427	140
1428	165
1429	117
1430	106
1431	155
1432	118
1433	155
1434	138
1435	126
1436	140
1437	162
1438	127
1439	150
1440	153
1441	136
1442	145
1443	144
1444	144
1445	139
1446	139
1447	136
1448	128
1449	137
1450	158
1451	149
1452	144
1453	122
1454	178
1455	142
1456	93
1457	95
1458	111
1459	161
1460	185
1461	138
1462	142
1463	115
1464	135
1465	122
1466	112
1467	159
1468	113
1469	108
1470	109
1471	118
1472	112
1473	95
1474	152
1475	184
1476	210
1477	127
1478	136
1479	159
1480	128
1481	135
1482	103
1483	189
1484	147
1485	99
1486	153
1487	138
1488	172
1489	104
1490	158
1491	129
1492	116
1493	138
1494	85
1495	181
1496	116
1497	163
1498	131
1499	163
1500	127
1501	107
1502	137
1503	125
1504	130
1505	151
1506	133
1507	110
1508	150
1509	168
1510	178
1511	115
1512	113
1513	101
1514	123
1515	205
1516	202
1517	140
1518	143
1519	139
1520	118
1521	114
1522	131
1523	142
1524	189
1525	150
1526	99
1527	133
1528	110
1529	125
1530	148
1531	173
1532	102
1533	63
1534	98
1535	178
1536	144
1537	154
1538	115
1539	145
1540	89
1541	119
1542	123
1543	118
1544	115
1545	168
1546	137
1547	222
1548	182
1549	121
1550	174
1551	113
1552	126
1553	179
1554	165
1555	115
1556	166
1557	134
1558	168
1559	154
1560	112
1561	144
1562	92
1563	115
1564	171
1565	121
1566	106
1567	141
1568	158
1569	131
1570	121
1571	161
1572	122
1573	166
1574	143
1575	107
1576	145
1577	135
1578	147
1579	129
1580	120
1581	137
1582	152
1583	113
1584	123
1585	145
1586	136
1587	129
1588	123
1589	148
1590	135
1591	160
1592	196
1593	163
1594	152
1595	172
1596	152
1597	195
1598	204
1599	150
1600	168
1601	102
1602	120
1603	195
1604	164
1605	140
1606	126
1607	97
1608	168
1609	148
1610	149
1611	157
1612	136
1613	119
1614	144
1615	130
1616	157
1617	127
1618	140
1619	115
1620	201
1621	123
1622	145
1623	139
1624	139
1625	133
1626	145
1627	143
1628	164
1629	109
1630	152
1631	141
1632	142
1633	142
1634	131
1635	171
1636	116
1637	149
1638	167
1639	178
1640	143
1641	181
1642	131
1643	139
1644	125
1645	144
1646	148
1647	158
1648	155
1649	142
1650	119
1651	152
1652	170
1653	217
1654	128
1655	136
1656	152
1657	143
1658	161
1659	142
1660	173
1661	137
1662	175
1663	148
1664	131
1665	93
1666	130
1667	174
1668	152
1669	173
1670	186
1671	97
1672	179
1673	128
1674	125
1675	183
1676	156
1677	165
1678	142
1679	153
1680	196
1681	190
1682	124
1683	148
1684	156
1685	169
1686	114
1687	121
1688	163
1689	140
1690	128
1691	175
1692	123
1693	156
1694	145
1695	161
1696	140
1697	112
1698	194
1699	143
1700	197
1701	147
1702	141
1703	146
1704	119
1705	131
1706	186
1707	104
1708	180
1709	143
1710	94
1711	151
1712	116
1713	113
1714	156
1715	142
1716	146
1717	138
1718	119
1719	155
1720	181
1721	129
1722	158
1723	207
1724	114
1725	118
1726	163
1727	154
1728	168
1729	112
1730	182
1731	156
1732	125
1733	136
1734	147
1735	171
1736	122
1737	103
1738	160
1739	202
1740	178
1741	127
1742	142
1743	146
1744	144
1745	138
1746	164
1747	138
1748	151
1749	196
1750	170
1751	201
1752	105
1753	137
1754	156
1755	178
1756	170
1757	147
1758	183
1759	159
1760	146
1761	171
1762	162
1763	154
1764	158
1765	157
1766	143
1767	181
1768	112
1769	192
1770	151
1771	197
1772	171
1773	148
1774	226
1775	118
1776	165
1777	179
1778	194
1779	175
1780	162
1781	159
1782	127
1783	194
1784	197
1785	186
1786	160
1787	114
1788	185
1789	225
1790	181
1791	152
1792	171
1793	146
1794	149
1795	154
1796	185
1797	118
1798	193
1799	165
1800	117
1801	132
1802	157
1803	146
1804	146
1805	197
1806	170
1807	185
1808	147
1809	159
1810	116
1811	138
1812	188
1813	191
1814	199
1815	227
1816	178
1817	199
1818	155
1819	159
1820	220
1821	215
1822	187
1823	154
1824	124
1825	175
1826	174
1827	189
1828	165
1829	141
1830	138
1831	237
1832	178
1833	323
1834	169
1835	179
1836	132
1837	182
1838	149
1839	166
1840	176
1841	164
1842	139
1843	192
1844	173
1845	193
1846	188
1847	171
1848	188
1849	151
1850	160
1851	171
1852	152
1853	140
1854	158
1855	134
1856	170
1857	213
1858	223
1859	224
1860	207
1861	160
1862	195
1863	310
1864	220
1865	134
1866	228
1867	172
1868	144
1869	223
1870	227
1871	259
1872	138
1873	205
1874	163
1875	162
1876	170
1877	219
1878	173
1879	159
1880	201
1881	201
1882	178
1883	156
1884	194
1885	176
1886	170
1887	179
1888	204
1889	236
1890	232
1891	159
1892	210
1893	133
1894	174
1895	210
1896	158
1897	196
1898	204
1899	184
1900	183
1901	175
1902	135
1903	202
1904	186
1905	259
1906	195
1907	177
1908	142
1909	161
1910	157
1911	128
1912	167
1913	163
1914	184
1915	194
1916	216
1917	234
1918	160
1919	194
1920	161
1921	208
1922	155
1923	165
1924	109
1925	180
1926	122
1927	192
1928	292
1929	207
1930	198
1931	175
1932	189
1933	215
1934	191
1935	220
1936	204
1937	207
1938	171
1939	217
1940	247
1941	231
1942	214
1943	204
1944	226
1945	220
1946	158
1947	141
1948	202
1949	179
1950	222
1951	179
1952	142
1953	242
1954	179
1955	173
1956	225
1957	109
1958	130
1959	158
1960	190
1961	222
1962	181
1963	194
1964	182
1965	215
1966	177
1967	181
1968	254
1969	334
1970	201
1971	157
1972	178
1973	217
1974	161
1975	157
1976	217
1977	233
1978	175
1979	150
1980	192
1981	185
1982	205
1983	185
1984	142
1985	200
1986	174
1987	152
1988	134
1989	150
1990	186
1991	219
1992	199
1993	175
1994	170
1995	145
1996	238
1997	198
1998	185
1999	164
2000	192
2001	208
2002	236
2003	178
2004	194
2005	177
2006	210
2007	130
2008	151
2009	199
2010	170
2011	189
2012	150
2013	181
2014	181
2015	251
2016	161
2017	181
2018	164
2019	185
2020	207
2021	197
2022	236
2023	147
2024	165
2025	177
2026	111
2027	107
2028	120
2029	212
2030	153
2031	105
2032	166
2033	206
2034	162
2035	158
2036	83
2037	92
2038	144
2039	197
2040	95
2041	103
2042	91
2043	122
2044	96
2045	75
2046	117
2047	100
