Instrument: Andor
X Size: 2048
Y Size: 64
Total Flux: 0.000
Total Counts: 370299
Background: 315.000000
Curvature: 0.0
Clipped to ROI: No
ROI: 1309 526 2539 1627
X	Counts
0	115
1	61
2	112
3	77
4	105
5	85
6	102
7	59
8	105
9	118
10	70
11	127
12	130
13	60
14	77
15	98
16	92
17	117
18	125
19	77
20	69
21	98
22	116
23	95
24	105
25	92
26	135
27	84
28	91
29	119
30	92
31	99
32	135
33	91
34	87
35	68
36	72
37	54
38	153
39	94
40	136
41	80
42	90
43	128
44	131
45	97
46	113
47	78
48	125
49	94
50	104
51	117
52	98
53	94
54	96
55	98
56	87
57	82
58	66
59	96
60	101
61	68
62	99
63	90
64	105
65	88
66	83
67	87
68	92
69	67
70	144
71	110
72	101
73	79
74	75
75	146
76	148
77	147
78	93
79	71
80	79
81	129
82	123
83	121
84	101
85	136
86	84
87	86
88	100
89	78
90	119
91	135
92	132
93	93
94	140
95	95
96	96
97	87
98	71
99	73
100	222
101	208
102	95
103	92
104	97
105	130
106	138
107	64
108	82
109	116
110	74
111	117
112	110
113	80
114	127
115	131
116	186
117	115
118	106
119	80
120	116
121	99
122	96
123	131
124	94
125	72
126	80
127	94
128	118
129	211
130	198
131	106
132	75
133	109
134	115
135	109
136	124
137	81
138	86
139	119
140	134
141	122
142	134
143	95
144	125
145	171
146	124
147	93
148	141
149	95
150	94
151	107
152	117
153	105
154	113
155	73
156	143
157	91
158	133
159	137
160	121
161	70
162	95
163	128
164	93
165	59
166	147
167	110
168	93
169	85
170	144
171	99
172	81
173	105
174	102
175	112
176	65
177	80
178	112
179	107
180	136
181	98
182	92
183	124
184	116
185	96
186	145
187	71
188	107
189	105
190	114
191	80
192	74
193	80
194	112
195	76
196	96
197	123
198	92
199	54
200	58
201	83
202	116
203	108
204	103
205	153
206	118
207	142
208	111
209	85
210	75
211	117
212	71
213	86
214	109
215	97
216	116
217	61
218	81
219	110
220	81
221	123
222	84
223	98
224	92
225	98
226	99
227	87
228	81
229	104
230	133
231	97
232	64
233	109
234	123
235	181
236	88
237	92
238	99
239	74
240	55
241	78
242	128
243	90
244	105
245	89
246	119
247	98
248	81
249	99
250	101
251	78
252	78
253	87
254	125
255	95
256	80
257	90
258	105
259	81
260	103
261	98
262	90
263	143
264	91
265	88
266	91
267	126
268	79
269	106
270	122
271	135
272	118
273	69
274	65
275	203
276	96
277	120
278	100
279	149
280	99
281	97
282	107
283	108
284	97
285	90
286	101
287	106
288	77
289	115
290	81
291	119
292	63
293	122
294	102
295	80
296	116
297	70
298	127
299	72
300	70
301	104
302	69
303	78
304	89
305	71
306	181
307	161
308	57
309	87
310	106
311	93
312	69
313	102
314	126
315	90
316	97
317	137
318	162
319	102
320	77
321	112
322	103
323	69
324	99
325	122
326	105
327	94
328	91
329	83
330	103
331	83
332	129
333	64
334	75
335	116
336	80
337	94
338	101
339	101
340	110
341	61
342	81
343	114
344	112
345	115
346	103
347	91
348	83
349	89
350	130
351	101
352	132
353	109
354	116
355	78
356	86
357	104
358	134
359	155
360	149
361	110
362	128
363	122
364	103
365	97
366	78
367	92
368	96
369	99
370	77
371	87
372	110
373	90
374	71
375	118
376	69
377	108
378	112
379	103
380	98
381	90
382	121
383	109
384	108
385	68
386	72
387	88
388	91
389	163
390	175
391	101
392	128
393	89
394	201
395	146
396	147
397	144
398	242
399	182
400	108
401	77
402	130
403	111
404	211
405	230
406	107
407	126
408	81
409	102
410	148
411	154
412	137
413	93
414	83
415	87
416	91
417	92
418	111
419	97
420	135
421	123
422	90
423	90
424	106
425	104
426	127
427	156
428	69
429	102
430	71
431	75
432	95
433	117
434	105
435	63
436	123
437	104
438	88
439	111
440	119
441	107
442	147
443	80
444	95
445	98
446	103
447	131
448	108
449	89
450	115
451	97
452	113
453	83
454	58
455	100
456	84
457	104
458	105
459	90
460	120
461	171
462	202
463	120
464	111
465	78
466	70
467	105
468	80
469	84
470	103
471	78
472	109
473	89
474	132
475	61
476	102
477	100
478	145
479	87
480	93
481	125
482	114
483	134
484	118
485	130
486	99
487	79
488	71
489	101
490	144
491	324
492	180
493	166
494	103
495	125
496	89
497	78
498	86
499	92
500	88
501	129
502	69
503	105
504	84
505	108
506	56
507	102
508	77
509	120
510	116
511	158
512	86
513	92
514	97
515	101
516	96
517	110
518	121
519	142
520	124
521	105
522	137
523	106
524	87
525	113
526	144
527	113
528	127
529	98
530	116
531	92
532	93
533	68
534	103
535	94
536	103
537	88
538	99
539	133
540	102
541	114
542	93
543	117
544	118
545	136
546	125
547	111
548	120
549	101
550	108
551	104
552	105
553	105
554	122
555	99
556	127
557	124
558	80
559	133
560	95
561	128
562	128
563	87
564	101
565	117
566	117
567	98
568	82
569	110
570	105
571	88
572	101
573	88
574	107
575	72
576	118
577	89
578	104
579	132
580	127
581	78
582	110
583	122
584	82
585	92
586	76
587	108
588	113
589	97
590	85
591	80
592	126
593	108
594	87
595	101
596	116
597	158
598	137
599	154
600	118
601	106
602	123
603	98
604	122
605	89
606	91
607	106
608	117
609	116
610	121
611	137
612	96
613	66
614	99
615	99
616	136
617	85
618	105
619	106
620	139
621	145
622	157
623	94
624	121
625	127
626	85
627	86
628	109
629	132
630	102
631	117
632	131
633	127
634	131
635	116
636	140
637	133
638	149
639	140
640	99
641	89
642	124
643	118
644	131
645	157
646	144
647	224
648	87
649	86
650	152
651	184
652	229
653	457
654	596
655	428
656	460
657	264
658	288
659	137
660	171
661	263
662	472
663	214
664	274
665	167
666	152
667	125
668	128
669	122
670	161
671	111
672	94
673	130
674	109
675	91
676	151
677	89
678	117
679	107
680	125
681	112
682	179
683	236
684	159
685	129
686	95
687	120
688	108
689	71
690	117
691	88
692	102
693	193
694	163
695	182
696	200
697	136
698	133
699	108
700	80
701	99
702	103
703	65
704	116
705	131
706	184
707	266
708	135
709	132
710	78
711	132
712	120
713	94
714	95
715	175
716	160
717	154
718	104
719	105
720	120
721	117
722	172
723	159
724	343
725	205
726	174
727	194
728	87
729	112
730	94
731	124
732	121
733	90
734	191
735	268
736	126
737	112
738	112
739	137
740	126
741	133
742	117
743	127
744	144
745	140
746	157
747	131
748	136
749	114
750	120
751	127
752	108
753	111
754	132
755	131
756	103
757	166
758	132
759	135
760	99
761	105
762	111
763	144
764	114
765	143
766	132
767	103
768	113
769	127
770	114
771	180
772	178
773	218
774	118
775	136
776	117
777	117
778	152
779	114
780	101
781	174
782	137
783	141
784	108
785	114
786	147
787	142
788	151
789	114
790	144
791	96
792	111
793	148
794	114
795	132
796	100
797	123
798	199
799	129
800	210
801	131
802	116
803	120
804	108
805	115
806	127
807	189
808	139
809	113
810	147
811	110
812	113
813	155
814	106
815	111
816	114
817	114
818	153
819	166
820	198
821	143
822	138
823	126
824	107
825	149
826	241
827	120
828	141
829	100
830	138
831	115
832	75
833	104
834	119
835	115
836	112
837	128
838	134
839	189
840	111
841	188
842	156
843	151
844	127
845	138
846	132
847	166
848	169
849	186
850	114
851	171
852	160
853	118
854	143
855	142
856	148
857	211
858	109
859	107
860	100
861	149
862	186
863	128
864	108
865	155
866	129
867	155
868	97
869	141
870	138
871	122
872	155
873	94
874	120
875	167
876	140
877	112
878	152
879	113
880	154
881	106
882	138
883	218
884	103
885	129
886	118
887	137
888	149
889	121
890	172
891	104
892	133
893	128
894	165
895	198
896	145
897	150
898	146
899	174
900	152
901	113
902	166
903	183
904	224
905	123
906	103
907	152
908	180
909	143
910	102
911	127
912	96
913	98
914	99
915	113
916	149
917	126
918	151
919	97
920	128
921	157
922	131
923	117
924	108
925	131
926	100
927	141
928	141
929	107
930	135
931	107
932	150
933	130
934	171
935	112
936	106
937	108
938	125
939	145
940	134
941	156
942	107
943	98
944	151
945	183
946	131
947	181
948	152
949	102
950	167
951	122
952	166
953	147
954	164
955	104
956	139
957	143
958	133
959	161
960	121
961	149
962	94
963	96
964	172
965	152
966	179
967	125
968	152
969	142
970	135
971	126
972	153
973	146
974	111
975	88
976	158
977	165
978	138
979	150
980	180
981	133
982	143
983	130
984	163
985	108
986	145
987	102
988	153
989	147
990	125
991	211
992	112
993	128
994	130
995	104
996	177
997	102
998	115
999	200
1000	176
1001	138
1002	102
1003	179
1004	157
1005	131
1006	123
1007	137
1008	160
1009	248
1010	167
1011	215
1012	230
1013	169
1014	185
1015	124
1016	136
1017	174
1018	158
1019	143
1020	192
1021	154
1022	145
1023	148
1024	142
1025	149
1026	120
1027	140
1028	158
1029	124
1030	143
1031	152
1032	174
1033	143
1034	153
1035	167
1036	125
1037	147
1038	148
1039	227
1040	181
1041	129
1042	156
1043	107
1044	139
1045	121
1046	170
1047	151
1048	259
1049	193
1050	118
1051	138
1052	150
1053	147
1054	142
1055	151
1056	151
1057	148
1058	141
1059	150
1060	161
1061	167
1062	188
1063	212
1064	148
1065	132
1066	154
1067	125
1068	141
1069	131
1070	147
1071	203
1072	161
1073	131
1074	114
1075	201
1076	166
1077	211
1078	111
1079	178
1080	140
1081	147
1082	181
1083	91
1084	150
1085	150
1086	205
1087	153
1088	148
1089	186
1090	136
1091	127
1092	125
1093	137
1094	155
1095	132
1096	107
1097	139
1098	108
1099	120
1100	130
1101	159
1102	166
1103	127
1104	138
1105	148
1106	171
1107	148
1108	210
1109	219
1110	362
1111	308
1112	225
1113	130
1114	169
1115	111
1116	173
1117	183
1118	132
1119	147
1120	156
1121	170
1122	108
1123	142
1124	135
1125	144
1126	139
1127	154
1128	142
1129	161
1130	127
1131	158
1132	166
1133	182
1134	175
1135	131
1136	181
1137	150
1138	122
1139	215
1140	231
1141	177
1142	171
1143	206
1144	187
1145	131
1146	163
1147	287
1148	256
1149	281
1150	203
1151	298
1152	212
1153	146
1154	224
1155	338
1156	297
1157	166
1158	162
1159	311
1160	542
1161	318
1162	137
1163	163
1164	229
1165	331
1166	673
1167	742
1168	358
1169	220
1170	602
1171	513
1172	588
1173	280
1174	213
1175	267
1176	281
1177	231
1178	298
1179	562
1180	535
1181	305
1182	413
1183	413
1184	359
1185	365
1186	744
1187	509
1188	421
1189	409
1190	957
1191	1381
1192	1449
1193	718
1194	840
1195	1826
1196	2110
1197	2731
1198	3412
1199	3636
1200	3162
1201	3113
1202	2043
1203	1416
1204	754
1205	1087
1206	1887
1207	1296
1208	765
1209	453
1210	280
1211	464
1212	564
1213	299
1214	258
1215	430
1216	405
1217	307
1218	378
1219	598
1220	810
1221	332
1222	433
1223	396
1224	427
1225	671
1226	348
1227	263
1228	357
1229	399
1230	448
1231	371
1232	365
1233	401
1234	329
1235	269
1236	274
1237	252
1238	278
1239	226
1240	349
1241	705
1242	587
1243	364
1244	616
1245	637
1246	398
1247	440
1248	345
1249	403
1250	612
1251	760
1252	591
1253	426
1254	475
1255	567
1256	579
1257	373
1258	355
1259	396
1260	373
1261	612
1262	503
1263	363
1264	356
1265	258
1266	407
1267	502
1268	312
1269	187
1270	407
1271	678
1272	377
1273	279
1274	263
1275	315
1276	386
1277	425
1278	288
1279	261
1280	371
1281	234
1282	306
1283	649
1284	491
1285	388
1286	372
1287	284
1288	209
1289	221
1290	227
1291	254
1292	263
1293	195
1294	136
1295	141
1296	160
1297	176
1298	139
1299	239
1300	225
1301	265
1302	168
1303	89
1304	115
1305	140
1306	133
1307	154
1308	200
1309	304
1310	129
1311	161
1312	210
1313	365
1314	187
1315	162
1316	219
1317	150
1318	170
1319	187
1320	245
1321	141
1322	263
1323	131
1324	172
1325	216
1326	149
1327	160
1328	217
1329	174
1330	289
1331	210
1332	163
1333	244
1334	151
1335	192
1336	137
1337	161
1338	167
1339	173
1340	201
1341	193
1342	206
1343	171
1344	206
1345	184
1346	178
1347	158
1348	158
1349	113
1350	249
1351	420
1352	235
1353	236
1354	174
1355	168
1356	109
1357	126
1358	136
1359	140
1360	182
1361	163
1362	120
1363	182
1364	186
1365	166
1366	118
1367	150
1368	182
1369	157
1370	188
1371	149
1372	227
1373	221
1374	201
1375	182
1376	151
1377	164
1378	140
1379	113
1380	201
1381	139
1382	165
1383	156
1384	129
1385	162
1386	168
1387	159
1388	149
1389	179
1390	182
1391	130
1392	146
1393	151
1394	124
1395	140
1396	157
1397	187
1398	166
1399	135
1400	193
1401	172
1402	136
1403	156
1404	148
1405	155
1406	168
1407	143
1408	134
1409	149
1410	174
1411	178
1412	187
1413	186
1414	134
1415	131
1416	150
1417	166
1418	143
1419	198
1420	148
1421	135
1422	142
1423	142
1424	185
1425	154
1426	213
1427	168
1428	158
1429	179
1430	148
1431	176
1432	162
1433	185
1434	197
1435	190
1436	152
1437	191
1438	226
1439	176
1440	162
1441	170
1442	183
1443	170
1444	177
1445	136
1446	127
1447	194
1448	165
1449	157
1450	128
1451	172
1452	144
1453	180
1454	179
1455	143
1456	130
1457	141
1458	168
1459	148
1460	161
1461	177
1462	167
1463	252
1464	215
1465	155
1466	148
1467	163
1468	246
1469	235
1470	188
1471	197
1472	205
1473	173
1474	182
1475	167
1476	182
1477	147
1478	205
1479	173
1480	114
1481	168
1482	144
1483	214
1484	150
1485	132
1486	166
1487	194
1488	167
1489	171
1490	122
1491	211
1492	168
1493	219
1494	151
1495	246
1496	136
1497	221
1498	148
1499	263
1500	173
1501	163
1502	170
1503	173
1504	154
1505	178
1506	97
1507	224
1508	224
1509	196
1510	203
1511	220
1512	152
1513	159
1514	159
1515	186
1516	200
1517	176
1518	166
1519	162
1520	173
1521	136
1522	151
1523	192
1524	120
1525	154
1526	164
1527	216
1528	139
1529	189
1530	201
1531	142
1532	163
1533	129
1534	115
1535	167
1536	179
1537	174
1538	132
1539	147
1540	187
1541	180
1542	147
1543	131
1544	133
1545	204
1546	188
1547	175
1548	160
1549	95
1550	196
1551	138
1552	187
1553	173
1554	171
1555	175
1556	191
1557	193
1558	165
1559	178
1560	168
1561	130
1562	182
1563	171
1564	128
1565	169
1566	166
1567	143
1568	183
1569	190
1570	164
1571	148
1572	155
1573	175
1574	120
1575	192
1576	147
1577	108
1578	191
1579	194
1580	146
1581	163
1582	207
1583	178
1584	176
1585	177
1586	138
1587	192
1588	220
1589	234
1590	144
1591	172
1592	182
1593	193
1594	220
1595	180
1596	242
1597	194
1598	206
1599	239
1600	213
1601	163
1602	149
1603	215
1604	216
1605	158
1606	145
1607	208
1608	164
1609	212
1610	339
1611	200
1612	156
1613	145
1614	173
1615	175
1616	191
1617	159
1618	272
1619	173
1620	181
1621	156
1622	184
1623	199
1624	198
1625	218
1626	149
1627	264
1628	269
1629	116
1630	159
1631	174
1632	207
1633	155
1634	188
1635	199
1636	154
1637	159
1638	208
1639	168
1640	203
1641	238
1642	169
1643	239
1644	130
1645	173
1646	213
1647	182
1648	163
1649	188
1650	191
1651	162
1652	148
1653	220
1654	202
1655	196
1656	185
1657	173
1658	213
1659	161
1660	218
1661	137
1662	182
1663	144
1664	185
1665	177
1666	163
1667	139
1668	148
1669	190
1670	230
1671	179
1672	159
1673	160
1674	162
1675	172
1676	181
1677	202
1678	180
1679	194
1680	168
1681	212
1682	134
1683	177
1684	208
1685	186
1686	178
1687	220
1688	188
1689	185
1690	159
1691	249
1692	197
1693	163
1694	236
1695	232
1696	168
1697	160
1698	191
1699	153
1700	184
1701	199
1702	172
1703	177
1704	119
1705	168
1706	173
1707	197
1708	187
1709	163
1710	203
1711	248
1712	222
1713	272
1714	247
1715	166
1716	183
1717	184
1718	167
1719	209
1720	197
1721	204
1722	146
1723	229
1724	116
1725	187
1726	165
1727	140
1728	218
1729	168
1730	313
1731	257
1732	196
1733	184
1734	163
1735	231
1736	198
1737	188
1738	208
1739	170
1740	194
1741	180
1742	232
1743	183
1744	188
1745	149
1746	210
1747	153
1748	226
1749	219
1750	254
1751	183
1752	193
1753	182
1754	234
1755	234
1756	153
1757	170
1758	224
1759	253
1760	154
1761	198
1762	206
1763	223
1764	201
1765	229
1766	191
1767	148
1768	172
1769	241
1770	213
1771	252
1772	182
1773	211
1774	206
1775	196
1776	176
1777	165
1778	210
1779	216
1780	285
1781	280
1782	210
1783	198
1784	226
1785	210
1786	149
1787	188
1788	147
1789	205
1790	161
1791	226
1792	232
1793	195
1794	205
1795	169
1796	204
1797	180
1798	194
1799	172
1800	214
1801	201
1802	187
1803	197
1804	208
1805	174
1806	166
1807	229
1808	191
1809	187
1810	135
1811	191
1812	183
1813	261
1814	250
1815	202
1816	174
1817	268
1818	193
1819	271
1820	200
1821	218
1822	213
1823	249
1824	199
1825	288
1826	259
1827	192
1828	164
1829	253
1830	166
1831	165
1832	180
1833	213
1834	159
1835	149
1836	186
1837	215
1838	210
1839	179
1840	249
1841	289
1842	222
1843	206
1844	218
1845	184
1846	176
1847	229
1848	198
1849	210
1850	211
1851	174
1852	145
1853	189
1854	211
1855	219
1856	216
1857	177
1858	307
1859	222
1860	197
1861	153
1862	188
1863	184
1864	186
1865	212
1866	195
1867	195
1868	228
1869	221
1870	234
1871	246
1872	237
1873	235
1874	235
1875	235
1876	177
1877	223
1878	245
1879	314
1880	221
1881	203
1882	240
1883	188
1884	221
1885	247
1886	200
1887	215
1888	266
1889	243
1890	183
1891	171
1892	258
1893	208
1894	195
1895	180
1896	263
1897	198
1898	261
1899	273
1900	247
1901	212
1902	257
1903	404
1904	157
1905	225
1906	162
1907	208
1908	141
1909	151
1910	171
1911	164
1912	312
1913	170
1914	251
1915	185
1916	240
1917	253
1918	205
1919	211
1920	207
1921	197
1922	204
1923	161
1924	196
1925	209
1926	241
1927	242
1928	213
1929	204
1930	203
1931	190
1932	179
1933	203
1934	205
1935	246
1936	227
1937	164
1938	259
1939	261
1940	267
1941	249
1942	215
1943	233
1944	226
1945	213
1946	247
1947	235
1948	214
1949	227
1950	235
1951	208
1952	223
1953	224
1954	226
1955	282
1956	281
1957	171
1958	196
1959	202
1960	201
1961	305
1962	242
1963	185
1964	177
1965	229
1966	261
1967	221
1968	221
1969	242
1970	235
1971	213
1972	234
1973	257
1974	266
1975	277
1976	199
1977	238
1978	266
1979	209
1980	259
1981	222
1982	176
1983	123
1984	154
1985	255
1986	229
1987	175
1988	208
1989	192
1990	185
1991	230
1992	231
1993	202
1994	173
1995	178
1996	186
1997	274
1998	263
1999	248
2000	190
2001	216
2002	230
2003	228
2004	233
2005	254
2006	256
2007	202
2008	174
2009	227
2010	220
2011	161
2012	257
2013	223
2014	210
2015	338
2016	237
2017	224
2018	218
2019	261
2020	197
2021	228
2022	235
2023	168
2024	213
2025	280
2026	273
2027	229
2028	159
2029	221
2030	239
2031	103
2032	185
2033	193
2034	178
2035	171
2036	178
2037	160
2038	165
2039	195
2040	162
2041	119
2042	177
2043	151
2044	143
2045	120
2046	128
2047	111
