Instrument: Andor
X Size: 2048
Y Size: 64
Total Flux: 0.000
Total Counts: 478939
Background: 315.000000
Curvature: 0.0
Clipped to ROI: No
ROI: 1309 526 2539 1627
X	Counts
0	107
1	115
2	72
3	95
4	105
5	104
6	121
7	56
8	147
9	89
10	95
11	95
12	146
13	91
14	67
15	108
16	94
17	105
18	130
19	73
20	106
21	114
22	87
23	96
24	97
25	115
26	100
27	96
28	146
29	121
30	92
31	100
32	94
33	83
34	107
35	90
36	74
37	79
38	142
39	118
40	111
41	143
42	115
43	135
44	89
45	95
46	113
47	112
48	76
49	86
50	99
51	129
52	67
53	102
54	71
55	113
56	92
57	95
58	161
59	136
60	88
61	90
62	114
63	117
64	108
65	113
66	130
67	101
68	99
69	111
70	148
71	109
72	82
73	100
74	105
75	85
76	120
77	142
78	254
79	183
80	80
81	114
82	78
83	109
84	102
85	95
86	117
87	102
88	152
89	155
90	170
91	150
92	110
93	111
94	88
95	65
96	118
97	74
98	98
99	83
100	110
101	101
102	125
103	103
104	107
105	103
106	99
107	118
108	117
109	82
110	86
111	113
112	55
113	108
114	110
115	109
116	108
117	86
118	109
119	109
120	98
121	121
122	224
123	113
124	94
125	107
126	75
127	102
128	105
129	141
130	147
131	188
132	128
133	209
134	280
135	145
136	129
137	86
138	101
139	96
140	132
141	175
142	173
143	139
144	65
145	109
146	158
147	148
148	176
149	109
150	140
151	216
152	139
153	161
154	132
155	168
156	143
157	119
158	103
159	109
160	99
161	137
162	122
163	100
164	123
165	121
166	103
167	113
168	136
169	106
170	119
171	125
172	133
173	126
174	118
175	105
176	118
177	113
178	167
179	60
180	139
181	114
182	126
183	69
184	124
185	112
186	79
187	216
188	281
189	350
190	209
191	105
192	120
193	116
194	114
195	88
196	108
197	76
198	183
199	109
200	88
201	50
202	134
203	88
204	36
205	106
206	124
207	104
208	117
209	114
210	128
211	91
212	93
213	147
214	124
215	124
216	67
217	75
218	119
219	141
220	188
221	146
222	113
223	187
224	214
225	151
226	97
227	137
228	68
229	135
230	142
231	136
232	87
233	138
234	104
235	129
236	146
237	230
238	152
239	100
240	100
241	69
242	137
243	111
244	69
245	93
246	114
247	99
248	117
249	103
250	164
251	123
252	97
253	118
254	110
255	117
256	88
257	117
258	97
259	116
260	90
261	119
262	119
263	107
264	122
265	114
266	190
267	119
268	96
269	194
270	147
271	114
272	94
273	85
274	102
275	102
276	125
277	161
278	154
279	170
280	153
281	113
282	151
283	137
284	107
285	97
286	90
287	89
288	114
289	99
290	77
291	140
292	265
293	205
294	126
295	120
296	72
297	104
298	124
299	87
300	135
301	95
302	102
303	112
304	116
305	82
306	67
307	81
308	108
309	106
310	216
311	112
312	139
313	107
314	118
315	110
316	94
317	101
318	105
319	88
320	72
321	122
322	79
323	87
324	87
325	140
326	114
327	101
328	117
329	91
330	124
331	108
332	166
333	98
334	131
335	114
336	180
337	128
338	117
339	118
340	132
341	87
342	96
343	97
344	174
345	114
346	133
347	65
348	95
349	91
350	84
351	136
352	98
353	96
354	139
355	173
356	159
357	105
358	69
359	95
360	127
361	109
362	154
363	113
364	151
365	108
366	91
367	89
368	108
369	109
370	79
371	95
372	67
373	80
374	87
375	89
376	63
377	96
378	111
379	121
380	98
381	118
382	125
383	123
384	127
385	212
386	113
387	127
388	94
389	92
390	79
391	158
392	139
393	131
394	134
395	114
396	133
397	108
398	96
399	165
400	107
401	108
402	125
403	129
404	79
405	124
406	78
407	121
408	92
409	68
410	138
411	137
412	92
413	89
414	115
415	96
416	128
417	98
418	111
419	101
420	128
421	142
422	118
423	91
424	100
425	128
426	128
427	118
428	83
429	124
430	115
431	121
432	91
433	100
434	109
435	96
436	150
437	127
438	110
439	90
440	131
441	146
442	93
443	100
444	115
445	118
446	120
447	133
448	149
449	243
450	205
451	111
452	129
453	123
454	100
455	159
456	143
457	188
458	173
459	99
460	150
461	160
462	197
463	90
464	105
465	177
466	164
467	183
468	113
469	128
470	169
471	71
472	124
473	108
474	117
475	112
476	112
477	96
478	130
479	119
480	260
481	218
482	119
483	144
484	103
485	138
486	145
487	146
488	115
489	124
490	150
491	193
492	205
493	128
494	112
495	91
496	127
497	128
498	157
499	225
500	112
501	92
502	116
503	132
504	125
505	177
506	121
507	178
508	170
509	165
510	113
511	121
512	107
513	107
514	122
515	176
516	308
517	399
518	159
519	118
520	134
521	132
522	147
523	77
524	92
525	149
526	111
527	196
528	125
529	107
530	90
531	138
532	184
533	214
534	203
535	205
536	142
537	77
538	79
539	131
540	98
541	101
542	133
543	199
544	305
545	435
546	407
547	279
548	144
549	128
550	95
551	98
552	166
553	143
554	152
555	137
556	114
557	146
558	112
559	116
560	154
561	147
562	151
563	152
564	130
565	84
566	154
567	209
568	322
569	116
570	136
571	102
572	125
573	159
574	157
575	104
576	98
577	156
578	267
579	291
580	142
581	174
582	114
583	94
584	78
585	125
586	90
587	88
588	128
589	113
590	102
591	104
592	120
593	170
594	77
595	163
596	117
597	147
598	137
599	151
600	331
601	209
602	149
603	109
604	101
605	142
606	148
607	120
608	150
609	132
610	156
611	150
612	99
613	99
614	132
615	90
616	101
617	60
618	129
619	125
620	156
621	123
622	169
623	113
624	144
625	121
626	102
627	141
628	139
629	360
630	254
631	138
632	135
633	179
634	112
635	131
636	99
637	143
638	112
639	103
640	130
641	156
642	93
643	162
644	134
645	155
646	144
647	199
648	471
649	433
650	561
651	586
652	643
653	588
654	497
655	247
656	196
657	179
658	106
659	138
660	222
661	370
662	652
663	666
664	424
665	199
666	165
667	136
668	127
669	258
670	508
671	291
672	232
673	520
674	212
675	91
676	113
677	116
678	235
679	142
680	171
681	141
682	223
683	256
684	280
685	184
686	165
687	131
688	132
689	121
690	96
691	98
692	125
693	113
694	147
695	87
696	104
697	134
698	101
699	167
700	126
701	235
702	173
703	154
704	126
705	117
706	140
707	155
708	142
709	178
710	196
711	151
712	118
713	77
714	144
715	225
716	275
717	138
718	101
719	107
720	92
721	128
722	150
723	131
724	143
725	128
726	138
727	239
728	338
729	412
730	163
731	155
732	212
733	150
734	154
735	114
736	99
737	151
738	148
739	156
740	134
741	139
742	95
743	104
744	221
745	288
746	214
747	122
748	124
749	246
750	243
751	148
752	135
753	104
754	113
755	131
756	121
757	159
758	165
759	94
760	95
761	120
762	150
763	188
764	227
765	136
766	111
767	110
768	100
769	120
770	108
771	167
772	178
773	158
774	124
775	137
776	101
777	154
778	93
779	145
780	128
781	135
782	96
783	116
784	106
785	99
786	211
787	159
788	130
789	147
790	121
791	108
792	137
793	134
794	169
795	162
796	96
797	113
798	110
799	111
800	140
801	103
802	151
803	112
804	122
805	98
806	186
807	252
808	146
809	167
810	190
811	146
812	119
813	118
814	140
815	141
816	100
817	171
818	186
819	109
820	161
821	114
822	127
823	112
824	105
825	151
826	201
827	164
828	140
829	105
830	146
831	138
832	155
833	167
834	170
835	141
836	178
837	111
838	141
839	143
840	117
841	142
842	116
843	130
844	139
845	111
846	163
847	108
848	144
849	132
850	115
851	124
852	138
853	141
854	169
855	171
856	162
857	167
858	157
859	87
860	124
861	180
862	245
863	253
864	196
865	220
866	169
867	173
868	134
869	161
870	123
871	157
872	145
873	96
874	146
875	450
876	828
877	441
878	280
879	161
880	105
881	101
882	178
883	126
884	136
885	115
886	120
887	147
888	177
889	179
890	132
891	119
892	146
893	149
894	149
895	206
896	126
897	169
898	129
899	127
900	124
901	158
902	140
903	171
904	175
905	147
906	224
907	188
908	158
909	215
910	316
911	209
912	173
913	186
914	326
915	140
916	157
917	125
918	167
919	111
920	136
921	118
922	146
923	124
924	138
925	133
926	114
927	181
928	121
929	118
930	157
931	114
932	117
933	163
934	256
935	122
936	140
937	145
938	129
939	186
940	141
941	161
942	161
943	145
944	156
945	193
946	165
947	114
948	144
949	110
950	145
951	147
952	157
953	165
954	142
955	116
956	159
957	125
958	193
959	167
960	148
961	157
962	164
963	217
964	206
965	169
966	153
967	215
968	330
969	221
970	118
971	139
972	143
973	115
974	160
975	202
976	98
977	180
978	191
979	153
980	145
981	150
982	207
983	218
984	169
985	159
986	168
987	168
988	178
989	237
990	158
991	203
992	158
993	158
994	267
995	418
996	309
997	155
998	126
999	156
1000	188
1001	189
1002	153
1003	169
1004	124
1005	154
1006	118
1007	170
1008	195
1009	148
1010	119
1011	133
1012	157
1013	172
1014	144
1015	139
1016	159
1017	111
1018	147
1019	185
1020	113
1021	130
1022	172
1023	225
1024	151
1025	169
1026	129
1027	151
1028	130
1029	140
1030	185
1031	165
1032	205
1033	204
1034	121
1035	186
1036	157
1037	178
1038	236
1039	258
1040	191
1041	143
1042	142
1043	146
1044	134
1045	162
1046	227
1047	204
1048	167
1049	143
1050	195
1051	102
1052	185
1053	98
1054	144
1055	155
1056	177
1057	150
1058	291
1059	403
1060	179
1061	127
1062	207
1063	204
1064	214
1065	142
1066	171
1067	166
1068	154
1069	151
1070	120
1071	132
1072	193
1073	145
1074	136
1075	158
1076	165
1077	108
1078	124
1079	203
1080	161
1081	149
1082	177
1083	149
1084	133
1085	171
1086	184
1087	154
1088	133
1089	169
1090	215
1091	158
1092	106
1093	150
1094	131
1095	158
1096	157
1097	122
1098	183
1099	153
1100	140
1101	195
1102	239
1103	141
1104	129
1105	196
1106	221
1107	136
1108	171
1109	225
1110	139
1111	183
1112	158
1113	172
1114	113
1115	125
1116	163
1117	145
1118	129
1119	152
1120	200
1121	169
1122	148
1123	155
1124	141
1125	168
1126	217
1127	213
1128	144
1129	228
1130	169
1131	150
1132	197
1133	120
1134	127
1135	190
1136	145
1137	96
1138	184
1139	180
1140	375
1141	278
1142	171
1143	214
1144	373
1145	287
1146	250
1147	190
1148	128
1149	148
1150	176
1151	248
1152	299
1153	221
1154	198
1155	209
1156	342
1157	329
1158	617
1159	596
1160	353
1161	339
1162	199
1163	184
1164	267
1165	448
1166	263
1167	297
1168	446
1169	512
1170	354
1171	699
1172	1035
1173	1016
1174	1067
1175	1193
1176	1037
1177	912
1178	522
1179	727
1180	1099
1181	844
1182	719
1183	680
1184	723
1185	922
1186	953
1187	1255
1188	1777
1189	2315
1190	1902
1191	1677
1192	1934
1193	2093
1194	2870
1195	3832
1196	2838
1197	2512
1198	2576
1199	2950
1200	4091
1201	3273
1202	2471
1203	2688
1204	3470
1205	4892
1206	4700
1207	4368
1208	3973
1209	2753
1210	2373
1211	1560
1212	1476
1213	1096
1214	792
1215	774
1216	690
1217	836
1218	1123
1219	743
1220	251
1221	219
1222	460
1223	400
1224	666
1225	570
1226	672
1227	1083
1228	793
1229	913
1230	883
1231	1017
1232	970
1233	584
1234	603
1235	414
1236	747
1237	995
1238	497
1239	543
1240	866
1241	1013
1242	851
1243	1098
1244	982
1245	889
1246	865
1247	758
1248	1263
1249	1278
1250	946
1251	687
1252	499
1253	399
1254	513
1255	884
1256	531
1257	932
1258	690
1259	1117
1260	574
1261	840
1262	666
1263	719
1264	678
1265	871
1266	737
1267	881
1268	855
1269	645
1270	414
1271	321
1272	681
1273	722
1274	457
1275	334
1276	496
1277	357
1278	283
1279	316
1280	713
1281	736
1282	582
1283	390
1284	782
1285	595
1286	401
1287	349
1288	453
1289	525
1290	294
1291	209
1292	298
1293	350
1294	350
1295	359
1296	366
1297	238
1298	189
1299	154
1300	200
1301	181
1302	308
1303	333
1304	235
1305	156
1306	195
1307	164
1308	291
1309	280
1310	251
1311	350
1312	391
1313	288
1314	306
1315	226
1316	238
1317	208
1318	159
1319	205
1320	274
1321	143
1322	203
1323	179
1324	221
1325	247
1326	210
1327	188
1328	190
1329	180
1330	181
1331	202
1332	243
1333	266
1334	183
1335	210
1336	137
1337	223
1338	247
1339	271
1340	218
1341	273
1342	254
1343	268
1344	199
1345	215
1346	154
1347	142
1348	167
1349	214
1350	293
1351	341
1352	208
1353	197
1354	186
1355	174
1356	177
1357	233
1358	155
1359	211
1360	220
1361	189
1362	170
1363	217
1364	253
1365	303
1366	208
1367	208
1368	170
1369	186
1370	173
1371	176
1372	176
1373	164
1374	182
1375	293
1376	266
1377	179
1378	198
1379	140
1380	119
1381	178
1382	175
1383	137
1384	168
1385	140
1386	135
1387	150
1388	182
1389	224
1390	157
1391	158
1392	208
1393	182
1394	122
1395	233
1396	211
1397	279
1398	178
1399	122
1400	119
1401	190
1402	208
1403	149
1404	207
1405	193
1406	207
1407	149
1408	165
1409	168
1410	127
1411	129
1412	208
1413	183
1414	192
1415	141
1416	181
1417	153
1418	168
1419	213
1420	149
1421	157
1422	184
1423	152
1424	184
1425	171
1426	166
1427	198
1428	314
1429	306
1430	181
1431	241
1432	184
1433	136
1434	182
1435	144
1436	190
1437	178
1438	201
1439	165
1440	166
1441	161
1442	152
1443	138
1444	188
1445	152
1446	218
1447	239
1448	174
1449	199
1450	396
1451	287
1452	168
1453	137
1454	199
1455	189
1456	184
1457	156
1458	170
1459	176
1460	198
1461	166
1462	164
1463	180
1464	157
1465	163
1466	171
1467	145
1468	211
1469	227
1470	240
1471	230
1472	184
1473	183
1474	200
1475	216
1476	225
1477	142
1478	170
1479	157
1480	130
1481	179
1482	194
1483	167
1484	219
1485	138
1486	172
1487	165
1488	205
1489	199
1490	173
1491	150
1492	116
1493	208
1494	117
1495	144
1496	150
1497	244
1498	143
1499	217
1500	208
1501	189
1502	186
1503	141
1504	223
1505	246
1506	186
1507	201
1508	232
1509	177
1510	194
1511	209
1512	169
1513	184
1514	220
1515	227
1516	220
1517	197
1518	241
1519	161
1520	181
1521	184
1522	195
1523	172
1524	156
1525	191
1526	172
1527	181
1528	158
1529	147
1530	163
1531	232
1532	177
1533	170
1534	150
1535	175
1536	165
1537	178
1538	165
1539	151
1540	187
1541	200
1542	214
1543	271
1544	121
1545	142
1546	184
1547	180
1548	177
1549	163
1550	285
1551	236
1552	203
1553	240
1554	212
1555	181
1556	227
1557	155
1558	220
1559	179
1560	168
1561	215
1562	136
1563	146
1564	185
1565	203
1566	184
1567	212
1568	205
1569	226
1570	214
1571	242
1572	257
1573	248
1574	176
1575	177
1576	165
1577	124
1578	139
1579	189
1580	189
1581	232
1582	217
1583	192
1584	151
1585	213
1586	164
1587	243
1588	213
1589	254
1590	199
1591	160
1592	243
1593	188
1594	193
1595	183
1596	224
1597	180
1598	175
1599	179
1600	225
1601	183
1602	167
1603	210
1604	198
1605	305
1606	175
1607	207
1608	271
1609	254
1610	179
1611	204
1612	197
1613	208
1614	236
1615	175
1616	196
1617	146
1618	229
1619	149
1620	209
1621	215
1622	164
1623	221
1624	222
1625	209
1626	217
1627	171
1628	125
1629	162
1630	221
1631	169
1632	163
1633	185
1634	233
1635	185
1636	212
1637	121
1638	210
1639	217
1640	227
1641	174
1642	247
1643	223
1644	190
1645	192
1646	226
1647	197
1648	144
1649	226
1650	221
1651	219
1652	182
1653	142
1654	202
1655	221
1656	281
1657	212
1658	237
1659	165
1660	215
1661	135
1662	183
1663	156
1664	196
1665	186
1666	240
1667	194
1668	161
1669	244
1670	184
1671	158
1672	232
1673	177
1674	177
1675	223
1676	206
1677	207
1678	150
1679	173
1680	236
1681	260
1682	156
1683	209
1684	220
1685	396
1686	255
1687	255
1688	244
1689	201
1690	253
1691	426
1692	180
1693	201
1694	203
1695	274
1696	231
1697	153
1698	171
1699	185
1700	189
1701	202
1702	245
1703	203
1704	184
1705	140
1706	189
1707	232
1708	193
1709	212
1710	216
1711	223
1712	199
1713	201
1714	195
1715	181
1716	265
1717	153
1718	188
1719	171
1720	229
1721	237
1722	285
1723	235
1724	140
1725	172
1726	160
1727	165
1728	249
1729	187
1730	281
1731	210
1732	192
1733	186
1734	253
1735	219
1736	248
1737	124
1738	190
1739	241
1740	236
1741	227
1742	204
1743	198
1744	164
1745	200
1746	162
1747	233
1748	258
1749	256
1750	253
1751	226
1752	186
1753	195
1754	153
1755	212
1756	175
1757	193
1758	221
1759	251
1760	287
1761	261
1762	397
1763	350
1764	286
1765	254
1766	237
1767	201
1768	174
1769	186
1770	187
1771	218
1772	193
1773	256
1774	231
1775	193
1776	266
1777	301
1778	294
1779	218
1780	184
1781	240
1782	285
1783	246
1784	282
1785	197
1786	190
1787	161
1788	196
1789	252
1790	172
1791	283
1792	207
1793	187
1794	190
1795	206
1796	237
1797	207
1798	216
1799	214
1800	181
1801	183
1802	233
1803	306
1804	207
1805	171
1806	214
1807	188
1808	174
1809	179
1810	153
1811	271
1812	178
1813	241
1814	331
1815	252
1816	208
1817	249
1818	214
1819	258
1820	233
1821	241
1822	188
1823	235
1824	207
1825	217
1826	198
1827	215
1828	246
1829	382
1830	256
1831	279
1832	281
1833	346
1834	217
1835	166
1836	245
1837	190
1838	195
1839	285
1840	194
1841	266
1842	212
1843	186
1844	197
1845	275
1846	161
1847	209
1848	185
1849	241
1850	239
1851	218
1852	236
1853	204
1854	236
1855	226
1856	287
1857	262
1858	268
1859	248
1860	263
1861	264
1862	278
1863	258
1864	206
1865	236
1866	207
1867	186
1868	234
1869	268
1870	247
1871	263
1872	338
1873	329
1874	228
1875	212
1876	182
1877	299
1878	200
1879	210
1880	251
1881	283
1882	250
1883	231
1884	267
1885	310
1886	250
1887	311
1888	295
1889	282
1890	238
1891	193
1892	252
1893	220
1894	234
1895	159
1896	288
1897	219
1898	291
1899	253
1900	236
1901	235
1902	157
1903	241
1904	220
1905	298
1906	382
1907	243
1908	221
1909	237
1910	202
1911	199
1912	181
1913	220
1914	233
1915	228
1916	249
1917	221
1918	146
1919	270
1920	197
1921	213
1922	188
1923	209
1924	197
1925	250
1926	162
1927	219
1928	256
1929	306
1930	497
1931	252
1932	226
1933	191
1934	238
1935	258
1936	221
1937	249
1938	412
1939	329
1940	278
1941	255
1942	234
1943	248
1944	228
1945	181
1946	283
1947	204
1948	190
1949	247
1950	336
1951	295
1952	245
1953	217
1954	226
1955	246
1956	247
1957	227
1958	252
1959	331
1960	327
1961	415
1962	190
1963	209
1964	252
1965	251
1966	264
1967	268
1968	292
1969	282
1970	322
1971	270
1972	240
1973	286
1974	227
1975	252
1976	269
1977	204
1978	279
1979	263
1980	301
1981	225
1982	233
1983	206
1984	191
1985	298
1986	356
1987	290
1988	258
1989	279
1990	332
1991	392
1992	312
1993	228
1994	266
1995	166
1996	338
1997	314
1998	256
1999	260
2000	212
2001	294
2002	190
2003	254
2004	266
2005	210
2006	380
2007	193
2008	192
2009	273
2010	252
2011	219
2012	361
2013	364
2014	281
2015	248
2016	255
2017	250
2018	245
2019	246
2020	174
2021	154
2022	230
2023	190
2024	200
2025	188
2026	187
2027	190
2028	226
2029	299
2030	205
2031	167
2032	206
2033	257
2034	204
2035	168
2036	226
2037	219
2038	236
2039	189
2040	151
2041	172
2042	226
2043	205
2044	258
2045	149
2046	105
2047	117
