Instrument: Andor
X Size: 2048
Y Size: 64
Total Flux: 0.000
Total Counts: 995071
Background: 334.000000
Curvature: 0.0
Clipped to ROI: No
ROI: 1309 526 2539 1627
X	Counts
0	43
1	18
2	6
3	67
4	302
5	226
6	31
7	76
8	58
9	114
10	94
11	385
12	69
13	47
14	286
15	409
16	69
17	148
18	372
19	116
20	167
21	64
22	197
23	370
24	200
25	316
26	413
27	429
28	676
29	576
30	380
31	167
32	381
33	495
34	933
35	628
36	443
37	641
38	408
39	611
40	783
41	965
42	780
43	830
44	1009
45	905
46	887
47	1051
48	1217
49	1410
50	971
51	718
52	817
53	1499
54	1245
55	994
56	1279
57	1644
58	1582
59	1478
60	1599
61	1776
62	1773
63	1792
64	2196
65	2013
66	2383
67	1902
68	1653
69	1957
70	2076
71	1910
72	2495
73	2705
74	2495
75	2520
76	2660
77	2528
78	1962
79	1663
80	1588
81	1596
82	1581
83	1359
84	1387
85	1227
86	924
87	823
88	890
89	460
90	775
91	624
92	820
93	498
94	366
95	481
96	318
97	219
98	557
99	453
100	276
101	183
102	190
103	427
104	493
105	529
106	430
107	302
108	213
109	546
110	440
111	176
112	197
113	195
114	86
115	93
116	151
117	179
118	263
119	361
120	260
121	234
122	269
123	399
124	174
125	123
126	122
127	129
128	134
129	203
130	153
131	62
132	103
133	80
134	146
135	46
136	57
137	88
138	65
139	107
140	62
141	20
142	116
143	81
144	64
145	88
146	77
147	127
148	60
149	179
150	69
151	73
152	98
153	245
154	108
155	185
156	149
157	127
158	70
159	63
160	99
161	111
162	24
163	120
164	95
165	43
166	103
167	103
168	59
169	61
170	101
171	78
172	144
173	87
174	151
175	49
176	85
177	101
178	129
179	304
180	111
181	100
182	36
183	39
184	75
185	75
186	185
187	165
188	153
189	167
190	85
191	128
192	127
193	135
194	98
195	74
196	90
197	24
198	54
199	59
200	41
201	85
202	103
203	59
204	93
205	100
206	62
207	130
208	91
209	117
210	108
211	61
212	52
213	24
214	105
215	76
216	70
217	60
218	96
219	66
220	122
221	59
222	95
223	117
224	109
225	66
226	123
227	85
228	40
229	31
230	65
231	78
232	103
233	54
234	71
235	82
236	69
237	103
238	62
239	49
240	59
241	93
242	74
243	91
244	118
245	53
246	22
247	37
248	42
249	28
250	103
251	8
252	100
253	77
254	27
255	45
256	71
257	28
258	33
259	84
260	74
261	96
262	89
263	80
264	101
265	87
266	96
267	79
268	86
269	3
270	25
271	65
272	82
273	9
274	39
275	61
276	25
277	57
278	69
279	33
280	51
281	34
282	57
283	48
284	48
285	33
286	32
287	71
288	72
289	89
290	94
291	21
292	51
293	95
294	77
295	91
296	86
297	87
298	229
299	238
300	104
301	266
302	263
303	629
304	238
305	61
306	40
307	81
308	67
309	59
310	84
311	77
312	155
313	75
314	75
315	55
316	40
317	71
318	78
319	78
320	25
321	17
322	46
323	28
324	123
325	157
326	160
327	91
328	59
329	113
330	158
331	89
332	57
333	100
334	34
335	63
336	33
337	35
338	49
339	136
340	48
341	97
342	49
343	40
344	34
345	61
346	36
347	28
348	92
349	27
350	74
351	35
352	13
353	28
354	60
355	36
356	81
357	140
358	28
359	45
360	28
361	30
362	39
363	78
364	83
365	61
366	70
367	90
368	37
369	96
370	394
371	233
372	127
373	103
374	165
375	111
376	89
377	122
378	149
379	238
380	163
381	65
382	84
383	46
384	247
385	496
386	153
387	146
388	114
389	60
390	79
391	97
392	144
393	165
394	116
395	294
396	516
397	165
398	158
399	535
400	781
401	688
402	546
403	416
404	339
405	459
406	649
407	628
408	403
409	495
410	286
411	227
412	536
413	821
414	1012
415	633
416	469
417	470
418	599
419	815
420	422
421	173
422	670
423	509
424	218
425	252
426	930
427	370
428	203
429	489
430	317
431	138
432	86
433	336
434	95
435	93
436	117
437	76
438	36
439	149
440	116
441	79
442	76
443	73
444	78
445	74
446	96
447	82
448	118
449	139
450	364
451	359
452	176
453	70
454	58
455	101
456	149
457	283
458	37
459	55
460	141
461	185
462	201
463	248
464	455
465	206
466	219
467	69
468	104
469	550
470	218
471	78
472	216
473	668
474	333
475	62
476	31
477	184
478	392
479	363
480	192
481	357
482	103
483	92
484	83
485	73
486	68
487	52
488	283
489	86
490	36
491	132
492	68
493	153
494	47
495	50
496	29
497	166
498	127
499	26
500	117
501	81
502	135
503	32
504	64
505	122
506	197
507	24
508	16
509	46
510	129
511	74
512	59
513	95
514	32
515	26
516	18
517	40
518	27
519	28
520	16
521	21
522	34
523	33
524	125
525	152
526	225
527	78
528	69
529	50
530	67
531	24
532	34
533	64
534	36
535	57
536	100
537	61
538	45
539	27
540	82
541	144
542	99
543	32
544	59
545	76
546	14
547	23
548	90
549	76
550	88
551	201
552	45
553	64
554	8
555	36
556	37
557	50
558	30
559	45
560	39
561	126
562	127
563	109
564	69
565	6
566	64
567	30
568	73
569	35
570	10
571	42
572	24
573	55
574	89
575	32
576	142
577	64
578	22
579	80
580	72
581	69
582	156
583	194
584	66
585	145
586	57
587	37
588	58
589	19
590	40
591	56
592	32
593	38
594	53
595	22
596	50
597	32
598	114
599	74
600	42
601	91
602	105
603	66
604	161
605	105
606	30
607	81
608	63
609	35
610	374
611	196
612	49
613	72
614	331
615	76
616	47
617	48
618	56
619	45
620	179
621	83
622	38
623	112
624	94
625	49
626	53
627	80
628	130
629	82
630	37
631	74
632	210
633	150
634	19
635	56
636	226
637	54
638	100
639	65
640	22
641	47
642	10
643	59
644	47
645	105
646	96
647	34
648	152
649	98
650	77
651	91
652	138
653	195
654	49
655	52
656	338
657	121
658	263
659	191
660	207
661	352
662	476
663	374
664	104
665	156
666	225
667	146
668	480
669	566
670	223
671	375
672	425
673	406
674	267
675	679
676	762
677	707
678	574
679	659
680	227
681	700
682	701
683	668
684	597
685	694
686	569
687	716
688	1460
689	1070
690	949
691	1505
692	1718
693	1954
694	1839
695	2040
696	1669
697	2219
698	2459
699	2368
700	2031
701	1727
702	1656
703	1695
704	2013
705	2437
706	2093
707	1604
708	1152
709	841
710	820
711	423
712	751
713	870
714	755
715	614
716	400
717	271
718	504
719	420
720	267
721	241
722	382
723	426
724	455
725	506
726	466
727	515
728	429
729	208
730	124
731	157
732	225
733	615
734	324
735	93
736	128
737	252
738	175
739	206
740	199
741	333
742	134
743	136
744	103
745	79
746	291
747	532
748	488
749	198
750	118
751	79
752	173
753	211
754	217
755	237
756	144
757	215
758	241
759	186
760	231
761	93
762	563
763	298
764	127
765	126
766	150
767	182
768	281
769	430
770	591
771	489
772	601
773	246
774	113
775	234
776	253
777	187
778	109
779	365
780	700
781	574
782	296
783	168
784	189
785	414
786	497
787	210
788	59
789	108
790	242
791	270
792	359
793	401
794	141
795	160
796	141
797	61
798	380
799	316
800	72
801	71
802	85
803	101
804	285
805	131
806	81
807	199
808	305
809	81
810	63
811	208
812	314
813	232
814	176
815	207
816	271
817	84
818	107
819	86
820	50
821	90
822	51
823	71
824	119
825	143
826	396
827	268
828	188
829	80
830	285
831	263
832	249
833	248
834	232
835	498
836	320
837	267
838	151
839	361
840	285
841	79
842	123
843	176
844	178
845	123
846	116
847	83
848	94
849	225
850	160
851	72
852	223
853	103
854	124
855	61
856	202
857	111
858	65
859	81
860	67
861	89
862	137
863	89
864	58
865	59
866	74
867	128
868	81
869	60
870	83
871	125
872	61
873	122
874	187
875	243
876	192
877	57
878	158
879	221
880	492
881	217
882	78
883	40
884	65
885	136
886	379
887	275
888	205
889	179
890	109
891	83
892	178
893	119
894	61
895	120
896	231
897	235
898	109
899	134
900	50
901	101
902	58
903	111
904	178
905	119
906	133
907	99
908	93
909	156
910	173
911	118
912	185
913	112
914	112
915	121
916	42
917	182
918	350
919	353
920	126
921	115
922	145
923	179
924	61
925	79
926	83
927	185
928	92
929	148
930	166
931	321
932	220
933	205
934	128
935	76
936	125
937	123
938	64
939	47
940	75
941	58
942	131
943	162
944	120
945	135
946	309
947	377
948	134
949	87
950	58
951	180
952	128
953	72
954	93
955	146
956	102
957	157
958	93
959	98
960	83
961	98
962	73
963	152
964	253
965	115
966	181
967	89
968	187
969	98
970	176
971	152
972	88
973	128
974	105
975	139
976	104
977	129
978	96
979	117
980	82
981	85
982	115
983	107
984	85
985	230
986	172
987	190
988	152
989	186
990	211
991	209
992	123
993	151
994	114
995	112
996	148
997	99
998	198
999	198
1000	289
1001	116
1002	167
1003	315
1004	213
1005	158
1006	189
1007	149
1008	154
1009	197
1010	282
1011	290
1012	211
1013	87
1014	138
1015	281
1016	592
1017	481
1018	318
1019	123
1020	209
1021	488
1022	203
1023	106
1024	128
1025	91
1026	105
1027	146
1028	216
1029	254
1030	185
1031	226
1032	193
1033	231
1034	535
1035	225
1036	406
1037	185
1038	180
1039	429
1040	446
1041	560
1042	730
1043	378
1044	619
1045	746
1046	1079
1047	1069
1048	708
1049	908
1050	1148
1051	1277
1052	1328
1053	1963
1054	2340
1055	1944
1056	1926
1057	1859
1058	1945
1059	2144
1060	1414
1061	1015
1062	834
1063	820
1064	1050
1065	893
1066	1044
1067	1062
1068	363
1069	442
1070	780
1071	740
1072	452
1073	560
1074	412
1075	324
1076	343
1077	593
1078	658
1079	562
1080	431
1081	264
1082	432
1083	508
1084	632
1085	267
1086	171
1087	309
1088	248
1089	150
1090	101
1091	176
1092	196
1093	236
1094	109
1095	97
1096	87
1097	242
1098	219
1099	327
1100	270
1101	165
1102	680
1103	838
1104	641
1105	405
1106	134
1107	231
1108	225
1109	165
1110	127
1111	200
1112	189
1113	433
1114	591
1115	297
1116	572
1117	521
1118	533
1119	227
1120	426
1121	478
1122	659
1123	709
1124	438
1125	487
1126	198
1127	216
1128	524
1129	340
1130	471
1131	501
1132	291
1133	351
1134	375
1135	280
1136	473
1137	518
1138	782
1139	730
1140	457
1141	652
1142	233
1143	527
1144	464
1145	590
1146	384
1147	425
1148	469
1149	909
1150	660
1151	680
1152	669
1153	204
1154	357
1155	614
1156	276
1157	558
1158	502
1159	314
1160	370
1161	757
1162	1014
1163	1002
1164	976
1165	681
1166	273
1167	646
1168	639
1169	938
1170	1502
1171	1795
1172	1548
1173	1023
1174	1207
1175	1036
1176	1497
1177	1581
1178	1980
1179	1778
1180	1638
1181	1689
1182	2181
1183	1874
1184	1723
1185	1957
1186	2544
1187	3362
1188	3746
1189	4014
1190	4136
1191	5294
1192	5125
1193	5229
1194	5773
1195	7740
1196	8439
1197	8740
1198	10373
1199	10799
1200	10002
1201	11181
1202	11640
1203	12114
1204	12452
1205	12460
1206	14518
1207	14411
1208	12477
1209	9639
1210	9238
1211	5656
1212	3633
1213	2894
1214	2844
1215	1709
1216	2343
1217	1964
1218	1347
1219	1563
1220	1899
1221	1517
1222	1291
1223	1305
1224	755
1225	824
1226	854
1227	1271
1228	1366
1229	919
1230	903
1231	1214
1232	969
1233	1275
1234	690
1235	783
1236	856
1237	687
1238	854
1239	610
1240	544
1241	415
1242	763
1243	910
1244	585
1245	1132
1246	1150
1247	890
1248	672
1249	1032
1250	941
1251	1098
1252	1557
1253	1637
1254	1816
1255	1242
1256	1503
1257	1585
1258	1666
1259	1512
1260	1131
1261	1838
1262	2776
1263	2418
1264	2660
1265	2659
1266	2831
1267	2863
1268	2477
1269	2908
1270	3153
1271	2878
1272	1995
1273	1539
1274	1410
1275	1401
1276	1214
1277	1561
1278	638
1279	294
1280	718
1281	364
1282	374
1283	201
1284	92
1285	263
1286	487
1287	328
1288	345
1289	463
1290	471
1291	654
1292	356
1293	387
1294	75
1295	143
1296	62
1297	178
1298	144
1299	451
1300	477
1301	461
1302	111
1303	162
1304	169
1305	408
1306	152
1307	75
1308	81
1309	54
1310	203
1311	244
1312	93
1313	81
1314	47
1315	34
1316	104
1317	142
1318	116
1319	71
1320	29
1321	79
1322	148
1323	160
1324	138
1325	38
1326	72
1327	34
1328	61
1329	85
1330	316
1331	139
1332	94
1333	59
1334	63
1335	50
1336	72
1337	95
1338	74
1339	80
1340	59
1341	104
1342	104
1343	180
1344	65
1345	108
1346	160
1347	81
1348	191
1349	67
1350	75
1351	83
1352	51
1353	45
1354	94
1355	114
1356	48
1357	44
1358	144
1359	185
1360	138
1361	28
1362	79
1363	145
1364	93
1365	53
1366	60
1367	47
1368	78
1369	168
1370	48
1371	70
1372	167
1373	317
1374	118
1375	61
1376	30
1377	61
1378	63
1379	38
1380	441
1381	170
1382	128
1383	192
1384	113
1385	56
1386	97
1387	99
1388	85
1389	89
1390	122
1391	111
1392	109
1393	36
1394	122
1395	59
1396	80
1397	49
1398	38
1399	90
1400	93
1401	53
1402	110
1403	109
1404	144
1405	178
1406	131
1407	156
1408	100
1409	208
1410	84
1411	174
1412	85
1413	81
1414	125
1415	79
1416	128
1417	101
1418	56
1419	60
1420	53
1421	81
1422	21
1423	87
1424	48
1425	149
1426	173
1427	37
1428	78
1429	43
1430	61
1431	64
1432	41
1433	34
1434	57
1435	55
1436	58
1437	66
1438	52
1439	76
1440	97
1441	59
1442	35
1443	34
1444	58
1445	37
1446	79
1447	56
1448	42
1449	92
1450	116
1451	166
1452	70
1453	97
1454	24
1455	25
1456	134
1457	56
1458	47
1459	94
1460	103
1461	126
1462	141
1463	49
1464	52
1465	223
1466	164
1467	87
1468	52
1469	61
1470	55
1471	110
1472	106
1473	80
1474	51
1475	30
1476	63
1477	65
1478	136
1479	83
1480	115
1481	109
1482	244
1483	110
1484	73
1485	70
1486	116
1487	250
1488	146
1489	53
1490	41
1491	78
1492	62
1493	176
1494	59
1495	149
1496	221
1497	131
1498	84
1499	155
1500	268
1501	105
1502	156
1503	113
1504	454
1505	639
1506	156
1507	249
1508	265
1509	577
1510	472
1511	324
1512	317
1513	680
1514	968
1515	1113
1516	901
1517	481
1518	1064
1519	1365
1520	900
1521	812
1522	877
1523	982
1524	1254
1525	1742
1526	2513
1527	1781
1528	2550
1529	2037
1530	2187
1531	2242
1532	2493
1533	2255
1534	3511
1535	4824
1536	5046
1537	5941
1538	6239
1539	7623
1540	8351
1541	9548
1542	8987
1543	8245
1544	7731
1545	7056
1546	6450
1547	5591
1548	6031
1549	5699
1550	4909
1551	4508
1552	4214
1553	4398
1554	3250
1555	2599
1556	2788
1557	3162
1558	3970
1559	5263
1560	3428
1561	2904
1562	1686
1563	709
1564	309
1565	143
1566	73
1567	212
1568	560
1569	697
1570	328
1571	115
1572	71
1573	89
1574	107
1575	70
1576	100
1577	117
1578	67
1579	34
1580	48
1581	55
1582	102
1583	235
1584	291
1585	81
1586	135
1587	235
1588	104
1589	38
1590	82
1591	51
1592	71
1593	95
1594	122
1595	88
1596	72
1597	30
1598	77
1599	264
1600	177
1601	73
1602	145
1603	184
1604	201
1605	80
1606	41
1607	89
1608	67
1609	73
1610	161
1611	29
1612	124
1613	69
1614	76
1615	58
1616	55
1617	84
1618	93
1619	46
1620	33
1621	64
1622	36
1623	63
1624	66
1625	97
1626	129
1627	91
1628	69
1629	100
1630	156
1631	90
1632	81
1633	106
1634	115
1635	94
1636	23
1637	86
1638	108
1639	71
1640	100
1641	104
1642	95
1643	100
1644	90
1645	138
1646	41
1647	64
1648	126
1649	144
1650	106
1651	69
1652	75
1653	72
1654	106
1655	100
1656	70
1657	47
1658	64
1659	49
1660	82
1661	72
1662	92
1663	99
1664	85
1665	89
1666	75
1667	99
1668	73
1669	90
1670	109
1671	126
1672	108
1673	97
1674	81
1675	94
1676	114
1677	178
1678	94
1679	125
1680	159
1681	169
1682	93
1683	70
1684	39
1685	95
1686	77
1687	64
1688	70
1689	105
1690	61
1691	110
1692	122
1693	73
1694	72
1695	114
1696	76
1697	71
1698	205
1699	64
1700	91
1701	123
1702	112
1703	77
1704	129
1705	102
1706	75
1707	122
1708	85
1709	42
1710	120
1711	119
1712	132
1713	153
1714	144
1715	126
1716	134
1717	108
1718	95
1719	113
1720	104
1721	82
1722	90
1723	72
1724	100
1725	197
1726	72
1727	61
1728	82
1729	72
1730	78
1731	54
1732	63
1733	85
1734	63
1735	52
1736	76
1737	54
1738	110
1739	87
1740	70
1741	107
1742	119
1743	60
1744	95
1745	103
1746	106
1747	145
1748	107
1749	65
1750	73
1751	113
1752	126
1753	79
1754	133
1755	128
1756	32
1757	88
1758	123
1759	73
1760	126
1761	61
1762	101
1763	187
1764	38
1765	49
1766	62
1767	72
1768	144
1769	58
1770	81
1771	105
1772	92
1773	93
1774	92
1775	38
1776	153
1777	224
1778	108
1779	109
1780	145
1781	70
1782	43
1783	157
1784	45
1785	87
1786	94
1787	94
1788	171
1789	75
1790	92
1791	101
1792	80
1793	85
1794	124
1795	123
1796	114
1797	91
1798	55
1799	113
1800	125
1801	136
1802	98
1803	92
1804	33
1805	65
1806	87
1807	96
1808	98
1809	48
1810	146
1811	90
1812	52
1813	76
1814	99
1815	120
1816	83
1817	96
1818	64
1819	177
1820	160
1821	176
1822	184
1823	124
1824	142
1825	65
1826	67
1827	104
1828	95
1829	129
1830	90
1831	95
1832	67
1833	128
1834	128
1835	87
1836	94
1837	95
1838	74
1839	122
1840	109
1841	107
1842	102
1843	235
1844	314
1845	448
1846	218
1847	238
1848	145
1849	131
1850	128
1851	100
1852	185
1853	98
1854	71
1855	60
1856	225
1857	315
1858	176
1859	174
1860	121
1861	156
1862	122
1863	153
1864	124
1865	194
1866	161
1867	169
1868	107
1869	168
1870	234
1871	108
1872	105
1873	121
1874	127
1875	157
1876	119
1877	197
1878	110
1879	191
1880	146
1881	134
1882	107
1883	98
1884	82
1885	154
1886	186
1887	88
1888	163
1889	135
1890	119
1891	156
1892	184
1893	207
1894	219
1895	107
1896	127
1897	156
1898	153
1899	188
1900	165
1901	156
1902	139
1903	171
1904	146
1905	152
1906	167
1907	117
1908	121
1909	106
1910	182
1911	217
1912	108
1913	173
1914	170
1915	216
1916	226
1917	220
1918	178
1919	147
1920	139
1921	167
1922	129
1923	125
1924	146
1925	85
1926	117
1927	193
1928	209
1929	143
1930	200
1931	128
1932	165
1933	193
1934	161
1935	291
1936	173
1937	175
1938	175
1939	205
1940	237
1941	150
1942	126
1943	184
1944	234
1945	179
1946	140
1947	250
1948	185
1949	172
1950	173
1951	221
1952	365
1953	193
1954	210
1955	231
1956	306
1957	182
1958	210
1959	197
1960	135
1961	131
1962	168
1963	156
1964	176
1965	206
1966	243
1967	153
1968	154
1969	156
1970	171
1971	151
1972	226
1973	243
1974	219
1975	959
1976	291
1977	322
1978	176
1979	246
1980	154
1981	191
1982	199
1983	246
1984	270
1985	220
1986	202
1987	155
1988	172
1989	208
1990	140
1991	194
1992	224
1993	158
1994	181
1995	154
1996	165
1997	140
1998	145
1999	162
2000	165
2001	138
2002	213
2003	222
2004	266
2005	245
2006	297
2007	260
2008	246
2009	151
2010	220
2011	139
2012	216
2013	272
2014	182
2015	198
2016	265
2017	220
2018	202
2019	234
2020	176
2021	165
2022	282
2023	296
2024	180
2025	193
2026	222
2027	173
2028	148
2029	181
2030	190
2031	148
2032	132
2033	197
2034	133
2035	103
2036	108
2037	124
2038	166
2039	84
2040	136
2041	140
2042	156
2043	175
2044	123
2045	136
2046	225
2047	193
