Instrument: Andor
X Size: 2048
Y Size: 64
Total Flux: 0.000
Total Counts: 860017
Background: 333.000000
Curvature: 0.0
Clipped to ROI: No
ROI: 1309 526 2539 1627
X	Counts
0	82
1	34
2	37
3	51
4	28
5	0
6	45
7	100
8	135
9	175
10	121
11	321
12	262
13	94
14	147
15	189
16	118
17	61
18	135
19	357
20	636
21	585
22	288
23	176
24	151
25	162
26	89
27	216
28	683
29	477
30	639
31	689
32	626
33	657
34	750
35	584
36	1012
37	877
38	842
39	1022
40	694
41	382
42	434
43	800
44	986
45	986
46	1391
47	1063
48	1331
49	1178
50	882
51	1152
52	945
53	1031
54	1209
55	1221
56	1139
57	1345
58	1103
59	1228
60	1654
61	1110
62	1248
63	1522
64	1664
65	2040
66	2086
67	1989
68	2492
69	2696
70	2984
71	3301
72	2678
73	2412
74	2542
75	2725
76	2390
77	2952
78	3358
79	2337
80	1962
81	2296
82	1998
83	2401
84	2136
85	1550
86	1740
87	1914
88	1175
89	1116
90	1002
91	819
92	632
93	487
94	280
95	413
96	507
97	540
98	609
99	516
100	521
101	187
102	214
103	370
104	493
105	353
106	428
107	216
108	202
109	348
110	186
111	206
112	203
113	188
114	99
115	82
116	166
117	153
118	323
119	203
120	397
121	319
122	92
123	181
124	171
125	164
126	117
127	137
128	142
129	113
130	86
131	60
132	72
133	87
134	85
135	140
136	101
137	55
138	52
139	85
140	61
141	101
142	46
143	83
144	111
145	196
146	299
147	169
148	65
149	84
150	87
151	79
152	85
153	113
154	64
155	92
156	104
157	177
158	117
159	79
160	57
161	117
162	148
163	248
164	69
165	86
166	82
167	87
168	51
169	43
170	72
171	63
172	38
173	77
174	69
175	73
176	97
177	76
178	49
179	28
180	81
181	70
182	82
183	56
184	118
185	103
186	102
187	70
188	57
189	54
190	100
191	143
192	45
193	87
194	66
195	87
196	124
197	69
198	24
199	91
200	49
201	98
202	118
203	54
204	155
205	259
206	103
207	123
208	145
209	152
210	86
211	68
212	61
213	63
214	74
215	87
216	49
217	59
218	48
219	39
220	102
221	125
222	83
223	120
224	195
225	80
226	93
227	87
228	52
229	77
230	30
231	40
232	70
233	54
234	73
235	45
236	34
237	69
238	107
239	24
240	82
241	96
242	41
243	59
244	72
245	71
246	72
247	96
248	38
249	45
250	62
251	87
252	100
253	65
254	61
255	63
256	108
257	96
258	63
259	44
260	67
261	53
262	77
263	174
264	39
265	84
266	51
267	39
268	55
269	14
270	69
271	60
272	44
273	63
274	77
275	105
276	39
277	78
278	94
279	79
280	86
281	45
282	57
283	67
284	106
285	82
286	52
287	109
288	160
289	64
290	55
291	35
292	98
293	200
294	256
295	133
296	79
297	137
298	184
299	87
300	28
301	102
302	127
303	69
304	126
305	64
306	65
307	79
308	49
309	38
310	70
311	63
312	110
313	168
314	90
315	59
316	50
317	47
318	35
319	71
320	25
321	46
322	111
323	92
324	117
325	148
326	247
327	116
328	37
329	28
330	85
331	64
332	60
333	52
334	5
335	62
336	143
337	86
338	53
339	100
340	27
341	60
342	61
343	50
344	93
345	274
346	141
347	119
348	343
349	287
350	215
351	80
352	64
353	74
354	274
355	59
356	67
357	136
358	75
359	98
360	15
361	83
362	88
363	41
364	98
365	56
366	48
367	284
368	258
369	149
370	173
371	98
372	273
373	260
374	104
375	204
376	215
377	161
378	183
379	155
380	254
381	100
382	142
383	313
384	231
385	81
386	195
387	117
388	109
389	70
390	75
391	70
392	90
393	90
394	76
395	166
396	129
397	116
398	226
399	515
400	666
401	392
402	409
403	326
404	124
405	464
406	622
407	625
408	548
409	506
410	628
411	821
412	951
413	492
414	942
415	833
416	368
417	712
418	686
419	528
420	651
421	409
422	240
423	450
424	339
425	71
426	308
427	160
428	312
429	177
430	360
431	232
432	70
433	90
434	15
435	105
436	281
437	162
438	90
439	193
440	133
441	96
442	58
443	39
444	149
445	63
446	156
447	82
448	80
449	34
450	31
451	60
452	230
453	303
454	74
455	239
456	79
457	63
458	25
459	28
460	84
461	280
462	189
463	45
464	48
465	35
466	114
467	56
468	98
469	56
470	18
471	145
472	247
473	546
474	463
475	88
476	69
477	303
478	162
479	280
480	509
481	159
482	107
483	65
484	24
485	35
486	52
487	42
488	30
489	51
490	37
491	113
492	21
493	183
494	127
495	127
496	35
497	40
498	50
499	0
500	113
501	30
502	108
503	16
504	124
505	223
506	83
507	52
508	30
509	20
510	34
511	14
512	60
513	98
514	31
515	32
516	64
517	11
518	11
519	34
520	89
521	13
522	37
523	24
524	11
525	29
526	30
527	75
528	23
529	75
530	23
531	27
532	151
533	168
534	50
535	24
536	15
537	42
538	50
539	37
540	19
541	84
542	34
543	7
544	47
545	25
546	81
547	54
548	35
549	67
550	63
551	51
552	25
553	65
554	37
555	87
556	20
557	9
558	10
559	49
560	17
561	52
562	13
563	30
564	81
565	37
566	46
567	43
568	104
569	72
570	11
571	51
572	18
573	9
574	36
575	26
576	127
577	64
578	222
579	99
580	48
581	79
582	97
583	98
584	25
585	24
586	59
587	116
588	50
589	20
590	25
591	282
592	161
593	54
594	30
595	175
596	185
597	91
598	88
599	49
600	37
601	76
602	79
603	88
604	51
605	30
606	47
607	24
608	76
609	59
610	56
611	96
612	200
613	262
614	198
615	184
616	136
617	87
618	55
619	82
620	57
621	126
622	50
623	52
624	75
625	38
626	29
627	18
628	41
629	107
630	86
631	54
632	57
633	149
634	412
635	106
636	58
637	71
638	271
639	174
640	62
641	117
642	62
643	104
644	66
645	65
646	160
647	95
648	185
649	232
650	132
651	178
652	204
653	90
654	28
655	75
656	230
657	113
658	67
659	261
660	3231
661	1674
662	244
663	117
664	229
665	322
666	191
667	124
668	133
669	72
670	88
671	159
672	195
673	356
674	261
675	342
676	360
677	323
678	734
679	713
680	658
681	448
682	392
683	553
684	609
685	821
686	902
687	1172
688	1450
689	1157
690	649
691	928
692	1068
693	861
694	1114
695	1568
696	2065
697	2018
698	1514
699	1410
700	1755
701	2212
702	2370
703	1942
704	1235
705	1655
706	1445
707	1392
708	1612
709	1304
710	1260
711	1308
712	1572
713	1108
714	703
715	574
716	727
717	533
718	114
719	168
720	323
721	385
722	623
723	384
724	640
725	237
726	169
727	323
728	213
729	567
730	278
731	158
732	157
733	199
734	273
735	490
736	203
737	198
738	352
739	142
740	153
741	377
742	211
743	219
744	151
745	163
746	259
747	314
748	457
749	214
750	215
751	258
752	406
753	242
754	187
755	139
756	190
757	166
758	459
759	474
760	403
761	366
762	293
763	123
764	428
765	405
766	491
767	388
768	108
769	435
770	411
771	384
772	499
773	216
774	285
775	426
776	252
777	360
778	400
779	527
780	502
781	213
782	150
783	215
784	180
785	279
786	615
787	172
788	118
789	223
790	254
791	240
792	224
793	128
794	89
795	165
796	320
797	398
798	416
799	323
800	207
801	340
802	508
803	279
804	253
805	135
806	347
807	138
808	127
809	69
810	151
811	181
812	162
813	122
814	89
815	80
816	126
817	83
818	64
819	52
820	46
821	312
822	413
823	173
824	59
825	64
826	88
827	80
828	147
829	74
830	251
831	563
832	259
833	500
834	77
835	97
836	156
837	169
838	74
839	244
840	207
841	79
842	116
843	176
844	384
845	197
846	164
847	51
848	36
849	143
850	90
851	93
852	187
853	132
854	93
855	76
856	76
857	70
858	136
859	168
860	344
861	258
862	106
863	93
864	41
865	134
866	139
867	278
868	84
869	87
870	64
871	72
872	57
873	114
874	134
875	108
876	138
877	78
878	73
879	68
880	64
881	127
882	90
883	158
884	82
885	89
886	50
887	96
888	125
889	118
890	114
891	54
892	64
893	30
894	111
895	159
896	169
897	102
898	109
899	162
900	110
901	53
902	62
903	142
904	90
905	89
906	89
907	128
908	74
909	83
910	110
911	120
912	126
913	135
914	195
915	122
916	90
917	65
918	91
919	139
920	404
921	136
922	63
923	111
924	79
925	120
926	80
927	179
928	51
929	88
930	97
931	159
932	187
933	488
934	195
935	81
936	108
937	72
938	80
939	116
940	75
941	82
942	146
943	218
944	169
945	97
946	111
947	96
948	122
949	108
950	60
951	46
952	86
953	103
954	87
955	104
956	74
957	74
958	94
959	147
960	115
961	176
962	67
963	183
964	178
965	75
966	90
967	132
968	115
969	93
970	271
971	224
972	146
973	133
974	152
975	236
976	117
977	62
978	115
979	97
980	65
981	55
982	119
983	144
984	147
985	195
986	242
987	300
988	245
989	138
990	92
991	122
992	106
993	114
994	147
995	133
996	117
997	187
998	153
999	89
1000	333
1001	345
1002	121
1003	108
1004	73
1005	129
1006	153
1007	101
1008	135
1009	196
1010	191
1011	146
1012	159
1013	100
1014	166
1015	391
1016	231
1017	81
1018	105
1019	100
1020	192
1021	122
1022	67
1023	96
1024	135
1025	145
1026	112
1027	169
1028	113
1029	200
1030	345
1031	165
1032	169
1033	190
1034	243
1035	82
1036	91
1037	172
1038	237
1039	266
1040	223
1041	497
1042	282
1043	187
1044	334
1045	490
1046	340
1047	256
1048	627
1049	681
1050	632
1051	904
1052	863
1053	674
1054	877
1055	1341
1056	1411
1057	981
1058	819
1059	775
1060	1175
1061	1042
1062	833
1063	590
1064	575
1065	873
1066	797
1067	443
1068	267
1069	687
1070	546
1071	593
1072	386
1073	457
1074	282
1075	428
1076	176
1077	184
1078	284
1079	736
1080	570
1081	250
1082	284
1083	236
1084	366
1085	202
1086	83
1087	201
1088	549
1089	853
1090	541
1091	162
1092	72
1093	159
1094	126
1095	309
1096	395
1097	128
1098	143
1099	439
1100	228
1101	131
1102	75
1103	119
1104	281
1105	230
1106	212
1107	519
1108	469
1109	642
1110	482
1111	683
1112	507
1113	321
1114	344
1115	388
1116	302
1117	153
1118	808
1119	638
1120	453
1121	205
1122	237
1123	454
1124	498
1125	581
1126	259
1127	116
1128	92
1129	213
1130	236
1131	145
1132	255
1133	356
1134	189
1135	232
1136	331
1137	311
1138	210
1139	390
1140	453
1141	287
1142	439
1143	320
1144	148
1145	123
1146	208
1147	246
1148	717
1149	873
1150	977
1151	601
1152	277
1153	657
1154	1004
1155	649
1156	767
1157	400
1158	563
1159	796
1160	812
1161	669
1162	749
1163	879
1164	730
1165	596
1166	497
1167	951
1168	297
1169	623
1170	1073
1171	633
1172	1107
1173	1342
1174	1230
1175	909
1176	1159
1177	1613
1178	1477
1179	1270
1180	1442
1181	1841
1182	1366
1183	1426
1184	1815
1185	1983
1186	2667
1187	2372
1188	3010
1189	3079
1190	3051
1191	2949
1192	3051
1193	3748
1194	4997
1195	5925
1196	6187
1197	5970
1198	6418
1199	7242
1200	8384
1201	9773
1202	9709
1203	10506
1204	12410
1205	13692
1206	14219
1207	13628
1208	13060
1209	11827
1210	12159
1211	10760
1212	8073
1213	6695
1214	4262
1215	3056
1216	2851
1217	2473
1218	1815
1219	1973
1220	1758
1221	1701
1222	1320
1223	1132
1224	516
1225	1019
1226	910
1227	1489
1228	1474
1229	787
1230	904
1231	720
1232	975
1233	1189
1234	1283
1235	819
1236	1195
1237	1270
1238	859
1239	784
1240	668
1241	851
1242	660
1243	662
1244	592
1245	841
1246	1256
1247	930
1248	854
1249	1174
1250	860
1251	941
1252	1471
1253	1103
1254	879
1255	1289
1256	1400
1257	903
1258	1323
1259	1563
1260	1554
1261	1845
1262	2488
1263	2005
1264	2344
1265	3008
1266	3780
1267	3491
1268	2332
1269	1531
1270	1518
1271	2113
1272	2950
1273	2681
1274	1997
1275	2010
1276	1785
1277	2189
1278	2213
1279	1486
1280	976
1281	673
1282	458
1283	1096
1284	803
1285	868
1286	268
1287	290
1288	594
1289	640
1290	333
1291	306
1292	497
1293	593
1294	505
1295	250
1296	185
1297	281
1298	368
1299	278
1300	265
1301	143
1302	60
1303	129
1304	424
1305	229
1306	97
1307	166
1308	153
1309	267
1310	487
1311	449
1312	74
1313	72
1314	91
1315	75
1316	96
1317	415
1318	264
1319	56
1320	78
1321	48
1322	90
1323	161
1324	160
1325	60
1326	53
1327	74
1328	110
1329	149
1330	430
1331	279
1332	160
1333	27
1334	46
1335	101
1336	42
1337	44
1338	70
1339	98
1340	91
1341	122
1342	43
1343	78
1344	94
1345	42
1346	73
1347	35
1348	82
1349	57
1350	64
1351	44
1352	123
1353	267
1354	90
1355	132
1356	152
1357	59
1358	26
1359	38
1360	103
1361	67
1362	121
1363	167
1364	83
1365	63
1366	137
1367	119
1368	281
1369	505
1370	162
1371	120
1372	92
1373	47
1374	57
1375	85
1376	39
1377	28
1378	83
1379	47
1380	117
1381	139
1382	27
1383	82
1384	115
1385	23
1386	82
1387	138
1388	114
1389	41
1390	37
1391	27
1392	65
1393	46
1394	25
1395	37
1396	24
1397	151
1398	88
1399	46
1400	55
1401	26
1402	42
1403	62
1404	43
1405	133
1406	64
1407	102
1408	152
1409	83
1410	112
1411	114
1412	97
1413	30
1414	67
1415	76
1416	23
1417	53
1418	58
1419	37
1420	61
1421	48
1422	127
1423	157
1424	85
1425	48
1426	53
1427	52
1428	63
1429	38
1430	61
1431	34
1432	11
1433	36
1434	35
1435	29
1436	31
1437	28
1438	80
1439	59
1440	112
1441	50
1442	105
1443	122
1444	60
1445	20
1446	89
1447	48
1448	31
1449	47
1450	52
1451	31
1452	29
1453	54
1454	42
1455	41
1456	56
1457	22
1458	32
1459	39
1460	53
1461	68
1462	112
1463	54
1464	20
1465	54
1466	89
1467	60
1468	51
1469	31
1470	82
1471	36
1472	43
1473	60
1474	41
1475	22
1476	54
1477	42
1478	57
1479	46
1480	46
1481	36
1482	84
1483	38
1484	64
1485	148
1486	197
1487	243
1488	102
1489	53
1490	230
1491	322
1492	233
1493	152
1494	40
1495	28
1496	26
1497	64
1498	133
1499	196
1500	275
1501	127
1502	36
1503	22
1504	23
1505	86
1506	121
1507	620
1508	258
1509	63
1510	47
1511	92
1512	158
1513	377
1514	134
1515	93
1516	177
1517	137
1518	86
1519	212
1520	23
1521	86
1522	188
1523	404
1524	693
1525	145
1526	104
1527	79
1528	525
1529	1049
1530	859
1531	1107
1532	1002
1533	1004
1534	1083
1535	1266
1536	1709
1537	1853
1538	2972
1539	3873
1540	3587
1541	3852
1542	5153
1543	4868
1544	3969
1545	3259
1546	3121
1547	3112
1548	1956
1549	1631
1550	1994
1551	1907
1552	1236
1553	624
1554	193
1555	509
1556	547
1557	605
1558	454
1559	298
1560	142
1561	367
1562	489
1563	593
1564	594
1565	481
1566	939
1567	661
1568	1059
1569	862
1570	885
1571	1378
1572	785
1573	558
1574	621
1575	449
1576	662
1577	522
1578	470
1579	691
1580	450
1581	167
1582	75
1583	39
1584	32
1585	116
1586	90
1587	126
1588	78
1589	33
1590	91
1591	49
1592	61
1593	92
1594	56
1595	96
1596	123
1597	88
1598	80
1599	143
1600	164
1601	59
1602	156
1603	108
1604	90
1605	125
1606	49
1607	70
1608	83
1609	88
1610	125
1611	43
1612	150
1613	78
1614	69
1615	36
1616	60
1617	84
1618	104
1619	108
1620	61
1621	56
1622	86
1623	22
1624	41
1625	90
1626	56
1627	115
1628	68
1629	96
1630	80
1631	67
1632	112
1633	109
1634	103
1635	90
1636	80
1637	51
1638	63
1639	66
1640	55
1641	59
1642	136
1643	76
1644	133
1645	81
1646	61
1647	51
1648	84
1649	41
1650	72
1651	70
1652	67
1653	96
1654	71
1655	53
1656	49
1657	53
1658	67
1659	100
1660	64
1661	52
1662	45
1663	41
1664	71
1665	118
1666	73
1667	125
1668	119
1669	71
1670	61
1671	107
1672	128
1673	126
1674	142
1675	133
1676	124
1677	136
1678	115
1679	112
1680	240
1681	120
1682	123
1683	113
1684	84
1685	142
1686	144
1687	119
1688	75
1689	119
1690	88
1691	78
1692	111
1693	81
1694	105
1695	59
1696	74
1697	101
1698	213
1699	69
1700	95
1701	84
1702	91
1703	166
1704	85
1705	75
1706	88
1707	93
1708	100
1709	54
1710	69
1711	114
1712	61
1713	113
1714	78
1715	85
1716	107
1717	102
1718	132
1719	46
1720	57
1721	118
1722	75
1723	78
1724	80
1725	77
1726	82
1727	55
1728	126
1729	114
1730	112
1731	58
1732	62
1733	105
1734	66
1735	46
1736	85
1737	60
1738	72
1739	114
1740	91
1741	142
1742	64
1743	93
1744	93
1745	85
1746	82
1747	139
1748	164
1749	84
1750	104
1751	86
1752	114
1753	89
1754	162
1755	113
1756	100
1757	98
1758	115
1759	189
1760	133
1761	100
1762	93
1763	71
1764	67
1765	50
1766	85
1767	84
1768	54
1769	42
1770	65
1771	80
1772	96
1773	112
1774	105
1775	128
1776	138
1777	85
1778	64
1779	136
1780	112
1781	109
1782	77
1783	76
1784	110
1785	81
1786	70
1787	60
1788	68
1789	95
1790	73
1791	77
1792	67
1793	107
1794	95
1795	65
1796	82
1797	46
1798	122
1799	99
1800	74
1801	73
1802	105
1803	70
1804	37
1805	92
1806	86
1807	57
1808	56
1809	79
1810	167
1811	76
1812	94
1813	94
1814	169
1815	178
1816	122
1817	145
1818	121
1819	155
1820	157
1821	213
1822	118
1823	88
1824	132
1825	129
1826	101
1827	164
1828	108
1829	85
1830	99
1831	59
1832	99
1833	146
1834	99
1835	78
1836	123
1837	88
1838	74
1839	77
1840	121
1841	129
1842	107
1843	96
1844	78
1845	167
1846	75
1847	200
1848	99
1849	116
1850	152
1851	111
1852	117
1853	277
1854	182
1855	190
1856	159
1857	276
1858	208
1859	119
1860	136
1861	139
1862	212
1863	196
1864	146
1865	191
1866	129
1867	111
1868	127
1869	136
1870	153
1871	139
1872	137
1873	122
1874	198
1875	68
1876	115
1877	148
1878	104
1879	192
1880	117
1881	175
1882	96
1883	99
1884	103
1885	118
1886	81
1887	128
1888	124
1889	177
1890	219
1891	137
1892	211
1893	175
1894	83
1895	99
1896	118
1897	160
1898	181
1899	165
1900	190
1901	158
1902	168
1903	157
1904	147
1905	178
1906	208
1907	191
1908	171
1909	276
1910	181
1911	183
1912	149
1913	164
1914	162
1915	234
1916	169
1917	166
1918	150
1919	150
1920	91
1921	163
1922	126
1923	140
1924	95
1925	153
1926	225
1927	212
1928	209
1929	193
1930	161
1931	216
1932	167
1933	159
1934	156
1935	197
1936	163
1937	147
1938	234
1939	194
1940	204
1941	135
1942	216
1943	222
1944	169
1945	218
1946	147
1947	182
1948	112
1949	216
1950	265
1951	323
1952	276
1953	200
1954	137
1955	105
1956	213
1957	167
1958	177
1959	109
1960	236
1961	204
1962	162
1963	123
1964	170
1965	121
1966	245
1967	189
1968	240
1969	217
1970	233
1971	213
1972	238
1973	149
1974	216
1975	296
1976	258
1977	218
1978	164
1979	174
1980	295
1981	138
1982	175
1983	262
1984	220
1985	196
1986	214
1987	124
1988	243
1989	174
1990	133
1991	144
1992	160
1993	184
1994	155
1995	185
1996	237
1997	162
1998	137
1999	181
2000	173
2001	159
2002	211
2003	237
2004	234
2005	266
2006	309
2007	175
2008	198
2009	339
2010	257
2011	249
2012	213
2013	230
2014	186
2015	176
2016	186
2017	184
2018	258
2019	171
2020	167
2021	158
2022	216
2023	167
2024	178
2025	201
2026	169
2027	214
2028	219
2029	154
2030	173
2031	145
2032	167
2033	170
2034	184
2035	180
2036	142
2037	116
2038	115
2039	151
2040	148
2041	128
2042	100
2043	133
2044	132
2045	243
2046	172
2047	230
