Instrument: Andor
X Size: 2048
Y Size: 64
Total Flux: 0.000
Total Counts: 910993
Background: 333.000000
Curvature: 0.0
Clipped to ROI: No
ROI: 1309 526 2539 1627
X	Counts
0	32
1	27
2	125
3	216
4	110
5	68
6	256
7	400
8	212
9	283
10	253
11	221
12	187
13	482
14	422
15	512
16	197
17	340
18	365
19	633
20	459
21	88
22	372
23	389
24	301
25	548
26	710
27	327
28	282
29	411
30	566
31	572
32	812
33	686
34	765
35	933
36	835
37	794
38	559
39	1280
40	1498
41	1046
42	974
43	1250
44	1749
45	1392
46	969
47	889
48	951
49	1876
50	1486
51	686
52	1284
53	1462
54	1268
55	1453
56	1773
57	1812
58	2092
59	2698
60	2111
61	1716
62	2326
63	1753
64	2517
65	2363
66	2770
67	2900
68	3236
69	2778
70	2335
71	2902
72	2624
73	2333
74	2608
75	2287
76	1990
77	1888
78	1921
79	1834
80	1421
81	1895
82	1760
83	1116
84	817
85	607
86	973
87	526
88	856
89	908
90	911
91	674
92	653
93	580
94	570
95	551
96	412
97	395
98	126
99	297
100	385
101	282
102	287
103	116
104	411
105	69
106	99
107	89
108	180
109	376
110	335
111	186
112	201
113	198
114	408
115	348
116	295
117	218
118	210
119	182
120	155
121	49
122	157
123	231
124	169
125	142
126	126
127	48
128	71
129	111
130	131
131	93
132	132
133	221
134	137
135	205
136	242
137	149
138	81
139	148
140	151
141	109
142	94
143	93
144	90
145	94
146	156
147	114
148	171
149	190
150	157
151	117
152	100
153	208
154	68
155	105
156	122
157	183
158	109
159	64
160	69
161	69
162	89
163	174
164	79
165	112
166	114
167	132
168	55
169	44
170	123
171	60
172	88
173	65
174	90
175	55
176	149
177	147
178	83
179	70
180	61
181	54
182	47
183	121
184	206
185	128
186	164
187	193
188	118
189	141
190	69
191	115
192	103
193	141
194	144
195	90
196	117
197	87
198	45
199	132
200	83
201	100
202	158
203	61
204	70
205	50
206	83
207	112
208	116
209	48
210	69
211	103
212	91
213	63
214	145
215	75
216	56
217	93
218	48
219	64
220	102
221	89
222	43
223	89
224	120
225	123
226	69
227	90
228	67
229	129
230	61
231	91
232	179
233	143
234	93
235	74
236	31
237	70
238	126
239	73
240	98
241	133
242	93
243	164
244	221
245	149
246	106
247	139
248	94
249	114
250	132
251	74
252	241
253	315
254	116
255	83
256	81
257	109
258	101
259	143
260	100
261	136
262	183
263	258
264	158
265	83
266	194
267	109
268	109
269	29
270	87
271	233
272	96
273	41
274	59
275	86
276	49
277	159
278	61
279	76
280	78
281	52
282	130
283	64
284	64
285	57
286	33
287	69
288	89
289	95
290	101
291	34
292	35
293	32
294	27
295	64
296	70
297	74
298	75
299	51
300	51
301	146
302	209
303	102
304	137
305	71
306	63
307	77
308	77
309	132
310	119
311	68
312	91
313	23
314	34
315	62
316	161
317	103
318	74
319	79
320	176
321	55
322	20
323	27
324	140
325	132
326	144
327	103
328	37
329	48
330	46
331	30
332	45
333	117
334	80
335	122
336	59
337	71
338	81
339	74
340	13
341	64
342	61
343	88
344	78
345	62
346	82
347	73
348	133
349	46
350	33
351	68
352	83
353	49
354	53
355	39
356	14
357	62
358	25
359	66
360	60
361	168
362	94
363	112
364	77
365	119
366	47
367	87
368	142
369	132
370	35
371	79
372	73
373	162
374	111
375	87
376	52
377	244
378	251
379	82
380	318
381	261
382	318
383	406
384	109
385	172
386	307
387	712
388	611
389	318
390	290
391	431
392	479
393	213
394	287
395	293
396	100
397	87
398	383
399	302
400	606
401	555
402	613
403	450
404	459
405	895
406	783
407	855
408	769
409	678
410	620
411	525
412	586
413	644
414	700
415	752
416	680
417	892
418	718
419	849
420	513
421	228
422	529
423	336
424	758
425	472
426	281
427	654
428	547
429	344
430	184
431	249
432	229
433	159
434	250
435	595
436	370
437	458
438	404
439	161
440	52
441	63
442	115
443	103
444	81
445	66
446	63
447	318
448	235
449	141
450	80
451	101
452	50
453	82
454	62
455	164
456	221
457	188
458	141
459	116
460	164
461	128
462	201
463	35
464	30
465	26
466	68
467	35
468	40
469	496
470	157
471	220
472	314
473	460
474	509
475	163
476	73
477	60
478	77
479	153
480	118
481	316
482	225
483	184
484	81
485	51
486	105
487	399
488	360
489	51
490	59
491	362
492	45
493	81
494	359
495	171
496	42
497	47
498	75
499	33
500	246
501	92
502	78
503	29
504	78
505	96
506	112
507	123
508	178
509	142
510	184
511	139
512	69
513	58
514	9
515	8
516	48
517	50
518	24
519	31
520	24
521	92
522	110
523	40
524	43
525	102
526	72
527	38
528	44
529	65
530	92
531	61
532	30
533	53
534	103
535	86
536	275
537	41
538	115
539	115
540	209
541	279
542	34
543	44
544	55
545	36
546	55
547	68
548	151
549	388
550	14
551	26
552	37
553	43
554	54
555	32
556	134
557	154
558	27
559	89
560	62
561	106
562	39
563	65
564	45
565	40
566	114
567	226
568	207
569	95
570	22
571	54
572	61
573	75
574	99
575	75
576	346
577	108
578	83
579	36
580	36
581	25
582	23
583	51
584	41
585	110
586	100
587	59
588	102
589	258
590	54
591	156
592	68
593	148
594	49
595	53
596	63
597	68
598	48
599	19
600	80
601	102
602	151
603	114
604	161
605	139
606	166
607	41
608	69
609	38
610	87
611	156
612	144
613	69
614	152
615	48
616	135
617	137
618	96
619	96
620	76
621	67
622	64
623	153
624	104
625	88
626	55
627	56
628	103
629	226
630	412
631	72
632	41
633	110
634	118
635	168
636	201
637	111
638	237
639	184
640	73
641	72
642	111
643	158
644	107
645	227
646	356
647	180
648	138
649	323
650	138
651	134
652	76
653	164
654	231
655	486
656	272
657	274
658	259
659	291
660	183
661	524
662	430
663	535
664	336
665	277
666	324
667	265
668	397
669	371
670	671
671	411
672	593
673	911
674	735
675	528
676	483
677	587
678	875
679	1149
680	972
681	1083
682	1495
683	1294
684	1288
685	1228
686	1064
687	1386
688	1626
689	2004
690	2090
691	2253
692	2122
693	1766
694	2023
695	2206
696	2091
697	1483
698	1528
699	1919
700	1803
701	2337
702	2039
703	1428
704	1514
705	1759
706	2071
707	1249
708	1319
709	1217
710	626
711	632
712	488
713	528
714	667
715	599
716	428
717	315
718	452
719	400
720	241
721	315
722	300
723	277
724	415
725	630
726	130
727	336
728	112
729	105
730	291
731	339
732	439
733	197
734	335
735	300
736	178
737	172
738	291
739	119
740	95
741	152
742	27
743	83
744	32
745	261
746	363
747	208
748	269
749	588
750	142
751	104
752	71
753	113
754	205
755	214
756	437
757	357
758	641
759	237
760	269
761	184
762	220
763	82
764	170
765	298
766	280
767	101
768	117
769	256
770	251
771	242
772	450
773	638
774	237
775	202
776	210
777	114
778	161
779	245
780	102
781	70
782	118
783	283
784	79
785	102
786	41
787	81
788	76
789	201
790	163
791	65
792	259
793	157
794	158
795	95
796	130
797	111
798	162
799	178
800	249
801	392
802	539
803	259
804	157
805	101
806	106
807	117
808	101
809	113
810	80
811	163
812	316
813	177
814	901
815	70
816	97
817	111
818	88
819	129
820	87
821	68
822	97
823	74
824	132
825	268
826	251
827	83
828	149
829	257
830	163
831	53
832	76
833	202
834	96
835	183
836	391
837	178
838	147
839	90
840	366
841	302
842	342
843	457
844	274
845	108
846	122
847	69
848	151
849	206
850	120
851	69
852	315
853	151
854	110
855	67
856	117
857	84
858	141
859	125
860	74
861	130
862	47
863	116
864	91
865	92
866	109
867	135
868	41
869	33
870	90
871	85
872	51
873	131
874	127
875	88
876	129
877	54
878	136
879	165
880	233
881	162
882	131
883	123
884	84
885	140
886	58
887	137
888	102
889	119
890	89
891	129
892	469
893	358
894	306
895	109
896	127
897	94
898	86
899	105
900	120
901	101
902	86
903	76
904	101
905	102
906	81
907	85
908	70
909	158
910	105
911	91
912	164
913	118
914	136
915	149
916	92
917	119
918	117
919	138
920	79
921	95
922	70
923	194
924	120
925	66
926	96
927	179
928	76
929	94
930	115
931	164
932	115
933	105
934	99
935	83
936	179
937	355
938	125
939	158
940	139
941	86
942	128
943	209
944	202
945	165
946	253
947	156
948	173
949	120
950	79
951	152
952	129
953	103
954	106
955	231
956	89
957	91
958	107
959	151
960	267
961	117
962	156
963	109
964	206
965	252
966	334
967	178
968	156
969	71
970	124
971	125
972	98
973	110
974	144
975	129
976	137
977	111
978	114
979	73
980	87
981	172
982	137
983	170
984	67
985	76
986	124
987	122
988	153
989	158
990	79
991	145
992	90
993	208
994	152
995	172
996	123
997	157
998	160
999	109
1000	124
1001	121
1002	127
1003	140
1004	98
1005	154
1006	160
1007	83
1008	123
1009	176
1010	397
1011	357
1012	244
1013	229
1014	138
1015	129
1016	136
1017	111
1018	156
1019	205
1020	242
1021	125
1022	230
1023	506
1024	337
1025	263
1026	274
1027	118
1028	191
1029	326
1030	284
1031	480
1032	605
1033	545
1034	329
1035	155
1036	181
1037	379
1038	323
1039	464
1040	443
1041	520
1042	589
1043	737
1044	574
1045	639
1046	1141
1047	1560
1048	993
1049	944
1050	1612
1051	1505
1052	1447
1053	1099
1054	834
1055	460
1056	768
1057	447
1058	376
1059	420
1060	469
1061	583
1062	580
1063	691
1064	937
1065	602
1066	546
1067	227
1068	234
1069	495
1070	507
1071	317
1072	425
1073	377
1074	789
1075	603
1076	504
1077	463
1078	336
1079	86
1080	215
1081	468
1082	137
1083	301
1084	174
1085	144
1086	242
1087	131
1088	216
1089	285
1090	154
1091	243
1092	363
1093	385
1094	147
1095	399
1096	330
1097	270
1098	265
1099	618
1100	169
1101	132
1102	212
1103	206
1104	300
1105	451
1106	378
1107	338
1108	194
1109	118
1110	163
1111	494
1112	243
1113	329
1114	451
1115	509
1116	492
1117	292
1118	652
1119	258
1120	645
1121	264
1122	278
1123	428
1124	471
1125	378
1126	627
1127	487
1128	405
1129	551
1130	433
1131	582
1132	316
1133	545
1134	490
1135	376
1136	471
1137	560
1138	240
1139	168
1140	286
1141	421
1142	735
1143	515
1144	358
1145	569
1146	748
1147	1004
1148	897
1149	503
1150	440
1151	630
1152	765
1153	773
1154	827
1155	717
1156	458
1157	529
1158	444
1159	1034
1160	596
1161	575
1162	931
1163	993
1164	1042
1165	1241
1166	1102
1167	832
1168	699
1169	1211
1170	670
1171	1070
1172	1277
1173	1328
1174	1440
1175	1521
1176	1636
1177	2440
1178	2012
1179	1794
1180	2202
1181	2066
1182	2630
1183	3158
1184	3329
1185	4379
1186	4229
1187	4434
1188	5036
1189	6298
1190	6399
1191	7949
1192	8702
1193	8789
1194	9901
1195	10050
1196	11543
1197	13457
1198	12202
1199	13517
1200	15352
1201	17124
1202	16481
1203	16106
1204	15567
1205	13485
1206	12194
1207	8638
1208	6143
1209	4221
1210	3206
1211	2750
1212	2512
1213	1830
1214	1489
1215	1854
1216	1869
1217	2116
1218	1155
1219	950
1220	1068
1221	1188
1222	782
1223	753
1224	1029
1225	392
1226	583
1227	663
1228	841
1229	778
1230	726
1231	899
1232	975
1233	815
1234	578
1235	302
1236	347
1237	457
1238	640
1239	1005
1240	1128
1241	1258
1242	1212
1243	1651
1244	1007
1245	1771
1246	1429
1247	1396
1248	1541
1249	1151
1250	1106
1251	990
1252	1138
1253	1705
1254	2192
1255	1722
1256	1489
1257	1368
1258	1687
1259	2102
1260	2857
1261	2830
1262	3449
1263	3256
1264	3001
1265	3068
1266	3366
1267	3725
1268	2580
1269	2197
1270	2296
1271	1745
1272	926
1273	1300
1274	851
1275	594
1276	434
1277	696
1278	768
1279	720
1280	204
1281	623
1282	562
1283	317
1284	506
1285	494
1286	345
1287	421
1288	306
1289	254
1290	265
1291	178
1292	509
1293	281
1294	157
1295	391
1296	607
1297	360
1298	226
1299	289
1300	77
1301	58
1302	101
1303	261
1304	516
1305	247
1306	97
1307	205
1308	235
1309	134
1310	78
1311	149
1312	39
1313	94
1314	104
1315	72
1316	97
1317	59
1318	81
1319	140
1320	118
1321	115
1322	139
1323	60
1324	88
1325	112
1326	96
1327	102
1328	89
1329	142
1330	200
1331	154
1332	395
1333	495
1334	371
1335	147
1336	205
1337	221
1338	62
1339	106
1340	222
1341	204
1342	94
1343	34
1344	144
1345	286
1346	119
1347	148
1348	120
1349	51
1350	83
1351	78
1352	74
1353	133
1354	73
1355	138
1356	158
1357	106
1358	68
1359	100
1360	82
1361	80
1362	107
1363	97
1364	110
1365	54
1366	45
1367	71
1368	116
1369	207
1370	59
1371	105
1372	73
1373	35
1374	56
1375	59
1376	34
1377	70
1378	88
1379	63
1380	84
1381	40
1382	65
1383	54
1384	100
1385	94
1386	91
1387	56
1388	88
1389	44
1390	51
1391	22
1392	76
1393	49
1394	35
1395	54
1396	33
1397	126
1398	85
1399	52
1400	27
1401	19
1402	111
1403	51
1404	41
1405	69
1406	58
1407	128
1408	59
1409	130
1410	87
1411	62
1412	145
1413	69
1414	46
1415	74
1416	56
1417	44
1418	95
1419	57
1420	59
1421	37
1422	93
1423	39
1424	63
1425	56
1426	110
1427	86
1428	112
1429	147
1430	44
1431	28
1432	43
1433	22
1434	28
1435	62
1436	99
1437	97
1438	51
1439	90
1440	90
1441	103
1442	49
1443	56
1444	19
1445	27
1446	46
1447	96
1448	26
1449	71
1450	116
1451	102
1452	121
1453	114
1454	30
1455	40
1456	82
1457	44
1458	46
1459	40
1460	44
1461	53
1462	111
1463	37
1464	37
1465	92
1466	45
1467	38
1468	68
1469	79
1470	30
1471	65
1472	22
1473	50
1474	94
1475	75
1476	69
1477	68
1478	92
1479	79
1480	52
1481	54
1482	68
1483	51
1484	22
1485	38
1486	40
1487	89
1488	32
1489	29
1490	51
1491	115
1492	68
1493	49
1494	107
1495	477
1496	419
1497	120
1498	156
1499	76
1500	87
1501	45
1502	42
1503	93
1504	66
1505	437
1506	631
1507	363
1508	65
1509	112
1510	209
1511	280
1512	72
1513	344
1514	322
1515	319
1516	652
1517	141
1518	75
1519	403
1520	308
1521	957
1522	929
1523	671
1524	1056
1525	587
1526	674
1527	816
1528	812
1529	1162
1530	1834
1531	1709
1532	2427
1533	4741
1534	5980
1535	5627
1536	3227
1537	1152
1538	145
1539	58
1540	120
1541	114
1542	72
1543	319
1544	148
1545	97
1546	113
1547	71
1548	99
1549	99
1550	65
1551	266
1552	137
1553	102
1554	72
1555	158
1556	111
1557	76
1558	93
1559	45
1560	16
1561	59
1562	101
1563	92
1564	63
1565	66
1566	144
1567	155
1568	80
1569	91
1570	115
1571	52
1572	65
1573	53
1574	48
1575	71
1576	35
1577	38
1578	65
1579	110
1580	38
1581	55
1582	177
1583	69
1584	41
1585	56
1586	70
1587	95
1588	98
1589	31
1590	100
1591	106
1592	67
1593	50
1594	54
1595	70
1596	104
1597	82
1598	94
1599	188
1600	72
1601	84
1602	137
1603	63
1604	64
1605	88
1606	41
1607	122
1608	110
1609	88
1610	86
1611	113
1612	117
1613	123
1614	104
1615	79
1616	93
1617	133
1618	125
1619	26
1620	35
1621	82
1622	91
1623	246
1624	1012
1625	628
1626	127
1627	145
1628	66
1629	188
1630	155
1631	132
1632	124
1633	69
1634	61
1635	85
1636	91
1637	77
1638	104
1639	57
1640	120
1641	84
1642	83
1643	114
1644	289
1645	166
1646	103
1647	90
1648	66
1649	97
1650	64
1651	52
1652	60
1653	73
1654	92
1655	78
1656	75
1657	72
1658	110
1659	84
1660	77
1661	87
1662	99
1663	101
1664	104
1665	117
1666	158
1667	112
1668	129
1669	92
1670	77
1671	158
1672	106
1673	81
1674	77
1675	47
1676	137
1677	85
1678	114
1679	90
1680	150
1681	128
1682	73
1683	70
1684	118
1685	163
1686	91
1687	78
1688	82
1689	86
1690	81
1691	68
1692	129
1693	112
1694	106
1695	114
1696	56
1697	77
1698	258
1699	47
1700	73
1701	174
1702	138
1703	122
1704	174
1705	158
1706	222
1707	128
1708	115
1709	84
1710	94
1711	145
1712	120
1713	84
1714	104
1715	115
1716	111
1717	154
1718	193
1719	97
1720	71
1721	63
1722	87
1723	95
1724	97
1725	85
1726	104
1727	156
1728	42
1729	142
1730	148
1731	72
1732	91
1733	83
1734	112
1735	94
1736	113
1737	115
1738	163
1739	100
1740	126
1741	160
1742	119
1743	180
1744	68
1745	71
1746	116
1747	118
1748	98
1749	92
1750	125
1751	136
1752	123
1753	49
1754	104
1755	112
1756	112
1757	133
1758	107
1759	141
1760	183
1761	105
1762	121
1763	227
1764	149
1765	77
1766	114
1767	90
1768	86
1769	66
1770	112
1771	129
1772	107
1773	68
1774	57
1775	43
1776	193
1777	146
1778	104
1779	102
1780	108
1781	69
1782	110
1783	115
1784	86
1785	102
1786	73
1787	94
1788	124
1789	95
1790	87
1791	130
1792	62
1793	121
1794	154
1795	101
1796	112
1797	124
1798	115
1799	71
1800	89
1801	82
1802	176
1803	163
1804	83
1805	157
1806	55
1807	56
1808	100
1809	64
1810	72
1811	71
1812	119
1813	54
1814	151
1815	130
1816	131
1817	155
1818	77
1819	152
1820	158
1821	98
1822	146
1823	136
1824	156
1825	92
1826	145
1827	110
1828	112
1829	155
1830	190
1831	77
1832	149
1833	187
1834	183
1835	39
1836	139
1837	167
1838	177
1839	201
1840	111
1841	132
1842	98
1843	99
1844	110
1845	250
1846	181
1847	480
1848	150
1849	109
1850	155
1851	161
1852	126
1853	155
1854	191
1855	127
1856	128
1857	195
1858	182
1859	208
1860	165
1861	156
1862	137
1863	184
1864	175
1865	222
1866	104
1867	152
1868	147
1869	177
1870	216
1871	128
1872	161
1873	191
1874	161
1875	113
1876	144
1877	181
1878	133
1879	177
1880	174
1881	198
1882	130
1883	109
1884	174
1885	145
1886	219
1887	126
1888	189
1889	104
1890	240
1891	159
1892	171
1893	200
1894	200
1895	314
1896	160
1897	183
1898	194
1899	204
1900	224
1901	135
1902	173
1903	156
1904	156
1905	210
1906	278
1907	132
1908	192
1909	234
1910	125
1911	174
1912	148
1913	222
1914	132
1915	205
1916	274
1917	252
1918	149
1919	170
1920	176
1921	138
1922	140
1923	133
1924	168
1925	127
1926	188
1927	134
1928	264
1929	215
1930	174
1931	228
1932	266
1933	141
1934	199
1935	266
1936	181
1937	231
1938	312
1939	239
1940	247
1941	187
1942	193
1943	241
1944	213
1945	202
1946	150
1947	144
1948	168
1949	207
1950	191
1951	208
1952	190
1953	246
1954	209
1955	199
1956	177
1957	204
1958	241
1959	141
1960	239
1961	181
1962	189
1963	161
1964	94
1965	138
1966	260
1967	189
1968	276
1969	152
1970	215
1971	297
1972	277
1973	215
1974	190
1975	360
1976	255
1977	194
1978	213
1979	292
1980	209
1981	181
1982	149
1983	277
1984	261
1985	229
1986	262
1987	197
1988	245
1989	192
1990	237
1991	243
1992	242
1993	230
1994	238
1995	195
1996	248
1997	267
1998	204
1999	201
2000	234
2001	130
2002	250
2003	176
2004	276
2005	226
2006	307
2007	303
2008	334
2009	256
2010	216
2011	222
2012	253
2013	252
2014	207
2015	274
2016	276
2017	235
2018	243
2019	229
2020	311
2021	260
2022	277
2023	210
2024	237
2025	251
2026	140
2027	249
2028	235
2029	265
2030	194
2031	144
2032	148
2033	179
2034	146
2035	154
2036	164
2037	120
2038	141
2039	149
2040	118
2041	123
2042	118
2043	147
2044	175
2045	175
2046	234
2047	246
