Instrument: Andor
X Size: 2048
Y Size: 64
Total Flux: 0.000
Total Counts: 388514
Background: 314.000000
Curvature: 0.0
Clipped to ROI: No
ROI: 1309 526 2539 1627
X	Counts
0	138
1	116
2	70
3	94
4	91
5	72
6	110
7	76
8	120
9	116
10	112
11	99
12	133
13	88
14	95
15	117
16	97
17	115
18	88
19	65
20	106
21	72
22	82
23	100
24	111
25	73
26	93
27	130
28	89
29	112
30	130
31	97
32	110
33	110
34	101
35	125
36	73
37	116
38	118
39	92
40	103
41	93
42	92
43	117
44	76
45	90
46	92
47	92
48	98
49	92
50	72
51	123
52	86
53	96
54	87
55	108
56	102
57	110
58	110
59	107
60	84
61	117
62	88
63	94
64	109
65	131
66	144
67	80
68	88
69	86
70	118
71	101
72	71
73	115
74	109
75	181
76	109
77	114
78	88
79	116
80	119
81	115
82	117
83	122
84	137
85	81
86	110
87	84
88	120
89	117
90	132
91	194
92	141
93	105
94	92
95	111
96	151
97	103
98	92
99	94
100	105
101	114
102	115
103	89
104	90
105	86
106	100
107	103
108	131
109	131
110	97
111	59
112	97
113	115
114	149
115	219
116	455
117	235
118	125
119	108
120	103
121	92
122	124
123	93
124	96
125	110
126	106
127	140
128	99
129	146
130	156
131	97
132	101
133	117
134	113
135	88
136	131
137	103
138	74
139	142
140	156
141	174
142	75
143	143
144	143
145	133
146	135
147	94
148	158
149	68
150	122
151	132
152	100
153	129
154	103
155	187
156	102
157	82
158	128
159	140
160	111
161	107
162	96
163	102
164	110
165	122
166	99
167	103
168	90
169	96
170	104
171	90
172	115
173	94
174	89
175	99
176	105
177	136
178	129
179	129
180	130
181	114
182	114
183	99
184	126
185	162
186	148
187	140
188	142
189	112
190	108
191	121
192	95
193	154
194	134
195	122
196	115
197	72
198	152
199	81
200	113
201	91
202	116
203	97
204	89
205	130
206	63
207	99
208	131
209	108
210	117
211	207
212	175
213	106
214	91
215	94
216	105
217	100
218	87
219	102
220	152
221	106
222	128
223	110
224	64
225	117
226	90
227	141
228	95
229	87
230	104
231	136
232	87
233	183
234	92
235	111
236	95
237	154
238	149
239	78
240	103
241	104
242	98
243	108
244	111
245	94
246	109
247	104
248	99
249	121
250	140
251	79
252	108
253	140
254	143
255	131
256	75
257	112
258	129
259	103
260	170
261	163
262	97
263	110
264	112
265	92
266	121
267	111
268	83
269	97
270	86
271	132
272	103
273	81
274	91
275	113
276	93
277	123
278	55
279	180
280	106
281	93
282	76
283	91
284	127
285	114
286	114
287	134
288	105
289	74
290	84
291	151
292	103
293	112
294	124
295	111
296	119
297	121
298	129
299	83
300	130
301	94
302	106
303	118
304	77
305	87
306	100
307	136
308	57
309	107
310	76
311	98
312	70
313	89
314	69
315	97
316	153
317	109
318	101
319	63
320	86
321	111
322	102
323	123
324	154
325	126
326	126
327	116
328	92
329	125
330	119
331	105
332	116
333	75
334	106
335	88
336	140
337	106
338	114
339	97
340	125
341	77
342	54
343	133
344	118
345	92
346	117
347	77
348	92
349	85
350	122
351	81
352	105
353	98
354	117
355	90
356	95
357	100
358	111
359	80
360	105
361	111
362	120
363	96
364	70
365	116
366	144
367	93
368	74
369	96
370	92
371	93
372	96
373	99
374	135
375	58
376	92
377	105
378	102
379	122
380	135
381	100
382	99
383	134
384	83
385	89
386	104
387	119
388	90
389	105
390	100
391	126
392	107
393	91
394	144
395	108
396	123
397	77
398	143
399	126
400	111
401	77
402	141
403	111
404	94
405	103
406	100
407	124
408	173
409	202
410	126
411	90
412	153
413	130
414	92
415	118
416	129
417	89
418	126
419	144
420	143
421	114
422	89
423	118
424	149
425	115
426	97
427	98
428	117
429	156
430	134
431	130
432	157
433	166
434	95
435	116
436	116
437	142
438	155
439	105
440	102
441	144
442	140
443	86
444	164
445	98
446	139
447	109
448	136
449	107
450	108
451	128
452	143
453	98
454	101
455	112
456	87
457	91
458	143
459	129
460	110
461	137
462	112
463	115
464	87
465	146
466	102
467	133
468	80
469	125
470	113
471	99
472	151
473	167
474	127
475	60
476	108
477	152
478	93
479	89
480	137
481	96
482	109
483	106
484	118
485	107
486	147
487	106
488	77
489	125
490	106
491	125
492	90
493	121
494	81
495	48
496	105
497	89
498	112
499	155
500	122
501	86
502	106
503	103
504	129
505	147
506	128
507	95
508	140
509	111
510	112
511	120
512	85
513	128
514	110
515	198
516	96
517	158
518	126
519	131
520	103
521	128
522	123
523	121
524	116
525	150
526	130
527	87
528	117
529	125
530	76
531	97
532	84
533	103
534	159
535	123
536	102
537	82
538	105
539	150
540	77
541	123
542	159
543	156
544	121
545	151
546	115
547	148
548	109
549	128
550	165
551	140
552	122
553	148
554	123
555	115
556	115
557	127
558	89
559	122
560	136
561	141
562	157
563	129
564	130
565	140
566	128
567	156
568	86
569	134
570	94
571	166
572	126
573	143
574	107
575	110
576	97
577	148
578	111
579	141
580	146
581	158
582	129
583	125
584	119
585	125
586	110
587	160
588	105
589	100
590	154
591	164
592	119
593	104
594	78
595	172
596	110
597	100
598	113
599	143
600	210
601	109
602	71
603	194
604	184
605	116
606	132
607	84
608	118
609	171
610	152
611	208
612	132
613	84
614	118
615	101
616	131
617	145
618	155
619	105
620	94
621	102
622	163
623	149
624	174
625	143
626	213
627	163
628	122
629	169
630	128
631	186
632	226
633	168
634	218
635	121
636	132
637	133
638	113
639	186
640	493
641	271
642	131
643	138
644	118
645	193
646	114
647	135
648	149
649	127
650	94
651	111
652	114
653	156
654	98
655	124
656	163
657	103
658	114
659	92
660	87
661	130
662	118
663	115
664	89
665	111
666	160
667	138
668	97
669	164
670	148
671	98
672	124
673	111
674	84
675	152
676	128
677	113
678	136
679	82
680	115
681	175
682	107
683	142
684	119
685	108
686	111
687	195
688	135
689	101
690	119
691	127
692	117
693	118
694	97
695	97
696	118
697	134
698	79
699	96
700	114
701	193
702	115
703	110
704	113
705	119
706	97
707	177
708	135
709	139
710	120
711	107
712	129
713	116
714	143
715	128
716	143
717	171
718	85
719	107
720	97
721	105
722	130
723	106
724	175
725	148
726	135
727	109
728	98
729	154
730	126
731	112
732	120
733	102
734	123
735	142
736	156
737	141
738	145
739	117
740	128
741	102
742	130
743	93
744	190
745	171
746	204
747	216
748	111
749	163
750	152
751	121
752	108
753	126
754	134
755	195
756	171
757	182
758	111
759	117
760	103
761	127
762	152
763	184
764	225
765	145
766	109
767	126
768	136
769	128
770	131
771	165
772	129
773	160
774	149
775	111
776	142
777	131
778	115
779	149
780	156
781	206
782	160
783	153
784	130
785	90
786	161
787	136
788	118
789	117
790	101
791	138
792	145
793	161
794	167
795	137
796	88
797	116
798	136
799	117
800	167
801	121
802	207
803	128
804	114
805	131
806	132
807	144
808	123
809	126
810	189
811	154
812	156
813	103
814	158
815	100
816	171
817	126
818	87
819	123
820	126
821	181
822	229
823	162
824	117
825	123
826	172
827	93
828	145
829	128
830	104
831	136
832	152
833	147
834	135
835	157
836	130
837	160
838	107
839	145
840	172
841	152
842	191
843	127
844	133
845	136
846	157
847	177
848	113
849	155
850	133
851	159
852	126
853	131
854	189
855	143
856	130
857	164
858	138
859	116
860	116
861	156
862	109
863	130
864	179
865	173
866	192
867	140
868	100
869	144
870	151
871	147
872	169
873	154
874	142
875	162
876	168
877	124
878	144
879	116
880	157
881	125
882	156
883	140
884	147
885	198
886	231
887	192
888	167
889	145
890	163
891	180
892	182
893	452
894	156
895	170
896	116
897	157
898	117
899	107
900	154
901	116
902	130
903	155
904	126
905	143
906	124
907	155
908	153
909	148
910	167
911	148
912	113
913	159
914	141
915	139
916	108
917	126
918	166
919	98
920	115
921	142
922	146
923	135
924	122
925	132
926	104
927	222
928	205
929	165
930	143
931	127
932	147
933	193
934	187
935	122
936	160
937	142
938	127
939	157
940	162
941	175
942	189
943	132
944	202
945	165
946	128
947	148
948	121
949	141
950	132
951	174
952	175
953	253
954	184
955	118
956	147
957	104
958	124
959	148
960	136
961	124
962	164
963	144
964	156
965	126
966	154
967	161
968	158
969	257
970	255
971	145
972	121
973	188
974	116
975	112
976	218
977	205
978	137
979	184
980	184
981	158
982	135
983	129
984	154
985	162
986	191
987	156
988	118
989	215
990	195
991	175
992	129
993	188
994	157
995	92
996	192
997	131
998	118
999	172
1000	176
1001	154
1002	216
1003	163
1004	174
1005	144
1006	176
1007	269
1008	171
1009	145
1010	81
1011	165
1012	148
1013	164
1014	159
1015	151
1016	177
1017	168
1018	167
1019	171
1020	138
1021	171
1022	192
1023	190
1024	121
1025	178
1026	196
1027	193
1028	138
1029	177
1030	159
1031	234
1032	211
1033	144
1034	116
1035	191
1036	159
1037	146
1038	176
1039	232
1040	243
1041	235
1042	224
1043	154
1044	139
1045	160
1046	150
1047	163
1048	185
1049	180
1050	152
1051	163
1052	163
1053	126
1054	149
1055	170
1056	228
1057	125
1058	150
1059	217
1060	251
1061	209
1062	153
1063	181
1064	150
1065	198
1066	160
1067	206
1068	209
1069	167
1070	187
1071	181
1072	183
1073	125
1074	142
1075	169
1076	166
1077	130
1078	112
1079	171
1080	134
1081	230
1082	231
1083	175
1084	188
1085	211
1086	208
1087	186
1088	140
1089	197
1090	192
1091	121
1092	167
1093	176
1094	172
1095	177
1096	200
1097	130
1098	225
1099	126
1100	138
1101	178
1102	198
1103	222
1104	278
1105	186
1106	171
1107	176
1108	152
1109	196
1110	174
1111	185
1112	157
1113	133
1114	140
1115	142
1116	154
1117	147
1118	170
1119	129
1120	234
1121	209
1122	135
1123	209
1124	364
1125	257
1126	135
1127	171
1128	295
1129	280
1130	230
1131	310
1132	216
1133	261
1134	255
1135	231
1136	552
1137	402
1138	310
1139	263
1140	192
1141	287
1142	240
1143	383
1144	819
1145	478
1146	394
1147	774
1148	832
1149	791
1150	520
1151	723
1152	1057
1153	1037
1154	635
1155	745
1156	773
1157	1346
1158	1205
1159	1402
1160	1008
1161	793
1162	770
1163	908
1164	859
1165	891
1166	513
1167	545
1168	684
1169	689
1170	964
1171	1209
1172	1084
1173	749
1174	1183
1175	1078
1176	1139
1177	1220
1178	1133
1179	1610
1180	2471
1181	2377
1182	1570
1183	1197
1184	435
1185	331
1186	746
1187	649
1188	649
1189	524
1190	424
1191	659
1192	551
1193	416
1194	455
1195	426
1196	730
1197	1120
1198	385
1199	404
1200	374
1201	634
1202	781
1203	683
1204	569
1205	679
1206	592
1207	744
1208	590
1209	483
1210	775
1211	846
1212	783
1213	699
1214	484
1215	293
1216	395
1217	494
1218	644
1219	443
1220	241
1221	382
1222	549
1223	248
1224	226
1225	529
1226	881
1227	460
1228	345
1229	267
1230	258
1231	247
1232	358
1233	436
1234	385
1235	249
1236	316
1237	317
1238	359
1239	318
1240	255
1241	174
1242	349
1243	319
1244	407
1245	199
1246	229
1247	345
1248	336
1249	223
1250	196
1251	227
1252	308
1253	429
1254	393
1255	302
1256	263
1257	236
1258	437
1259	479
1260	371
1261	225
1262	168
1263	161
1264	195
1265	270
1266	190
1267	243
1268	184
1269	293
1270	262
1271	347
1272	308
1273	299
1274	330
1275	329
1276	254
1277	165
1278	198
1279	197
1280	299
1281	223
1282	238
1283	217
1284	156
1285	200
1286	183
1287	178
1288	168
1289	112
1290	140
1291	221
1292	172
1293	154
1294	161
1295	177
1296	138
1297	133
1298	161
1299	132
1300	178
1301	138
1302	142
1303	227
1304	195
1305	174
1306	157
1307	155
1308	200
1309	177
1310	134
1311	206
1312	212
1313	212
1314	140
1315	152
1316	163
1317	174
1318	186
1319	158
1320	177
1321	168
1322	225
1323	153
1324	138
1325	232
1326	196
1327	160
1328	200
1329	127
1330	176
1331	242
1332	217
1333	224
1334	171
1335	211
1336	172
1337	191
1338	193
1339	172
1340	201
1341	196
1342	175
1343	170
1344	165
1345	215
1346	203
1347	137
1348	191
1349	159
1350	178
1351	213
1352	171
1353	140
1354	181
1355	125
1356	161
1357	175
1358	154
1359	218
1360	161
1361	179
1362	157
1363	140
1364	190
1365	235
1366	206
1367	170
1368	178
1369	169
1370	183
1371	168
1372	165
1373	164
1374	160
1375	161
1376	168
1377	158
1378	169
1379	159
1380	169
1381	174
1382	167
1383	190
1384	186
1385	161
1386	162
1387	169
1388	211
1389	143
1390	241
1391	191
1392	229
1393	181
1394	128
1395	215
1396	159
1397	170
1398	192
1399	149
1400	160
1401	132
1402	176
1403	189
1404	145
1405	203
1406	196
1407	179
1408	145
1409	169
1410	148
1411	122
1412	178
1413	182
1414	153
1415	139
1416	146
1417	140
1418	189
1419	183
1420	149
1421	145
1422	144
1423	155
1424	176
1425	199
1426	172
1427	193
1428	156
1429	241
1430	174
1431	194
1432	164
1433	156
1434	176
1435	183
1436	135
1437	196
1438	194
1439	183
1440	219
1441	152
1442	163
1443	178
1444	197
1445	162
1446	203
1447	192
1448	178
1449	172
1450	230
1451	194
1452	148
1453	137
1454	163
1455	227
1456	161
1457	210
1458	174
1459	167
1460	166
1461	209
1462	184
1463	223
1464	174
1465	114
1466	159
1467	217
1468	140
1469	213
1470	158
1471	189
1472	178
1473	237
1474	211
1475	207
1476	222
1477	160
1478	189
1479	160
1480	145
1481	168
1482	154
1483	191
1484	192
1485	144
1486	180
1487	134
1488	220
1489	181
1490	156
1491	206
1492	147
1493	181
1494	162
1495	147
1496	173
1497	246
1498	126
1499	238
1500	150
1501	170
1502	191
1503	228
1504	192
1505	161
1506	161
1507	131
1508	221
1509	159
1510	198
1511	204
1512	145
1513	149
1514	164
1515	191
1516	160
1517	218
1518	166
1519	170
1520	186
1521	147
1522	177
1523	196
1524	147
1525	167
1526	214
1527	192
1528	182
1529	194
1530	220
1531	158
1532	208
1533	185
1534	154
1535	163
1536	180
1537	163
1538	182
1539	217
1540	175
1541	218
1542	166
1543	193
1544	185
1545	194
1546	173
1547	145
1548	115
1549	146
1550	169
1551	180
1552	237
1553	268
1554	225
1555	154
1556	177
1557	171
1558	196
1559	202
1560	137
1561	191
1562	153
1563	149
1564	183
1565	187
1566	173
1567	184
1568	194
1569	181
1570	167
1571	326
1572	442
1573	239
1574	183
1575	166
1576	169
1577	170
1578	161
1579	194
1580	184
1581	175
1582	189
1583	208
1584	155
1585	184
1586	155
1587	216
1588	200
1589	181
1590	166
1591	246
1592	207
1593	294
1594	164
1595	214
1596	178
1597	209
1598	150
1599	162
1600	205
1601	160
1602	162
1603	215
1604	193
1605	212
1606	173
1607	196
1608	195
1609	185
1610	160
1611	198
1612	137
1613	177
1614	147
1615	202
1616	221
1617	156
1618	233
1619	107
1620	182
1621	193
1622	243
1623	422
1624	281
1625	257
1626	185
1627	222
1628	183
1629	203
1630	191
1631	160
1632	210
1633	169
1634	159
1635	236
1636	226
1637	216
1638	236
1639	218
1640	218
1641	163
1642	213
1643	223
1644	185
1645	192
1646	236
1647	168
1648	165
1649	158
1650	177
1651	197
1652	184
1653	223
1654	199
1655	181
1656	216
1657	185
1658	203
1659	158
1660	199
1661	180
1662	139
1663	205
1664	193
1665	216
1666	221
1667	251
1668	212
1669	221
1670	225
1671	216
1672	187
1673	205
1674	131
1675	206
1676	282
1677	269
1678	161
1679	230
1680	225
1681	222
1682	158
1683	193
1684	234
1685	241
1686	165
1687	219
1688	204
1689	188
1690	197
1691	248
1692	159
1693	185
1694	215
1695	158
1696	199
1697	118
1698	228
1699	179
1700	187
1701	180
1702	198
1703	204
1704	170
1705	193
1706	168
1707	222
1708	183
1709	183
1710	178
1711	215
1712	148
1713	197
1714	243
1715	240
1716	272
1717	250
1718	205
1719	253
1720	200
1721	196
1722	209
1723	262
1724	230
1725	185
1726	201
1727	214
1728	239
1729	127
1730	211
1731	214
1732	189
1733	188
1734	193
1735	252
1736	168
1737	187
1738	238
1739	238
1740	254
1741	215
1742	217
1743	168
1744	238
1745	184
1746	238
1747	176
1748	277
1749	296
1750	200
1751	182
1752	235
1753	169
1754	184
1755	217
1756	185
1757	210
1758	258
1759	182
1760	191
1761	160
1762	220
1763	267
1764	236
1765	210
1766	187
1767	234
1768	197
1769	205
1770	181
1771	218
1772	204
1773	237
1774	198
1775	199
1776	228
1777	170
1778	272
1779	171
1780	204
1781	137
1782	237
1783	221
1784	264
1785	188
1786	231
1787	158
1788	180
1789	209
1790	235
1791	217
1792	228
1793	180
1794	247
1795	241
1796	253
1797	177
1798	214
1799	153
1800	172
1801	168
1802	182
1803	189
1804	197
1805	223
1806	217
1807	227
1808	158
1809	205
1810	152
1811	216
1812	234
1813	246
1814	270
1815	225
1816	174
1817	220
1818	231
1819	326
1820	228
1821	201
1822	180
1823	281
1824	211
1825	214
1826	232
1827	260
1828	235
1829	232
1830	309
1831	262
1832	206
1833	210
1834	192
1835	186
1836	166
1837	221
1838	192
1839	216
1840	217
1841	190
1842	200
1843	215
1844	186
1845	249
1846	141
1847	203
1848	226
1849	258
1850	215
1851	297
1852	212
1853	240
1854	338
1855	256
1856	230
1857	228
1858	220
1859	267
1860	233
1861	210
1862	247
1863	208
1864	263
1865	248
1866	192
1867	190
1868	226
1869	219
1870	245
1871	292
1872	193
1873	207
1874	213
1875	248
1876	184
1877	221
1878	197
1879	235
1880	212
1881	159
1882	215
1883	220
1884	214
1885	294
1886	241
1887	211
1888	257
1889	236
1890	283
1891	241
1892	367
1893	294
1894	255
1895	248
1896	273
1897	193
1898	275
1899	213
1900	215
1901	262
1902	218
1903	256
1904	227
1905	196
1906	221
1907	197
1908	235
1909	152
1910	227
1911	236
1912	189
1913	174
1914	291
1915	319
1916	274
1917	255
1918	213
1919	201
1920	185
1921	260
1922	245
1923	176
1924	221
1925	212
1926	204
1927	259
1928	232
1929	238
1930	243
1931	217
1932	221
1933	203
1934	204
1935	310
1936	235
1937	218
1938	371
1939	283
1940	321
1941	262
1942	240
1943	225
1944	209
1945	213
1946	266
1947	304
1948	266
1949	209
1950	257
1951	222
1952	433
1953	417
1954	297
1955	251
1956	244
1957	187
1958	229
1959	249
1960	268
1961	248
1962	220
1963	284
1964	287
1965	258
1966	263
1967	233
1968	220
1969	313
1970	303
1971	251
1972	290
1973	256
1974	224
1975	303
1976	248
1977	272
1978	215
1979	220
1980	236
1981	215
1982	238
1983	196
1984	183
1985	255
1986	290
1987	258
1988	289
1989	224
1990	249
1991	278
1992	334
1993	195
1994	260
1995	210
1996	221
1997	264
1998	218
1999	225
2000	294
2001	398
2002	258
2003	257
2004	263
2005	312
2006	151
2007	298
2008	236
2009	258
2010	205
2011	208
2012	221
2013	225
2014	223
2015	387
2016	286
2017	181
2018	276
2019	362
2020	296
2021	200
2022	250
2023	199
2024	154
2025	225
2026	168
2027	179
2028	169
2029	201
2030	207
2031	238
2032	194
2033	175
2034	167
2035	250
2036	276
2037	222
2038	187
2039	160
2040	148
2041	196
2042	155
2043	148
2044	171
2045	147
2046	140
2047	111
