Instrument: Andor
X Size: 2048
Y Size: 64
Total Flux: 0.000
Total Counts: 296289
Background: 315.000000
Curvature: 0.0
Clipped to ROI: No
ROI: 1309 526 2539 1627
X	Counts
0	57
1	105
2	64
3	76
4	106
5	61
6	62
7	76
8	81
9	59
10	67
11	120
12	94
13	56
14	59
15	132
16	108
17	116
18	76
19	82
20	93
21	52
22	99
23	79
24	118
25	102
26	91
27	70
28	78
29	76
30	63
31	91
32	75
33	66
34	51
35	91
36	85
37	110
38	92
39	71
40	95
41	108
42	75
43	93
44	54
45	76
46	68
47	64
48	50
49	98
50	116
51	82
52	51
53	90
54	95
55	85
56	70
57	125
58	69
59	98
60	101
61	70
62	79
63	89
64	60
65	66
66	99
67	113
68	70
69	47
70	94
71	129
72	57
73	90
74	65
75	64
76	90
77	92
78	61
79	101
80	75
81	88
82	75
83	103
84	65
85	51
86	85
87	81
88	111
89	73
90	98
91	75
92	88
93	82
94	84
95	88
96	90
97	83
98	62
99	87
100	89
101	107
102	108
103	69
104	82
105	107
106	127
107	49
108	83
109	83
110	80
111	70
112	89
113	82
114	104
115	88
116	86
117	81
118	99
119	93
120	54
121	111
122	57
123	57
124	88
125	94
126	79
127	69
128	77
129	72
130	88
131	42
132	102
133	100
134	81
135	93
136	88
137	109
138	87
139	107
140	85
141	63
142	86
143	85
144	106
145	92
146	92
147	69
148	89
149	52
150	91
151	87
152	83
153	77
154	107
155	122
156	103
157	115
158	136
159	126
160	90
161	99
162	98
163	99
164	71
165	73
166	85
167	105
168	111
169	112
170	69
171	51
172	67
173	53
174	113
175	97
176	70
177	84
178	123
179	132
180	153
181	92
182	91
183	89
184	91
185	97
186	77
187	85
188	125
189	78
190	111
191	105
192	62
193	78
194	81
195	54
196	74
197	66
198	76
199	61
200	90
201	76
202	106
203	61
204	72
205	96
206	61
207	98
208	94
209	77
210	66
211	120
212	67
213	92
214	56
215	64
216	97
217	83
218	78
219	72
220	107
221	102
222	90
223	100
224	114
225	88
226	57
227	86
228	55
229	61
230	98
231	74
232	61
233	54
234	58
235	80
236	69
237	97
238	89
239	81
240	158
241	128
242	91
243	49
244	116
245	66
246	109
247	74
248	89
249	76
250	80
251	114
252	60
253	71
254	95
255	93
256	61
257	57
258	87
259	103
260	99
261	80
262	63
263	76
264	79
265	66
266	91
267	102
268	88
269	49
270	120
271	73
272	125
273	94
274	73
275	79
276	53
277	79
278	54
279	91
280	97
281	74
282	72
283	73
284	73
285	110
286	102
287	115
288	48
289	99
290	84
291	82
292	59
293	83
294	78
295	89
296	61
297	62
298	63
299	46
300	71
301	78
302	127
303	70
304	102
305	89
306	72
307	80
308	77
309	96
310	148
311	78
312	105
313	75
314	81
315	101
316	111
317	70
318	79
319	57
320	103
321	83
322	44
323	88
324	72
325	85
326	86
327	89
328	95
329	96
330	57
331	72
332	90
333	82
334	32
335	104
336	86
337	68
338	107
339	79
340	91
341	72
342	65
343	78
344	82
345	56
346	75
347	108
348	93
349	99
350	66
351	55
352	86
353	53
354	82
355	111
356	31
357	75
358	69
359	82
360	83
361	105
362	104
363	54
364	67
365	87
366	94
367	75
368	54
369	58
370	87
371	72
372	48
373	58
374	71
375	67
376	84
377	68
378	64
379	91
380	93
381	101
382	74
383	75
384	87
385	75
386	69
387	85
388	94
389	84
390	50
391	82
392	67
393	70
394	68
395	93
396	85
397	72
398	103
399	112
400	150
401	120
402	91
403	106
404	90
405	85
406	99
407	112
408	63
409	114
410	99
411	96
412	88
413	84
414	95
415	103
416	102
417	100
418	81
419	135
420	86
421	105
422	56
423	68
424	70
425	91
426	89
427	115
428	80
429	62
430	66
431	72
432	58
433	88
434	122
435	102
436	66
437	127
438	92
439	70
440	73
441	109
442	107
443	88
444	100
445	72
446	85
447	67
448	75
449	70
450	76
451	78
452	91
453	63
454	92
455	88
456	104
457	96
458	102
459	73
460	78
461	123
462	91
463	108
464	93
465	100
466	139
467	129
468	110
469	82
470	79
471	68
472	94
473	107
474	94
475	92
476	104
477	73
478	103
479	70
480	76
481	63
482	69
483	88
484	124
485	94
486	99
487	58
488	72
489	107
490	78
491	116
492	64
493	105
494	63
495	99
496	109
497	92
498	74
499	78
500	123
501	60
502	84
503	82
504	116
505	95
506	80
507	95
508	79
509	70
510	111
511	75
512	78
513	78
514	91
515	106
516	59
517	79
518	101
519	112
520	91
521	65
522	96
523	116
524	145
525	139
526	141
527	107
528	101
529	77
530	105
531	80
532	106
533	81
534	91
535	83
536	92
537	107
538	50
539	72
540	88
541	109
542	97
543	126
544	72
545	89
546	100
547	88
548	77
549	102
550	122
551	81
552	113
553	88
554	98
555	99
556	112
557	91
558	139
559	104
560	103
561	106
562	100
563	91
564	128
565	85
566	111
567	109
568	87
569	122
570	78
571	108
572	94
573	120
574	87
575	64
576	81
577	105
578	66
579	45
580	129
581	83
582	83
583	103
584	63
585	110
586	64
587	67
588	120
589	89
590	88
591	83
592	127
593	109
594	69
595	131
596	81
597	126
598	77
599	115
600	77
601	67
602	55
603	38
604	73
605	109
606	97
607	72
608	77
609	102
610	97
611	141
612	62
613	46
614	131
615	88
616	117
617	135
618	178
619	109
620	104
621	80
622	107
623	160
624	105
625	108
626	104
627	104
628	117
629	126
630	61
631	116
632	101
633	132
634	104
635	92
636	84
637	81
638	96
639	91
640	91
641	178
642	67
643	79
644	160
645	140
646	70
647	97
648	134
649	103
650	111
651	116
652	76
653	122
654	69
655	69
656	98
657	99
658	79
659	72
660	93
661	75
662	84
663	113
664	70
665	63
666	94
667	82
668	117
669	116
670	112
671	86
672	65
673	95
674	132
675	148
676	81
677	101
678	121
679	68
680	96
681	120
682	77
683	94
684	92
685	106
686	108
687	98
688	118
689	83
690	96
691	120
692	117
693	99
694	77
695	105
696	87
697	86
698	88
699	84
700	99
701	61
702	75
703	103
704	101
705	97
706	103
707	104
708	125
709	83
710	102
711	97
712	127
713	102
714	96
715	123
716	100
717	79
718	98
719	87
720	99
721	79
722	106
723	63
724	83
725	80
726	116
727	105
728	99
729	132
730	72
731	75
732	74
733	68
734	82
735	129
736	106
737	99
738	117
739	87
740	73
741	86
742	105
743	64
744	125
745	112
746	124
747	82
748	68
749	113
750	98
751	90
752	99
753	93
754	57
755	86
756	111
757	119
758	68
759	91
760	105
761	126
762	96
763	150
764	97
765	158
766	75
767	82
768	95
769	101
770	121
771	119
772	108
773	117
774	60
775	111
776	114
777	142
778	114
779	85
780	114
781	126
782	93
783	114
784	105
785	130
786	179
787	85
788	125
789	117
790	109
791	138
792	133
793	69
794	118
795	109
796	88
797	80
798	85
799	75
800	110
801	83
802	158
803	92
804	83
805	120
806	121
807	152
808	144
809	97
810	136
811	121
812	119
813	109
814	89
815	114
816	96
817	89
818	104
819	117
820	87
821	97
822	129
823	85
824	71
825	108
826	140
827	114
828	93
829	98
830	153
831	124
832	136
833	111
834	79
835	127
836	103
837	102
838	116
839	95
840	129
841	125
842	111
843	92
844	127
845	101
846	150
847	105
848	148
849	99
850	124
851	138
852	130
853	112
854	124
855	120
856	130
857	127
858	81
859	97
860	84
861	132
862	103
863	102
864	138
865	120
866	109
867	132
868	83
869	80
870	138
871	108
872	117
873	53
874	134
875	156
876	132
877	150
878	116
879	86
880	134
881	125
882	128
883	114
884	81
885	124
886	90
887	128
888	68
889	109
890	97
891	110
892	135
893	148
894	95
895	139
896	87
897	133
898	110
899	108
900	117
901	148
902	134
903	84
904	116
905	150
906	118
907	102
908	104
909	165
910	128
911	139
912	123
913	135
914	119
915	158
916	75
917	116
918	157
919	72
920	102
921	146
922	94
923	101
924	113
925	118
926	67
927	133
928	121
929	114
930	69
931	98
932	67
933	123
934	105
935	120
936	132
937	120
938	154
939	126
940	121
941	108
942	144
943	140
944	160
945	157
946	127
947	139
948	112
949	163
950	135
951	106
952	120
953	121
954	85
955	88
956	123
957	97
958	136
959	85
960	86
961	177
962	116
963	104
964	116
965	120
966	116
967	106
968	111
969	150
970	125
971	94
972	99
973	138
974	91
975	104
976	128
977	138
978	129
979	161
980	123
981	140
982	133
983	75
984	119
985	114
986	122
987	127
988	109
989	131
990	145
991	124
992	103
993	141
994	140
995	104
996	101
997	125
998	110
999	134
1000	155
1001	137
1002	107
1003	127
1004	112
1005	115
1006	75
1007	142
1008	112
1009	104
1010	108
1011	104
1012	114
1013	124
1014	138
1015	106
1016	134
1017	119
1018	168
1019	109
1020	158
1021	124
1022	106
1023	123
1024	112
1025	158
1026	121
1027	181
1028	170
1029	110
1030	143
1031	108
1032	92
1033	161
1034	77
1035	170
1036	233
1037	107
1038	132
1039	162
1040	149
1041	92
1042	126
1043	100
1044	101
1045	92
1046	154
1047	89
1048	138
1049	130
1050	96
1051	86
1052	111
1053	103
1054	114
1055	135
1056	177
1057	240
1058	159
1059	124
1060	124
1061	136
1062	152
1063	131
1064	105
1065	126
1066	122
1067	115
1068	126
1069	78
1070	103
1071	90
1072	159
1073	140
1074	75
1075	121
1076	72
1077	113
1078	142
1079	141
1080	114
1081	154
1082	139
1083	123
1084	108
1085	151
1086	191
1087	150
1088	114
1089	148
1090	156
1091	131
1092	111
1093	154
1094	114
1095	140
1096	108
1097	145
1098	173
1099	122
1100	130
1101	165
1102	201
1103	215
1104	187
1105	152
1106	146
1107	131
1108	112
1109	170
1110	165
1111	224
1112	260
1113	118
1114	109
1115	161
1116	199
1117	206
1118	229
1119	1861
1120	346
1121	135
1122	105
1123	123
1124	146
1125	194
1126	217
1127	188
1128	179
1129	245
1130	290
1131	427
1132	633
1133	572
1134	1132
1135	842
1136	615
1137	857
1138	1077
1139	1157
1140	737
1141	269
1142	347
1143	364
1144	383
1145	484
1146	370
1147	180
1148	251
1149	302
1150	324
1151	499
1152	410
1153	215
1154	222
1155	313
1156	168
1157	204
1158	259
1159	266
1160	184
1161	232
1162	247
1163	353
1164	173
1165	199
1166	161
1167	159
1168	169
1169	172
1170	181
1171	192
1172	230
1173	224
1174	431
1175	593
1176	317
1177	264
1178	216
1179	325
1180	431
1181	440
1182	249
1183	277
1184	508
1185	642
1186	461
1187	624
1188	637
1189	382
1190	239
1191	355
1192	480
1193	311
1194	224
1195	386
1196	576
1197	291
1198	554
1199	682
1200	598
1201	519
1202	668
1203	710
1204	664
1205	688
1206	845
1207	458
1208	447
1209	377
1210	587
1211	750
1212	652
1213	634
1214	647
1215	728
1216	474
1217	457
1218	351
1219	243
1220	278
1221	475
1222	509
1223	369
1224	322
1225	419
1226	364
1227	340
1228	323
1229	509
1230	434
1231	245
1232	314
1233	292
1234	180
1235	160
1236	158
1237	215
1238	180
1239	178
1240	144
1241	147
1242	272
1243	325
1244	188
1245	255
1246	239
1247	217
1248	229
1249	212
1250	181
1251	135
1252	141
1253	122
1254	152
1255	164
1256	171
1257	273
1258	142
1259	200
1260	293
1261	212
1262	373
1263	194
1264	138
1265	183
1266	206
1267	144
1268	204
1269	299
1270	325
1271	351
1272	353
1273	157
1274	195
1275	222
1276	140
1277	132
1278	145
1279	187
1280	166
1281	190
1282	202
1283	175
1284	139
1285	169
1286	160
1287	209
1288	153
1289	140
1290	170
1291	206
1292	141
1293	165
1294	185
1295	174
1296	116
1297	123
1298	105
1299	138
1300	147
1301	101
1302	139
1303	145
1304	119
1305	107
1306	179
1307	239
1308	115
1309	135
1310	114
1311	96
1312	83
1313	178
1314	203
1315	193
1316	156
1317	141
1318	155
1319	144
1320	165
1321	136
1322	127
1323	119
1324	147
1325	336
1326	258
1327	149
1328	224
1329	118
1330	129
1331	91
1332	201
1333	168
1334	117
1335	220
1336	162
1337	154
1338	142
1339	130
1340	256
1341	190
1342	188
1343	136
1344	103
1345	129
1346	146
1347	128
1348	133
1349	123
1350	184
1351	180
1352	132
1353	151
1354	101
1355	124
1356	135
1357	140
1358	78
1359	186
1360	140
1361	165
1362	128
1363	175
1364	119
1365	135
1366	141
1367	143
1368	154
1369	151
1370	152
1371	111
1372	159
1373	114
1374	149
1375	168
1376	138
1377	135
1378	128
1379	135
1380	151
1381	100
1382	152
1383	154
1384	140
1385	147
1386	93
1387	145
1388	90
1389	111
1390	120
1391	147
1392	126
1393	138
1394	155
1395	124
1396	131
1397	176
1398	111
1399	120
1400	114
1401	84
1402	169
1403	174
1404	137
1405	105
1406	130
1407	138
1408	101
1409	145
1410	106
1411	135
1412	157
1413	112
1414	115
1415	116
1416	146
1417	107
1418	113
1419	142
1420	126
1421	117
1422	160
1423	130
1424	142
1425	127
1426	179
1427	220
1428	163
1429	206
1430	181
1431	181
1432	155
1433	142
1434	156
1435	152
1436	161
1437	168
1438	125
1439	119
1440	143
1441	147
1442	111
1443	149
1444	154
1445	116
1446	128
1447	184
1448	140
1449	153
1450	171
1451	120
1452	149
1453	114
1454	131
1455	150
1456	133
1457	180
1458	102
1459	148
1460	180
1461	186
1462	133
1463	165
1464	159
1465	125
1466	138
1467	152
1468	111
1469	179
1470	136
1471	149
1472	138
1473	136
1474	128
1475	177
1476	187
1477	121
1478	150
1479	135
1480	151
1481	168
1482	147
1483	174
1484	143
1485	155
1486	127
1487	130
1488	121
1489	147
1490	188
1491	144
1492	133
1493	188
1494	151
1495	159
1496	143
1497	179
1498	145
1499	131
1500	149
1501	156
1502	170
1503	123
1504	133
1505	126
1506	123
1507	163
1508	163
1509	149
1510	157
1511	163
1512	172
1513	118
1514	163
1515	145
1516	176
1517	136
1518	184
1519	152
1520	171
1521	106
1522	137
1523	102
1524	162
1525	153
1526	133
1527	148
1528	139
1529	159
1530	211
1531	132
1532	202
1533	141
1534	169
1535	151
1536	155
1537	154
1538	122
1539	117
1540	118
1541	214
1542	120
1543	195
1544	145
1545	138
1546	164
1547	179
1548	129
1549	148
1550	208
1551	178
1552	162
1553	126
1554	174
1555	136
1556	149
1557	150
1558	166
1559	156
1560	121
1561	184
1562	98
1563	125
1564	144
1565	146
1566	122
1567	131
1568	159
1569	168
1570	168
1571	117
1572	122
1573	162
1574	136
1575	149
1576	167
1577	175
1578	188
1579	133
1580	170
1581	181
1582	195
1583	131
1584	143
1585	142
1586	176
1587	152
1588	142
1589	120
1590	133
1591	168
1592	167
1593	160
1594	189
1595	163
1596	161
1597	149
1598	154
1599	129
1600	213
1601	139
1602	149
1603	159
1604	180
1605	209
1606	199
1607	200
1608	156
1609	156
1610	171
1611	168
1612	115
1613	182
1614	179
1615	164
1616	184
1617	165
1618	173
1619	118
1620	151
1621	139
1622	167
1623	146
1624	153
1625	139
1626	160
1627	223
1628	134
1629	145
1630	146
1631	131
1632	187
1633	153
1634	158
1635	172
1636	121
1637	114
1638	149
1639	131
1640	149
1641	150
1642	143
1643	153
1644	193
1645	147
1646	178
1647	155
1648	118
1649	167
1650	115
1651	118
1652	108
1653	160
1654	176
1655	132
1656	238
1657	146
1658	187
1659	141
1660	187
1661	144
1662	162
1663	157
1664	191
1665	160
1666	158
1667	179
1668	145
1669	145
1670	167
1671	150
1672	163
1673	154
1674	191
1675	128
1676	164
1677	145
1678	111
1679	172
1680	159
1681	200
1682	149
1683	165
1684	134
1685	210
1686	126
1687	166
1688	133
1689	123
1690	188
1691	196
1692	151
1693	214
1694	143
1695	179
1696	173
1697	118
1698	142
1699	203
1700	130
1701	160
1702	200
1703	207
1704	107
1705	144
1706	142
1707	176
1708	166
1709	135
1710	169
1711	182
1712	137
1713	159
1714	161
1715	159
1716	176
1717	146
1718	139
1719	179
1720	165
1721	155
1722	195
1723	191
1724	94
1725	201
1726	156
1727	146
1728	130
1729	159
1730	191
1731	169
1732	126
1733	193
1734	150
1735	205
1736	154
1737	120
1738	196
1739	237
1740	204
1741	158
1742	192
1743	179
1744	202
1745	161
1746	169
1747	152
1748	225
1749	187
1750	200
1751	137
1752	149
1753	144
1754	158
1755	172
1756	177
1757	140
1758	199
1759	220
1760	193
1761	145
1762	176
1763	217
1764	152
1765	157
1766	182
1767	162
1768	153
1769	181
1770	155
1771	184
1772	156
1773	208
1774	225
1775	143
1776	140
1777	138
1778	183
1779	194
1780	168
1781	153
1782	145
1783	219
1784	226
1785	217
1786	153
1787	155
1788	156
1789	227
1790	168
1791	208
1792	195
1793	136
1794	189
1795	202
1796	218
1797	180
1798	173
1799	157
1800	170
1801	146
1802	187
1803	141
1804	179
1805	183
1806	187
1807	190
1808	159
1809	228
1810	113
1811	209
1812	127
1813	142
1814	150
1815	214
1816	163
1817	173
1818	169
1819	186
1820	204
1821	187
1822	149
1823	204
1824	182
1825	192
1826	175
1827	153
1828	180
1829	185
1830	173
1831	202
1832	206
1833	163
1834	192
1835	137
1836	175
1837	160
1838	195
1839	261
1840	174
1841	166
1842	209
1843	180
1844	182
1845	210
1846	204
1847	177
1848	179
1849	156
1850	192
1851	181
1852	177
1853	141
1854	168
1855	159
1856	202
1857	181
1858	183
1859	175
1860	165
1861	176
1862	207
1863	121
1864	192
1865	160
1866	150
1867	198
1868	148
1869	235
1870	202
1871	197
1872	189
1873	217
1874	195
1875	174
1876	153
1877	157
1878	212
1879	187
1880	206
1881	177
1882	181
1883	193
1884	213
1885	223
1886	161
1887	193
1888	219
1889	203
1890	154
1891	158
1892	264
1893	207
1894	162
1895	171
1896	232
1897	183
1898	258
1899	201
1900	222
1901	209
1902	218
1903	234
1904	172
1905	172
1906	218
1907	200
1908	178
1909	176
1910	185
1911	143
1912	180
1913	197
1914	211
1915	207
1916	224
1917	164
1918	225
1919	178
1920	192
1921	248
1922	142
1923	208
1924	176
1925	196
1926	168
1927	183
1928	186
1929	166
1930	223
1931	209
1932	201
1933	179
1934	222
1935	226
1936	212
1937	181
1938	208
1939	251
1940	224
1941	185
1942	168
1943	229
1944	155
1945	184
1946	232
1947	161
1948	203
1949	203
1950	207
1951	194
1952	184
1953	233
1954	155
1955	241
1956	241
1957	170
1958	203
1959	178
1960	173
1961	225
1962	213
1963	236
1964	149
1965	215
1966	180
1967	173
1968	192
1969	248
1970	361
1971	215
1972	181
1973	168
1974	184
1975	230
1976	235
1977	201
1978	194
1979	229
1980	183
1981	168
1982	250
1983	125
1984	178
1985	220
1986	282
1987	291
1988	292
1989	193
1990	201
1991	201
1992	216
1993	176
1994	191
1995	205
1996	175
1997	220
1998	135
1999	193
2000	176
2001	241
2002	190
2003	241
2004	281
2005	298
2006	217
2007	160
2008	176
2009	209
2010	214
2011	182
2012	246
2013	195
2014	243
2015	206
2016	149
2017	154
2018	102
2019	198
2020	149
2021	180
2022	237
2023	212
2024	179
2025	235
2026	134
2027	194
2028	134
2029	145
2030	161
2031	164
2032	146
2033	102
2034	136
2035	147
2036	145
2037	149
2038	178
2039	131
2040	127
2041	117
2042	168
2043	101
2044	130
2045	98
2046	118
2047	99
