Instrument: Andor
X Size: 2048
Y Size: 64
Total Flux: 0.000
Total Counts: 381977
Background: 315.000000
Curvature: 0.0
Clipped to ROI: No
ROI: 1309 526 2539 1627
X	Counts
0	73
1	80
2	75
3	80
4	81
5	88
6	45
7	78
8	74
9	72
10	102
11	100
12	125
13	71
14	57
15	80
16	83
17	81
18	86
19	76
20	75
21	66
22	47
23	82
24	84
25	66
26	93
27	89
28	106
29	104
30	91
31	81
32	86
33	81
34	75
35	77
36	58
37	79
38	87
39	85
40	72
41	76
42	61
43	112
44	97
45	74
46	80
47	82
48	98
49	90
50	97
51	92
52	67
53	87
54	102
55	82
56	63
57	88
58	92
59	54
60	92
61	45
62	98
63	59
64	121
65	82
66	92
67	57
68	50
69	58
70	92
71	67
72	82
73	82
74	87
75	73
76	89
77	123
78	64
79	78
80	69
81	82
82	78
83	100
84	47
85	89
86	77
87	75
88	78
89	75
90	102
91	116
92	91
93	73
94	106
95	75
96	149
97	98
98	134
99	126
100	213
101	190
102	129
103	117
104	110
105	111
106	92
107	76
108	99
109	75
110	77
111	94
112	100
113	90
114	99
115	101
116	62
117	85
118	143
119	159
120	85
121	77
122	121
123	105
124	83
125	63
126	88
127	101
128	79
129	127
130	93
131	96
132	96
133	136
134	117
135	69
136	89
137	74
138	87
139	68
140	72
141	85
142	117
143	75
144	88
145	92
146	93
147	106
148	174
149	170
150	107
151	108
152	85
153	70
154	66
155	122
156	93
157	79
158	67
159	110
160	97
161	100
162	142
163	108
164	93
165	84
166	105
167	105
168	86
169	69
170	83
171	71
172	99
173	91
174	122
175	72
176	66
177	73
178	80
179	95
180	63
181	80
182	112
183	120
184	193
185	121
186	84
187	106
188	110
189	126
190	74
191	76
192	118
193	84
194	71
195	54
196	75
197	90
198	63
199	67
200	71
201	66
202	71
203	86
204	51
205	117
206	79
207	99
208	109
209	71
210	80
211	58
212	73
213	61
214	25
215	121
216	90
217	83
218	62
219	80
220	90
221	109
222	110
223	93
224	118
225	100
226	73
227	106
228	67
229	94
230	97
231	114
232	76
233	103
234	68
235	112
236	68
237	82
238	138
239	87
240	136
241	94
242	102
243	57
244	73
245	53
246	69
247	81
248	95
249	81
250	122
251	64
252	113
253	64
254	74
255	81
256	60
257	46
258	88
259	126
260	120
261	82
262	68
263	84
264	83
265	68
266	92
267	101
268	73
269	74
270	96
271	104
272	72
273	81
274	136
275	141
276	194
277	64
278	121
279	85
280	112
281	79
282	75
283	73
284	53
285	87
286	59
287	78
288	63
289	87
290	66
291	80
292	70
293	81
294	81
295	84
296	87
297	82
298	101
299	118
300	154
301	107
302	54
303	132
304	82
305	76
306	102
307	114
308	138
309	146
310	97
311	70
312	117
313	81
314	86
315	85
316	85
317	122
318	157
319	130
320	65
321	101
322	109
323	83
324	117
325	94
326	73
327	82
328	81
329	70
330	98
331	91
332	94
333	109
334	82
335	139
336	105
337	68
338	63
339	82
340	93
341	107
342	82
343	78
344	69
345	79
346	88
347	66
348	112
349	82
350	78
351	86
352	97
353	95
354	120
355	64
356	126
357	76
358	102
359	165
360	113
361	169
362	329
363	218
364	178
365	102
366	72
367	81
368	90
369	91
370	116
371	154
372	95
373	80
374	95
375	73
376	87
377	79
378	85
379	91
380	94
381	90
382	59
383	66
384	92
385	92
386	62
387	91
388	106
389	59
390	100
391	155
392	115
393	84
394	70
395	63
396	102
397	151
398	86
399	77
400	70
401	114
402	125
403	164
404	110
405	98
406	69
407	99
408	84
409	92
410	105
411	95
412	67
413	79
414	84
415	103
416	169
417	103
418	136
419	82
420	98
421	107
422	116
423	84
424	115
425	132
426	130
427	96
428	89
429	59
430	105
431	88
432	111
433	104
434	68
435	86
436	73
437	88
438	93
439	85
440	80
441	83
442	85
443	93
444	54
445	77
446	110
447	73
448	124
449	120
450	91
451	63
452	81
453	80
454	81
455	61
456	109
457	125
458	108
459	103
460	121
461	122
462	103
463	65
464	70
465	80
466	74
467	105
468	90
469	116
470	116
471	92
472	149
473	405
474	377
475	89
476	88
477	106
478	108
479	127
480	122
481	92
482	104
483	192
484	108
485	75
486	116
487	91
488	81
489	70
490	81
491	79
492	75
493	108
494	108
495	97
496	112
497	116
498	109
499	61
500	80
501	85
502	73
503	127
504	80
505	82
506	68
507	83
508	148
509	86
510	105
511	117
512	65
513	82
514	85
515	146
516	167
517	84
518	135
519	122
520	91
521	68
522	79
523	80
524	82
525	114
526	78
527	75
528	128
529	63
530	88
531	81
532	57
533	117
534	102
535	88
536	87
537	109
538	149
539	105
540	72
541	110
542	81
543	136
544	111
545	107
546	104
547	255
548	371
549	132
550	91
551	116
552	107
553	92
554	143
555	93
556	121
557	136
558	108
559	136
560	170
561	262
562	121
563	69
564	98
565	89
566	107
567	66
568	88
569	101
570	120
571	178
572	157
573	127
574	131
575	72
576	89
577	82
578	63
579	87
580	119
581	123
582	165
583	112
584	87
585	119
586	98
587	88
588	89
589	93
590	98
591	109
592	161
593	172
594	103
595	132
596	90
597	113
598	110
599	117
600	226
601	153
602	100
603	77
604	102
605	85
606	63
607	133
608	469
609	391
610	170
611	215
612	267
613	427
614	236
615	157
616	447
617	598
618	245
619	210
620	293
621	418
622	217
623	113
624	124
625	127
626	79
627	139
628	189
629	407
630	124
631	103
632	178
633	149
634	50
635	143
636	94
637	118
638	132
639	139
640	117
641	114
642	95
643	119
644	91
645	122
646	116
647	114
648	91
649	71
650	86
651	204
652	137
653	148
654	95
655	90
656	129
657	88
658	137
659	382
660	136
661	90
662	58
663	112
664	162
665	180
666	133
667	62
668	122
669	82
670	125
671	68
672	97
673	55
674	73
675	145
676	141
677	86
678	91
679	104
680	131
681	103
682	85
683	110
684	130
685	162
686	82
687	124
688	111
689	124
690	136
691	140
692	118
693	113
694	145
695	91
696	87
697	117
698	116
699	87
700	93
701	91
702	94
703	95
704	124
705	77
706	88
707	136
708	116
709	99
710	84
711	129
712	95
713	69
714	91
715	127
716	116
717	69
718	81
719	118
720	91
721	96
722	101
723	83
724	116
725	133
726	206
727	127
728	107
729	275
730	386
731	93
732	91
733	103
734	91
735	152
736	114
737	152
738	134
739	82
740	95
741	85
742	139
743	120
744	104
745	115
746	103
747	93
748	74
749	95
750	93
751	76
752	99
753	119
754	96
755	143
756	121
757	150
758	85
759	96
760	133
761	80
762	80
763	102
764	92
765	105
766	74
767	132
768	121
769	119
770	110
771	94
772	108
773	115
774	93
775	101
776	135
777	117
778	80
779	97
780	106
781	139
782	107
783	118
784	137
785	104
786	145
787	141
788	132
789	144
790	152
791	103
792	105
793	124
794	97
795	105
796	109
797	112
798	99
799	81
800	127
801	97
802	94
803	89
804	92
805	102
806	103
807	116
808	70
809	109
810	144
811	88
812	137
813	67
814	129
815	64
816	99
817	60
818	136
819	149
820	249
821	175
822	178
823	215
824	107
825	118
826	115
827	102
828	110
829	99
830	105
831	127
832	87
833	93
834	118
835	120
836	119
837	116
838	140
839	114
840	170
841	133
842	103
843	99
844	141
845	116
846	145
847	161
848	121
849	112
850	119
851	107
852	134
853	95
854	152
855	71
856	102
857	104
858	137
859	94
860	93
861	163
862	254
863	168
864	116
865	162
866	171
867	137
868	74
869	146
870	174
871	96
872	110
873	83
874	125
875	105
876	143
877	131
878	85
879	85
880	117
881	128
882	82
883	94
884	86
885	132
886	79
887	107
888	116
889	165
890	205
891	129
892	123
893	117
894	127
895	89
896	114
897	92
898	104
899	148
900	236
901	133
902	103
903	100
904	157
905	102
906	81
907	91
908	105
909	148
910	135
911	131
912	111
913	60
914	137
915	149
916	119
917	106
918	126
919	109
920	122
921	102
922	117
923	140
924	115
925	108
926	111
927	140
928	143
929	136
930	108
931	108
932	93
933	113
934	156
935	229
936	193
937	160
938	156
939	144
940	137
941	124
942	146
943	109
944	111
945	125
946	93
947	127
948	115
949	134
950	110
951	94
952	152
953	127
954	109
955	99
956	94
957	162
958	204
959	124
960	146
961	121
962	147
963	115
964	124
965	89
966	127
967	94
968	102
969	133
970	110
971	107
972	149
973	97
974	122
975	121
976	114
977	117
978	109
979	151
980	205
981	180
982	143
983	142
984	140
985	89
986	159
987	151
988	364
989	312
990	236
991	179
992	97
993	128
994	107
995	120
996	133
997	101
998	86
999	86
1000	95
1001	136
1002	92
1003	140
1004	141
1005	102
1006	158
1007	108
1008	130
1009	121
1010	98
1011	228
1012	215
1013	121
1014	116
1015	100
1016	155
1017	145
1018	154
1019	164
1020	148
1021	129
1022	149
1023	224
1024	174
1025	127
1026	141
1027	115
1028	106
1029	102
1030	111
1031	113
1032	165
1033	164
1034	89
1035	151
1036	159
1037	179
1038	158
1039	122
1040	122
1041	130
1042	112
1043	82
1044	111
1045	167
1046	124
1047	156
1048	166
1049	142
1050	152
1051	177
1052	126
1053	134
1054	98
1055	125
1056	145
1057	154
1058	284
1059	230
1060	163
1061	129
1062	164
1063	127
1064	258
1065	536
1066	205
1067	134
1068	120
1069	97
1070	112
1071	121
1072	199
1073	123
1074	123
1075	111
1076	334
1077	230
1078	126
1079	171
1080	130
1081	123
1082	178
1083	124
1084	147
1085	106
1086	156
1087	104
1088	202
1089	190
1090	92
1091	109
1092	97
1093	157
1094	109
1095	113
1096	127
1097	103
1098	155
1099	102
1100	124
1101	157
1102	153
1103	176
1104	106
1105	154
1106	219
1107	380
1108	232
1109	148
1110	164
1111	152
1112	205
1113	348
1114	677
1115	296
1116	152
1117	226
1118	187
1119	134
1120	237
1121	358
1122	365
1123	288
1124	267
1125	347
1126	400
1127	466
1128	672
1129	494
1130	755
1131	433
1132	393
1133	521
1134	577
1135	442
1136	755
1137	585
1138	801
1139	714
1140	570
1141	717
1142	903
1143	677
1144	1370
1145	967
1146	869
1147	1605
1148	1517
1149	1890
1150	1599
1151	1552
1152	1384
1153	1654
1154	2853
1155	2318
1156	2207
1157	2405
1158	2483
1159	2210
1160	2424
1161	2762
1162	2101
1163	1542
1164	2397
1165	2653
1166	2734
1167	2640
1168	2507
1169	2484
1170	1839
1171	1323
1172	929
1173	900
1174	815
1175	656
1176	714
1177	791
1178	529
1179	247
1180	430
1181	366
1182	371
1183	689
1184	1048
1185	697
1186	731
1187	627
1188	370
1189	801
1190	748
1191	458
1192	698
1193	382
1194	324
1195	324
1196	679
1197	438
1198	427
1199	608
1200	634
1201	387
1202	369
1203	505
1204	525
1205	363
1206	532
1207	659
1208	655
1209	974
1210	394
1211	271
1212	448
1213	566
1214	603
1215	506
1216	708
1217	409
1218	841
1219	1045
1220	541
1221	897
1222	853
1223	346
1224	372
1225	455
1226	366
1227	430
1228	429
1229	366
1230	432
1231	506
1232	371
1233	236
1234	193
1235	208
1236	334
1237	341
1238	158
1239	193
1240	436
1241	764
1242	1035
1243	1128
1244	285
1245	143
1246	185
1247	243
1248	348
1249	224
1250	197
1251	610
1252	435
1253	295
1254	228
1255	261
1256	211
1257	323
1258	388
1259	197
1260	192
1261	190
1262	210
1263	161
1264	172
1265	218
1266	192
1267	181
1268	312
1269	139
1270	209
1271	143
1272	136
1273	153
1274	216
1275	182
1276	141
1277	183
1278	243
1279	197
1280	223
1281	143
1282	194
1283	198
1284	245
1285	371
1286	226
1287	197
1288	152
1289	125
1290	158
1291	134
1292	115
1293	174
1294	178
1295	200
1296	147
1297	118
1298	144
1299	106
1300	139
1301	129
1302	135
1303	153
1304	137
1305	194
1306	217
1307	237
1308	144
1309	130
1310	132
1311	166
1312	118
1313	148
1314	149
1315	147
1316	142
1317	194
1318	191
1319	146
1320	167
1321	149
1322	114
1323	164
1324	122
1325	214
1326	152
1327	157
1328	198
1329	178
1330	162
1331	177
1332	146
1333	154
1334	173
1335	123
1336	76
1337	101
1338	136
1339	136
1340	158
1341	175
1342	140
1343	185
1344	152
1345	156
1346	127
1347	105
1348	156
1349	140
1350	157
1351	159
1352	149
1353	122
1354	131
1355	95
1356	153
1357	98
1358	148
1359	188
1360	111
1361	160
1362	135
1363	139
1364	131
1365	148
1366	161
1367	149
1368	110
1369	106
1370	187
1371	196
1372	105
1373	206
1374	140
1375	153
1376	117
1377	173
1378	115
1379	145
1380	177
1381	130
1382	122
1383	207
1384	163
1385	158
1386	118
1387	117
1388	128
1389	126
1390	185
1391	132
1392	125
1393	109
1394	110
1395	119
1396	172
1397	143
1398	184
1399	189
1400	212
1401	146
1402	154
1403	151
1404	158
1405	161
1406	181
1407	125
1408	130
1409	84
1410	127
1411	129
1412	143
1413	153
1414	146
1415	113
1416	110
1417	149
1418	104
1419	158
1420	153
1421	173
1422	138
1423	176
1424	194
1425	132
1426	186
1427	260
1428	193
1429	194
1430	145
1431	175
1432	211
1433	149
1434	203
1435	231
1436	319
1437	182
1438	146
1439	167
1440	109
1441	160
1442	147
1443	147
1444	184
1445	141
1446	117
1447	162
1448	179
1449	191
1450	219
1451	151
1452	114
1453	107
1454	137
1455	151
1456	159
1457	179
1458	151
1459	165
1460	173
1461	165
1462	106
1463	144
1464	155
1465	141
1466	143
1467	150
1468	157
1469	144
1470	146
1471	140
1472	132
1473	198
1474	129
1475	165
1476	190
1477	114
1478	176
1479	151
1480	180
1481	209
1482	152
1483	166
1484	162
1485	109
1486	154
1487	124
1488	136
1489	160
1490	160
1491	281
1492	157
1493	212
1494	133
1495	132
1496	140
1497	163
1498	105
1499	191
1500	140
1501	144
1502	151
1503	144
1504	161
1505	103
1506	114
1507	125
1508	130
1509	175
1510	229
1511	184
1512	217
1513	112
1514	151
1515	159
1516	157
1517	166
1518	184
1519	148
1520	294
1521	136
1522	157
1523	152
1524	151
1525	104
1526	140
1527	125
1528	152
1529	135
1530	129
1531	144
1532	129
1533	154
1534	119
1535	214
1536	164
1537	130
1538	131
1539	135
1540	76
1541	179
1542	143
1543	229
1544	130
1545	134
1546	178
1547	148
1548	142
1549	129
1550	158
1551	143
1552	146
1553	154
1554	200
1555	258
1556	202
1557	146
1558	172
1559	202
1560	222
1561	139
1562	125
1563	190
1564	113
1565	139
1566	165
1567	146
1568	132
1569	152
1570	164
1571	154
1572	198
1573	177
1574	151
1575	161
1576	100
1577	148
1578	151
1579	232
1580	145
1581	143
1582	361
1583	238
1584	149
1585	171
1586	170
1587	159
1588	186
1589	145
1590	117
1591	171
1592	190
1593	172
1594	224
1595	177
1596	262
1597	156
1598	143
1599	131
1600	186
1601	148
1602	151
1603	188
1604	164
1605	150
1606	155
1607	122
1608	210
1609	161
1610	151
1611	142
1612	159
1613	131
1614	165
1615	159
1616	112
1617	167
1618	175
1619	140
1620	146
1621	124
1622	213
1623	188
1624	145
1625	163
1626	160
1627	150
1628	157
1629	99
1630	181
1631	160
1632	179
1633	165
1634	178
1635	165
1636	151
1637	176
1638	177
1639	172
1640	193
1641	176
1642	163
1643	182
1644	236
1645	365
1646	294
1647	178
1648	127
1649	182
1650	140
1651	152
1652	157
1653	171
1654	144
1655	176
1656	220
1657	206
1658	178
1659	148
1660	237
1661	211
1662	209
1663	115
1664	175
1665	107
1666	203
1667	203
1668	168
1669	170
1670	211
1671	209
1672	237
1673	130
1674	143
1675	159
1676	115
1677	186
1678	155
1679	161
1680	147
1681	158
1682	157
1683	181
1684	178
1685	171
1686	136
1687	141
1688	141
1689	129
1690	182
1691	245
1692	152
1693	189
1694	180
1695	171
1696	127
1697	140
1698	167
1699	125
1700	152
1701	151
1702	165
1703	149
1704	149
1705	180
1706	160
1707	163
1708	161
1709	172
1710	167
1711	175
1712	147
1713	153
1714	162
1715	127
1716	197
1717	142
1718	198
1719	170
1720	164
1721	172
1722	248
1723	397
1724	150
1725	209
1726	176
1727	142
1728	168
1729	187
1730	172
1731	241
1732	133
1733	172
1734	152
1735	191
1736	147
1737	146
1738	179
1739	164
1740	217
1741	172
1742	181
1743	137
1744	127
1745	122
1746	195
1747	150
1748	171
1749	185
1750	190
1751	218
1752	171
1753	172
1754	162
1755	258
1756	231
1757	212
1758	298
1759	184
1760	204
1761	179
1762	205
1763	169
1764	164
1765	186
1766	177
1767	186
1768	139
1769	171
1770	189
1771	222
1772	220
1773	261
1774	203
1775	191
1776	248
1777	179
1778	186
1779	150
1780	182
1781	164
1782	145
1783	153
1784	234
1785	180
1786	167
1787	181
1788	154
1789	164
1790	199
1791	173
1792	202
1793	197
1794	198
1795	160
1796	178
1797	178
1798	171
1799	173
1800	245
1801	228
1802	163
1803	155
1804	148
1805	141
1806	227
1807	163
1808	161
1809	124
1810	170
1811	215
1812	190
1813	259
1814	297
1815	243
1816	160
1817	178
1818	168
1819	220
1820	232
1821	207
1822	232
1823	318
1824	371
1825	182
1826	220
1827	209
1828	156
1829	162
1830	153
1831	174
1832	211
1833	238
1834	176
1835	190
1836	169
1837	190
1838	136
1839	172
1840	211
1841	171
1842	183
1843	179
1844	207
1845	219
1846	127
1847	147
1848	269
1849	207
1850	255
1851	143
1852	206
1853	246
1854	214
1855	193
1856	247
1857	160
1858	172
1859	193
1860	193
1861	174
1862	256
1863	149
1864	209
1865	160
1866	153
1867	240
1868	170
1869	272
1870	255
1871	220
1872	219
1873	217
1874	215
1875	186
1876	181
1877	189
1878	199
1879	170
1880	206
1881	184
1882	189
1883	193
1884	190
1885	253
1886	157
1887	150
1888	201
1889	216
1890	241
1891	282
1892	258
1893	205
1894	166
1895	206
1896	258
1897	230
1898	339
1899	176
1900	218
1901	281
1902	201
1903	206
1904	176
1905	178
1906	200
1907	192
1908	154
1909	236
1910	150
1911	151
1912	127
1913	175
1914	218
1915	196
1916	200
1917	186
1918	169
1919	221
1920	267
1921	243
1922	199
1923	179
1924	187
1925	187
1926	247
1927	293
1928	194
1929	199
1930	204
1931	215
1932	160
1933	260
1934	281
1935	291
1936	210
1937	153
1938	184
1939	237
1940	169
1941	207
1942	150
1943	190
1944	221
1945	178
1946	232
1947	193
1948	192
1949	244
1950	222
1951	208
1952	218
1953	238
1954	234
1955	223
1956	230
1957	211
1958	188
1959	181
1960	181
1961	262
1962	180
1963	241
1964	225
1965	241
1966	214
1967	137
1968	169
1969	207
1970	232
1971	272
1972	253
1973	237
1974	204
1975	286
1976	249
1977	235
1978	167
1979	204
1980	305
1981	238
1982	266
1983	199
1984	143
1985	232
1986	233
1987	251
1988	244
1989	218
1990	209
1991	239
1992	218
1993	163
1994	212
1995	227
1996	184
1997	294
1998	302
1999	252
2000	172
2001	233
2002	194
2003	243
2004	250
2005	229
2006	214
2007	125
2008	196
2009	216
2010	237
2011	176
2012	229
2013	166
2014	202
2015	343
2016	174
2017	177
2018	131
2019	211
2020	122
2021	197
2022	261
2023	217
2024	123
2025	191
2026	160
2027	191
2028	227
2029	242
2030	258
2031	217
2032	198
2033	189
2034	175
2035	188
2036	92
2037	113
2038	130
2039	201
2040	152
2041	207
2042	265
2043	190
2044	182
2045	67
2046	88
2047	151
