Instrument: Andor
X Size: 2048
Y Size: 64
Total Flux: 0.000
Total Counts: 398027
Background: 315.000000
Curvature: 0.0
Clipped to ROI: No
ROI: 1309 526 2539 1627
X	Counts
0	66
1	57
2	93
3	66
4	71
5	74
6	107
7	56
8	94
9	88
10	92
11	103
12	98
13	81
14	103
15	132
16	63
17	108
18	93
19	65
20	68
21	86
22	66
23	75
24	74
25	67
26	91
27	60
28	83
29	66
30	46
31	76
32	84
33	73
34	91
35	85
36	70
37	88
38	100
39	98
40	71
41	83
42	77
43	90
44	65
45	92
46	78
47	93
48	137
49	86
50	108
51	90
52	90
53	98
54	82
55	94
56	60
57	79
58	88
59	110
60	117
61	134
62	88
63	90
64	108
65	74
66	73
67	98
68	69
69	67
70	125
71	77
72	67
73	56
74	102
75	84
76	78
77	161
78	145
79	96
80	117
81	114
82	135
83	97
84	85
85	82
86	94
87	52
88	77
89	66
90	108
91	96
92	111
93	106
94	109
95	90
96	105
97	93
98	93
99	63
100	88
101	101
102	97
103	59
104	87
105	75
106	104
107	91
108	129
109	130
110	147
111	212
112	75
113	91
114	97
115	145
116	104
117	98
118	86
119	85
120	84
121	84
122	150
123	71
124	49
125	94
126	52
127	84
128	62
129	99
130	73
131	85
132	80
133	93
134	66
135	85
136	96
137	61
138	64
139	88
140	108
141	140
142	134
143	77
144	168
145	105
146	85
147	86
148	89
149	105
150	96
151	146
152	97
153	73
154	92
155	132
156	113
157	91
158	58
159	88
160	65
161	63
162	81
163	72
164	64
165	128
166	51
167	90
168	106
169	123
170	106
171	66
172	129
173	112
174	127
175	105
176	93
177	59
178	56
179	84
180	60
181	84
182	104
183	88
184	110
185	83
186	89
187	76
188	77
189	116
190	84
191	59
192	105
193	49
194	104
195	89
196	70
197	70
198	83
199	56
200	74
201	78
202	160
203	252
204	212
205	101
206	92
207	79
208	90
209	87
210	95
211	52
212	89
213	48
214	100
215	58
216	62
217	64
218	49
219	80
220	77
221	111
222	52
223	94
224	72
225	110
226	83
227	88
228	80
229	90
230	76
231	102
232	67
233	52
234	91
235	89
236	93
237	89
238	123
239	90
240	73
241	66
242	134
243	128
244	90
245	171
246	136
247	86
248	67
249	77
250	66
251	125
252	142
253	89
254	108
255	101
256	66
257	76
258	68
259	87
260	101
261	75
262	88
263	78
264	87
265	92
266	162
267	117
268	67
269	110
270	140
271	66
272	87
273	75
274	92
275	105
276	131
277	59
278	71
279	114
280	106
281	110
282	114
283	60
284	93
285	107
286	131
287	97
288	42
289	97
290	66
291	77
292	80
293	94
294	157
295	80
296	73
297	103
298	75
299	68
300	108
301	106
302	87
303	72
304	84
305	98
306	58
307	87
308	67
309	117
310	84
311	73
312	53
313	63
314	77
315	82
316	84
317	75
318	109
319	63
320	94
321	79
322	129
323	372
324	480
325	218
326	82
327	104
328	91
329	129
330	74
331	60
332	77
333	73
334	85
335	111
336	93
337	59
338	80
339	52
340	83
341	71
342	71
343	121
344	157
345	70
346	83
347	50
348	91
349	73
350	192
351	177
352	117
353	105
354	122
355	101
356	105
357	84
358	76
359	62
360	76
361	150
362	400
363	246
364	298
365	192
366	137
367	282
368	225
369	105
370	96
371	89
372	80
373	92
374	92
375	95
376	51
377	119
378	126
379	116
380	84
381	76
382	78
383	54
384	82
385	113
386	84
387	81
388	81
389	73
390	91
391	72
392	81
393	72
394	85
395	80
396	107
397	75
398	91
399	89
400	85
401	116
402	106
403	128
404	71
405	68
406	102
407	84
408	85
409	139
410	189
411	168
412	100
413	96
414	101
415	77
416	144
417	272
418	313
419	135
420	85
421	100
422	74
423	101
424	52
425	121
426	110
427	116
428	116
429	125
430	80
431	79
432	109
433	99
434	87
435	97
436	82
437	110
438	85
439	99
440	101
441	105
442	107
443	136
444	88
445	88
446	139
447	135
448	166
449	469
450	198
451	126
452	80
453	76
454	79
455	116
456	113
457	143
458	114
459	85
460	75
461	77
462	112
463	140
464	98
465	138
466	134
467	128
468	85
469	135
470	152
471	111
472	81
473	95
474	98
475	66
476	102
477	96
478	126
479	68
480	118
481	78
482	145
483	96
484	66
485	151
486	128
487	124
488	92
489	112
490	143
491	117
492	102
493	61
494	85
495	113
496	244
497	114
498	132
499	93
500	85
501	83
502	91
503	92
504	94
505	88
506	71
507	83
508	123
509	151
510	117
511	113
512	153
513	144
514	97
515	118
516	83
517	167
518	228
519	163
520	137
521	157
522	105
523	92
524	104
525	104
526	119
527	96
528	110
529	103
530	85
531	66
532	52
533	68
534	114
535	129
536	123
537	72
538	96
539	68
540	93
541	99
542	121
543	87
544	95
545	50
546	79
547	97
548	117
549	149
550	131
551	69
552	57
553	124
554	141
555	83
556	108
557	121
558	118
559	134
560	187
561	145
562	115
563	111
564	126
565	96
566	105
567	129
568	92
569	92
570	94
571	86
572	70
573	117
574	94
575	89
576	84
577	103
578	120
579	84
580	84
581	125
582	55
583	103
584	67
585	126
586	103
587	153
588	130
589	79
590	101
591	81
592	93
593	118
594	94
595	120
596	178
597	262
598	406
599	359
600	849
601	331
602	207
603	127
604	183
605	330
606	257
607	142
608	149
609	202
610	229
611	499
612	721
613	719
614	717
615	331
616	272
617	155
618	137
619	237
620	349
621	247
622	214
623	301
624	134
625	112
626	438
627	591
628	411
629	243
630	170
631	349
632	244
633	131
634	171
635	168
636	86
637	142
638	201
639	111
640	177
641	189
642	214
643	151
644	179
645	244
646	244
647	153
648	181
649	108
650	124
651	102
652	109
653	151
654	189
655	76
656	86
657	121
658	145
659	131
660	97
661	77
662	93
663	133
664	95
665	71
666	97
667	63
668	59
669	119
670	53
671	134
672	99
673	95
674	97
675	132
676	311
677	278
678	141
679	150
680	143
681	121
682	185
683	131
684	97
685	91
686	163
687	93
688	94
689	75
690	90
691	77
692	164
693	140
694	181
695	161
696	104
697	133
698	206
699	168
700	103
701	148
702	104
703	118
704	101
705	132
706	181
707	120
708	140
709	118
710	91
711	102
712	218
713	96
714	55
715	136
716	43
717	96
718	106
719	97
720	106
721	81
722	156
723	67
724	166
725	107
726	85
727	121
728	127
729	178
730	122
731	117
732	170
733	260
734	133
735	105
736	101
737	79
738	129
739	108
740	103
741	93
742	148
743	84
744	130
745	99
746	132
747	103
748	113
749	108
750	71
751	94
752	81
753	76
754	106
755	88
756	100
757	147
758	90
759	120
760	106
761	121
762	121
763	123
764	96
765	94
766	89
767	151
768	191
769	179
770	112
771	160
772	139
773	134
774	89
775	116
776	139
777	113
778	115
779	161
780	187
781	164
782	121
783	124
784	91
785	104
786	77
787	146
788	76
789	85
790	111
791	92
792	137
793	97
794	105
795	113
796	168
797	212
798	146
799	87
800	116
801	104
802	112
803	122
804	116
805	71
806	119
807	167
808	172
809	133
810	91
811	84
812	81
813	111
814	117
815	103
816	121
817	81
818	95
819	127
820	114
821	123
822	99
823	130
824	106
825	140
826	168
827	96
828	122
829	102
830	125
831	101
832	123
833	119
834	116
835	123
836	116
837	113
838	122
839	129
840	128
841	109
842	141
843	117
844	142
845	87
846	136
847	110
848	120
849	120
850	98
851	142
852	121
853	106
854	127
855	116
856	121
857	131
858	128
859	127
860	93
861	113
862	155
863	146
864	125
865	154
866	132
867	91
868	72
869	84
870	128
871	110
872	168
873	188
874	193
875	146
876	109
877	141
878	109
879	128
880	120
881	121
882	94
883	112
884	121
885	100
886	75
887	131
888	123
889	122
890	95
891	117
892	115
893	139
894	212
895	181
896	148
897	138
898	78
899	149
900	143
901	95
902	104
903	167
904	133
905	139
906	120
907	136
908	114
909	128
910	110
911	89
912	89
913	106
914	147
915	186
916	163
917	153
918	149
919	91
920	129
921	128
922	123
923	137
924	122
925	94
926	93
927	158
928	297
929	127
930	80
931	114
932	107
933	128
934	148
935	101
936	149
937	140
938	159
939	99
940	145
941	117
942	116
943	145
944	165
945	152
946	119
947	148
948	138
949	151
950	147
951	151
952	117
953	113
954	136
955	147
956	108
957	154
958	252
959	203
960	118
961	184
962	222
963	202
964	198
965	207
966	153
967	179
968	102
969	121
970	123
971	105
972	84
973	155
974	207
975	100
976	164
977	172
978	159
979	135
980	157
981	196
982	145
983	207
984	139
985	87
986	112
987	113
988	161
989	117
990	129
991	124
992	122
993	128
994	125
995	73
996	197
997	90
998	147
999	106
1000	144
1001	154
1002	125
1003	145
1004	241
1005	162
1006	106
1007	135
1008	147
1009	94
1010	74
1011	161
1012	164
1013	118
1014	185
1015	475
1016	185
1017	122
1018	111
1019	160
1020	239
1021	172
1022	137
1023	202
1024	169
1025	158
1026	156
1027	131
1028	179
1029	158
1030	114
1031	129
1032	119
1033	132
1034	114
1035	159
1036	234
1037	185
1038	115
1039	160
1040	194
1041	138
1042	135
1043	109
1044	180
1045	105
1046	185
1047	141
1048	159
1049	162
1050	169
1051	130
1052	151
1053	173
1054	248
1055	173
1056	231
1057	192
1058	111
1059	146
1060	125
1061	151
1062	275
1063	191
1064	198
1065	315
1066	252
1067	167
1068	154
1069	159
1070	183
1071	192
1072	293
1073	126
1074	179
1075	138
1076	173
1077	155
1078	125
1079	158
1080	183
1081	221
1082	178
1083	183
1084	179
1085	159
1086	161
1087	73
1088	129
1089	152
1090	129
1091	209
1092	213
1093	166
1094	122
1095	139
1096	140
1097	129
1098	120
1099	117
1100	91
1101	182
1102	134
1103	105
1104	202
1105	186
1106	110
1107	144
1108	141
1109	149
1110	104
1111	167
1112	119
1113	130
1114	142
1115	89
1116	122
1117	157
1118	252
1119	364
1120	776
1121	573
1122	302
1123	271
1124	250
1125	371
1126	803
1127	609
1128	512
1129	564
1130	1114
1131	800
1132	203
1133	316
1134	454
1135	1221
1136	921
1137	1067
1138	1047
1139	770
1140	312
1141	685
1142	1080
1143	1118
1144	1725
1145	2032
1146	1919
1147	1520
1148	1421
1149	1611
1150	2216
1151	2103
1152	2739
1153	2047
1154	1585
1155	2710
1156	3444
1157	3355
1158	2615
1159	2983
1160	2657
1161	2149
1162	2028
1163	2476
1164	2468
1165	2533
1166	2569
1167	2305
1168	2295
1169	2120
1170	1316
1171	1040
1172	837
1173	897
1174	552
1175	674
1176	361
1177	276
1178	295
1179	742
1180	926
1181	541
1182	405
1183	346
1184	579
1185	637
1186	769
1187	515
1188	582
1189	661
1190	582
1191	342
1192	266
1193	279
1194	317
1195	446
1196	863
1197	817
1198	532
1199	681
1200	648
1201	643
1202	628
1203	734
1204	591
1205	458
1206	484
1207	416
1208	457
1209	689
1210	891
1211	839
1212	490
1213	716
1214	822
1215	609
1216	710
1217	704
1218	364
1219	384
1220	447
1221	265
1222	381
1223	276
1224	343
1225	226
1226	412
1227	484
1228	551
1229	527
1230	287
1231	124
1232	199
1233	205
1234	291
1235	340
1236	391
1237	390
1238	286
1239	113
1240	144
1241	173
1242	558
1243	422
1244	421
1245	486
1246	424
1247	331
1248	309
1249	204
1250	303
1251	393
1252	283
1253	293
1254	243
1255	309
1256	259
1257	281
1258	309
1259	240
1260	227
1261	207
1262	324
1263	321
1264	364
1265	272
1266	267
1267	186
1268	121
1269	159
1270	132
1271	150
1272	164
1273	151
1274	127
1275	152
1276	115
1277	123
1278	147
1279	173
1280	194
1281	134
1282	139
1283	135
1284	179
1285	162
1286	207
1287	265
1288	128
1289	186
1290	149
1291	168
1292	113
1293	140
1294	156
1295	147
1296	106
1297	116
1298	132
1299	150
1300	125
1301	119
1302	132
1303	127
1304	194
1305	223
1306	163
1307	171
1308	171
1309	158
1310	174
1311	99
1312	122
1313	153
1314	91
1315	139
1316	215
1317	196
1318	196
1319	174
1320	211
1321	158
1322	149
1323	117
1324	132
1325	201
1326	154
1327	135
1328	180
1329	137
1330	130
1331	152
1332	161
1333	144
1334	154
1335	113
1336	141
1337	148
1338	116
1339	177
1340	168
1341	137
1342	151
1343	192
1344	126
1345	149
1346	168
1347	178
1348	183
1349	147
1350	199
1351	162
1352	165
1353	162
1354	182
1355	217
1356	113
1357	144
1358	129
1359	177
1360	154
1361	175
1362	167
1363	155
1364	149
1365	179
1366	161
1367	117
1368	173
1369	160
1370	147
1371	122
1372	115
1373	140
1374	92
1375	139
1376	151
1377	101
1378	117
1379	106
1380	146
1381	106
1382	127
1383	154
1384	163
1385	124
1386	124
1387	115
1388	138
1389	127
1390	160
1391	265
1392	152
1393	170
1394	117
1395	124
1396	148
1397	151
1398	168
1399	119
1400	152
1401	208
1402	219
1403	203
1404	111
1405	103
1406	182
1407	160
1408	132
1409	133
1410	145
1411	122
1412	180
1413	136
1414	177
1415	157
1416	110
1417	98
1418	147
1419	187
1420	130
1421	172
1422	168
1423	161
1424	183
1425	150
1426	175
1427	160
1428	126
1429	194
1430	185
1431	168
1432	221
1433	139
1434	198
1435	188
1436	164
1437	143
1438	180
1439	148
1440	177
1441	136
1442	127
1443	157
1444	129
1445	126
1446	132
1447	146
1448	162
1449	155
1450	196
1451	146
1452	127
1453	125
1454	170
1455	176
1456	104
1457	234
1458	185
1459	177
1460	154
1461	159
1462	150
1463	110
1464	190
1465	159
1466	195
1467	191
1468	205
1469	126
1470	176
1471	139
1472	140
1473	127
1474	165
1475	130
1476	168
1477	111
1478	190
1479	101
1480	147
1481	132
1482	181
1483	151
1484	234
1485	132
1486	219
1487	173
1488	184
1489	164
1490	170
1491	182
1492	165
1493	165
1494	107
1495	121
1496	154
1497	164
1498	143
1499	134
1500	161
1501	131
1502	109
1503	187
1504	175
1505	143
1506	137
1507	166
1508	170
1509	198
1510	151
1511	151
1512	131
1513	131
1514	143
1515	200
1516	167
1517	185
1518	174
1519	153
1520	179
1521	116
1522	134
1523	168
1524	223
1525	146
1526	149
1527	135
1528	113
1529	148
1530	167
1531	158
1532	169
1533	159
1534	108
1535	130
1536	149
1537	142
1538	136
1539	155
1540	141
1541	175
1542	154
1543	144
1544	167
1545	181
1546	217
1547	138
1548	121
1549	134
1550	173
1551	147
1552	143
1553	185
1554	134
1555	154
1556	158
1557	135
1558	213
1559	180
1560	187
1561	161
1562	168
1563	110
1564	138
1565	139
1566	173
1567	167
1568	165
1569	194
1570	107
1571	258
1572	157
1573	200
1574	127
1575	119
1576	132
1577	108
1578	189
1579	151
1580	119
1581	137
1582	214
1583	155
1584	100
1585	154
1586	171
1587	161
1588	167
1589	148
1590	162
1591	191
1592	219
1593	146
1594	171
1595	173
1596	173
1597	167
1598	173
1599	144
1600	179
1601	153
1602	160
1603	195
1604	126
1605	215
1606	206
1607	173
1608	148
1609	195
1610	155
1611	165
1612	150
1613	132
1614	215
1615	143
1616	197
1617	126
1618	198
1619	156
1620	192
1621	148
1622	238
1623	242
1624	147
1625	182
1626	163
1627	145
1628	143
1629	139
1630	139
1631	112
1632	160
1633	110
1634	144
1635	150
1636	136
1637	109
1638	155
1639	147
1640	174
1641	152
1642	120
1643	184
1644	205
1645	274
1646	194
1647	157
1648	145
1649	171
1650	165
1651	141
1652	162
1653	138
1654	176
1655	317
1656	302
1657	154
1658	214
1659	122
1660	189
1661	130
1662	152
1663	168
1664	158
1665	123
1666	158
1667	167
1668	210
1669	167
1670	161
1671	124
1672	205
1673	207
1674	131
1675	171
1676	173
1677	169
1678	136
1679	177
1680	236
1681	219
1682	253
1683	214
1684	186
1685	177
1686	148
1687	167
1688	167
1689	161
1690	141
1691	198
1692	161
1693	155
1694	211
1695	207
1696	400
1697	197
1698	193
1699	141
1700	152
1701	148
1702	139
1703	163
1704	154
1705	153
1706	155
1707	242
1708	261
1709	170
1710	194
1711	187
1712	193
1713	173
1714	156
1715	197
1716	205
1717	213
1718	158
1719	144
1720	166
1721	195
1722	170
1723	206
1724	112
1725	162
1726	154
1727	130
1728	120
1729	136
1730	210
1731	194
1732	139
1733	220
1734	180
1735	192
1736	150
1737	173
1738	161
1739	151
1740	184
1741	168
1742	244
1743	164
1744	182
1745	157
1746	179
1747	231
1748	160
1749	213
1750	163
1751	146
1752	145
1753	141
1754	177
1755	158
1756	183
1757	154
1758	159
1759	192
1760	133
1761	162
1762	222
1763	238
1764	317
1765	214
1766	166
1767	143
1768	192
1769	195
1770	184
1771	190
1772	142
1773	209
1774	225
1775	134
1776	181
1777	175
1778	250
1779	200
1780	153
1781	161
1782	251
1783	379
1784	238
1785	211
1786	141
1787	151
1788	151
1789	170
1790	152
1791	196
1792	166
1793	166
1794	174
1795	186
1796	163
1797	207
1798	175
1799	218
1800	176
1801	205
1802	192
1803	150
1804	178
1805	198
1806	148
1807	177
1808	213
1809	288
1810	197
1811	169
1812	151
1813	156
1814	226
1815	212
1816	165
1817	203
1818	178
1819	267
1820	197
1821	231
1822	195
1823	210
1824	150
1825	168
1826	179
1827	206
1828	223
1829	288
1830	283
1831	185
1832	208
1833	377
1834	230
1835	160
1836	152
1837	171
1838	194
1839	199
1840	170
1841	199
1842	257
1843	299
1844	218
1845	213
1846	214
1847	209
1848	183
1849	153
1850	189
1851	221
1852	162
1853	122
1854	206
1855	174
1856	200
1857	207
1858	272
1859	366
1860	242
1861	191
1862	218
1863	132
1864	182
1865	165
1866	177
1867	250
1868	312
1869	242
1870	193
1871	232
1872	182
1873	234
1874	235
1875	216
1876	235
1877	293
1878	176
1879	146
1880	203
1881	196
1882	183
1883	164
1884	201
1885	194
1886	184
1887	143
1888	225
1889	206
1890	298
1891	201
1892	258
1893	265
1894	195
1895	179
1896	257
1897	156
1898	224
1899	224
1900	239
1901	229
1902	159
1903	207
1904	131
1905	206
1906	251
1907	161
1908	274
1909	241
1910	145
1911	123
1912	140
1913	187
1914	209
1915	138
1916	209
1917	185
1918	238
1919	203
1920	202
1921	160
1922	181
1923	174
1924	207
1925	188
1926	160
1927	269
1928	210
1929	264
1930	252
1931	171
1932	145
1933	234
1934	458
1935	325
1936	242
1937	197
1938	237
1939	262
1940	196
1941	206
1942	165
1943	215
1944	194
1945	226
1946	315
1947	209
1948	234
1949	259
1950	187
1951	323
1952	177
1953	203
1954	197
1955	245
1956	193
1957	198
1958	208
1959	199
1960	139
1961	219
1962	193
1963	181
1964	193
1965	223
1966	223
1967	208
1968	207
1969	249
1970	281
1971	232
1972	179
1973	247
1974	201
1975	245
1976	217
1977	233
1978	186
1979	202
1980	208
1981	146
1982	218
1983	158
1984	201
1985	285
1986	216
1987	211
1988	227
1989	155
1990	221
1991	226
1992	210
1993	150
1994	192
1995	202
1996	139
1997	349
1998	477
1999	221
2000	193
2001	251
2002	205
2003	188
2004	225
2005	207
2006	197
2007	231
2008	260
2009	254
2010	196
2011	153
2012	245
2013	154
2014	234
2015	359
2016	284
2017	416
2018	473
2019	283
2020	210
2021	222
2022	172
2023	143
2024	120
2025	174
2026	107
2027	177
2028	158
2029	175
2030	191
2031	131
2032	158
2033	195
2034	153
2035	121
2036	137
2037	73
2038	152
2039	182
2040	269
2041	157
2042	130
2043	112
2044	130
2045	125
2046	124
2047	129
