Instrument: Andor
X Size: 2048
Y Size: 64
Total Flux: 0.000
Total Counts: 335445
Background: 315.000000
Curvature: 0.0
Clipped to ROI: No
ROI: 1309 526 2539 1627
X	Counts
0	81
1	86
2	84
3	82
4	85
5	101
6	79
7	81
8	84
9	59
10	108
11	97
12	101
13	57
14	114
15	116
16	66
17	97
18	94
19	109
20	85
21	109
22	103
23	82
24	78
25	75
26	96
27	66
28	55
29	95
30	83
31	99
32	87
33	55
34	89
35	72
36	72
37	90
38	116
39	100
40	76
41	67
42	110
43	90
44	91
45	86
46	67
47	54
48	77
49	87
50	51
51	97
52	77
53	87
54	62
55	73
56	59
57	60
58	70
59	75
60	71
61	90
62	104
63	62
64	93
65	88
66	122
67	92
68	69
69	74
70	76
71	87
72	106
73	102
74	125
75	98
76	138
77	106
78	72
79	94
80	91
81	75
82	87
83	83
84	90
85	94
86	59
87	90
88	132
89	154
90	154
91	134
92	93
93	65
94	82
95	71
96	93
97	78
98	84
99	77
100	63
101	42
102	97
103	76
104	90
105	88
106	80
107	83
108	94
109	70
110	58
111	68
112	80
113	102
114	77
115	93
116	107
117	93
118	71
119	125
120	78
121	129
122	91
123	86
124	115
125	71
126	82
127	107
128	65
129	50
130	88
131	74
132	75
133	89
134	70
135	92
136	88
137	75
138	43
139	85
140	55
141	79
142	103
143	115
144	76
145	79
146	110
147	194
148	169
149	83
150	91
151	74
152	88
153	69
154	83
155	131
156	86
157	70
158	106
159	152
160	153
161	130
162	61
163	64
164	74
165	73
166	59
167	113
168	97
169	106
170	68
171	85
172	86
173	80
174	96
175	79
176	60
177	67
178	81
179	80
180	132
181	82
182	111
183	134
184	160
185	124
186	102
187	79
188	77
189	83
190	73
191	75
192	68
193	88
194	106
195	145
196	42
197	103
198	70
199	58
200	61
201	101
202	91
203	36
204	82
205	123
206	104
207	74
208	73
209	107
210	72
211	51
212	64
213	72
214	89
215	127
216	112
217	75
218	89
219	99
220	93
221	99
222	78
223	87
224	59
225	94
226	78
227	177
228	96
229	111
230	117
231	143
232	93
233	99
234	75
235	69
236	72
237	97
238	75
239	61
240	104
241	86
242	120
243	74
244	76
245	73
246	81
247	72
248	67
249	80
250	61
251	76
252	104
253	92
254	67
255	80
256	70
257	60
258	99
259	95
260	77
261	127
262	57
263	79
264	65
265	41
266	89
267	100
268	67
269	95
270	112
271	107
272	60
273	59
274	58
275	33
276	60
277	90
278	61
279	102
280	78
281	101
282	85
283	72
284	61
285	93
286	61
287	108
288	56
289	102
290	82
291	69
292	97
293	124
294	45
295	88
296	100
297	134
298	156
299	61
300	93
301	92
302	77
303	82
304	104
305	83
306	84
307	73
308	116
309	97
310	75
311	60
312	62
313	78
314	107
315	79
316	87
317	49
318	67
319	90
320	92
321	83
322	75
323	77
324	54
325	90
326	70
327	37
328	81
329	128
330	86
331	58
332	80
333	63
334	87
335	76
336	58
337	55
338	81
339	91
340	63
341	66
342	90
343	81
344	76
345	75
346	86
347	72
348	72
349	85
350	78
351	91
352	61
353	95
354	100
355	62
356	43
357	100
358	102
359	81
360	140
361	139
362	120
363	86
364	97
365	71
366	80
367	69
368	75
369	92
370	104
371	87
372	64
373	78
374	102
375	81
376	99
377	102
378	77
379	101
380	91
381	69
382	111
383	65
384	66
385	109
386	114
387	129
388	88
389	54
390	70
391	69
392	86
393	101
394	93
395	74
396	100
397	96
398	117
399	59
400	76
401	82
402	82
403	107
404	62
405	68
406	72
407	113
408	97
409	66
410	93
411	101
412	114
413	74
414	55
415	100
416	113
417	77
418	79
419	96
420	139
421	100
422	91
423	88
424	90
425	83
426	121
427	86
428	114
429	78
430	83
431	82
432	93
433	117
434	93
435	87
436	67
437	88
438	77
439	102
440	91
441	89
442	95
443	81
444	91
445	91
446	99
447	95
448	142
449	70
450	137
451	89
452	106
453	58
454	78
455	87
456	76
457	62
458	88
459	89
460	90
461	104
462	103
463	106
464	72
465	88
466	94
467	71
468	133
469	112
470	148
471	170
472	131
473	202
474	144
475	54
476	126
477	122
478	89
479	82
480	95
481	111
482	103
483	103
484	84
485	122
486	84
487	87
488	85
489	85
490	70
491	119
492	113
493	88
494	83
495	63
496	71
497	79
498	83
499	108
500	78
501	112
502	93
503	93
504	104
505	119
506	61
507	64
508	97
509	121
510	78
511	92
512	84
513	65
514	101
515	101
516	87
517	87
518	105
519	130
520	83
521	96
522	102
523	82
524	93
525	160
526	114
527	99
528	189
529	95
530	60
531	84
532	61
533	122
534	85
535	52
536	115
537	88
538	67
539	114
540	77
541	77
542	125
543	151
544	101
545	102
546	85
547	127
548	127
549	167
550	135
551	79
552	98
553	78
554	54
555	110
556	114
557	104
558	99
559	94
560	138
561	110
562	138
563	116
564	94
565	110
566	89
567	104
568	89
569	108
570	118
571	112
572	109
573	87
574	133
575	110
576	101
577	76
578	87
579	117
580	108
581	62
582	101
583	67
584	106
585	82
586	85
587	80
588	96
589	79
590	137
591	91
592	101
593	71
594	70
595	108
596	84
597	77
598	160
599	160
600	124
601	106
602	91
603	71
604	83
605	77
606	126
607	155
608	415
609	212
610	154
611	124
612	85
613	106
614	146
615	230
616	195
617	326
618	238
619	241
620	314
621	539
622	278
623	109
624	120
625	106
626	108
627	114
628	171
629	111
630	93
631	110
632	158
633	199
634	161
635	92
636	145
637	102
638	73
639	121
640	124
641	154
642	147
643	86
644	96
645	100
646	116
647	90
648	98
649	120
650	95
651	114
652	65
653	89
654	101
655	125
656	83
657	105
658	61
659	129
660	97
661	128
662	160
663	123
664	88
665	67
666	136
667	69
668	99
669	103
670	112
671	82
672	149
673	152
674	187
675	118
676	67
677	115
678	126
679	58
680	60
681	122
682	115
683	92
684	81
685	123
686	105
687	108
688	109
689	90
690	100
691	87
692	90
693	59
694	106
695	82
696	119
697	103
698	104
699	93
700	101
701	120
702	81
703	82
704	97
705	108
706	79
707	127
708	168
709	135
710	107
711	104
712	129
713	78
714	121
715	209
716	194
717	139
718	101
719	92
720	76
721	90
722	112
723	61
724	113
725	211
726	146
727	87
728	115
729	79
730	44
731	67
732	111
733	81
734	111
735	103
736	63
737	89
738	88
739	106
740	75
741	98
742	110
743	192
744	313
745	78
746	138
747	89
748	72
749	89
750	94
751	79
752	129
753	147
754	158
755	125
756	87
757	115
758	111
759	82
760	68
761	84
762	126
763	127
764	107
765	118
766	78
767	91
768	102
769	133
770	164
771	119
772	113
773	154
774	113
775	85
776	85
777	122
778	79
779	77
780	114
781	135
782	112
783	96
784	93
785	68
786	138
787	90
788	92
789	91
790	83
791	133
792	84
793	107
794	100
795	143
796	76
797	85
798	113
799	57
800	105
801	102
802	117
803	103
804	90
805	111
806	82
807	142
808	93
809	72
810	107
811	133
812	137
813	76
814	113
815	115
816	176
817	98
818	100
819	82
820	126
821	130
822	109
823	104
824	106
825	94
826	98
827	88
828	93
829	108
830	126
831	96
832	115
833	174
834	107
835	102
836	161
837	112
838	113
839	129
840	93
841	116
842	125
843	112
844	120
845	144
846	165
847	98
848	75
849	103
850	106
851	118
852	125
853	91
854	137
855	122
856	105
857	69
858	115
859	83
860	104
861	113
862	134
863	127
864	95
865	173
866	182
867	170
868	111
869	144
870	95
871	108
872	142
873	101
874	100
875	125
876	79
877	139
878	68
879	124
880	99
881	93
882	152
883	119
884	123
885	107
886	175
887	156
888	184
889	131
890	112
891	158
892	187
893	106
894	133
895	80
896	112
897	127
898	95
899	141
900	125
901	99
902	143
903	133
904	106
905	113
906	102
907	104
908	149
909	125
910	107
911	104
912	80
913	86
914	125
915	149
916	77
917	138
918	105
919	75
920	122
921	104
922	127
923	78
924	103
925	139
926	122
927	139
928	152
929	100
930	82
931	110
932	81
933	125
934	119
935	103
936	124
937	237
938	130
939	131
940	103
941	127
942	90
943	118
944	279
945	234
946	101
947	111
948	103
949	113
950	156
951	118
952	148
953	163
954	133
955	159
956	133
957	100
958	125
959	147
960	100
961	128
962	136
963	119
964	124
965	114
966	80
967	115
968	134
969	138
970	116
971	78
972	85
973	147
974	132
975	114
976	106
977	89
978	119
979	94
980	146
981	100
982	118
983	93
984	74
985	111
986	116
987	95
988	115
989	121
990	113
991	108
992	102
993	73
994	104
995	106
996	130
997	155
998	135
999	140
1000	139
1001	112
1002	115
1003	147
1004	140
1005	169
1006	144
1007	153
1008	148
1009	116
1010	204
1011	183
1012	126
1013	154
1014	112
1015	116
1016	126
1017	83
1018	149
1019	132
1020	190
1021	138
1022	89
1023	129
1024	104
1025	109
1026	123
1027	98
1028	161
1029	133
1030	116
1031	139
1032	137
1033	133
1034	132
1035	140
1036	108
1037	101
1038	135
1039	174
1040	143
1041	196
1042	137
1043	151
1044	122
1045	135
1046	175
1047	167
1048	133
1049	126
1050	188
1051	182
1052	152
1053	100
1054	125
1055	258
1056	182
1057	145
1058	110
1059	152
1060	135
1061	125
1062	166
1063	157
1064	151
1065	162
1066	122
1067	106
1068	142
1069	167
1070	202
1071	149
1072	167
1073	131
1074	117
1075	128
1076	135
1077	134
1078	138
1079	186
1080	164
1081	159
1082	167
1083	137
1084	143
1085	158
1086	178
1087	121
1088	142
1089	124
1090	137
1091	112
1092	124
1093	107
1094	127
1095	119
1096	158
1097	108
1098	131
1099	136
1100	115
1101	290
1102	280
1103	343
1104	187
1105	218
1106	169
1107	147
1108	229
1109	290
1110	538
1111	453
1112	198
1113	143
1114	166
1115	103
1116	138
1117	199
1118	119
1119	132
1120	228
1121	217
1122	140
1123	179
1124	196
1125	182
1126	129
1127	171
1128	155
1129	221
1130	205
1131	191
1132	432
1133	370
1134	298
1135	615
1136	911
1137	582
1138	279
1139	309
1140	653
1141	450
1142	480
1143	719
1144	542
1145	687
1146	488
1147	893
1148	922
1149	952
1150	937
1151	1209
1152	1249
1153	960
1154	1390
1155	1777
1156	1398
1157	978
1158	985
1159	1043
1160	716
1161	403
1162	888
1163	1258
1164	874
1165	886
1166	1006
1167	695
1168	715
1169	789
1170	891
1171	902
1172	771
1173	585
1174	1027
1175	1429
1176	1198
1177	1846
1178	1889
1179	1852
1180	2220
1181	1555
1182	1014
1183	704
1184	545
1185	568
1186	405
1187	265
1188	408
1189	455
1190	395
1191	486
1192	381
1193	304
1194	446
1195	538
1196	305
1197	240
1198	366
1199	632
1200	879
1201	445
1202	388
1203	412
1204	431
1205	413
1206	630
1207	721
1208	571
1209	484
1210	609
1211	356
1212	365
1213	603
1214	445
1215	388
1216	397
1217	625
1218	739
1219	475
1220	425
1221	457
1222	508
1223	446
1224	459
1225	442
1226	327
1227	241
1228	508
1229	716
1230	470
1231	648
1232	444
1233	309
1234	317
1235	319
1236	521
1237	308
1238	295
1239	306
1240	175
1241	198
1242	498
1243	440
1244	159
1245	252
1246	229
1247	181
1248	128
1249	200
1250	111
1251	152
1252	117
1253	146
1254	237
1255	260
1256	225
1257	203
1258	141
1259	138
1260	190
1261	220
1262	131
1263	105
1264	98
1265	222
1266	250
1267	227
1268	251
1269	207
1270	182
1271	163
1272	278
1273	265
1274	136
1275	220
1276	148
1277	253
1278	257
1279	356
1280	185
1281	205
1282	168
1283	173
1284	226
1285	230
1286	211
1287	276
1288	226
1289	172
1290	120
1291	172
1292	136
1293	143
1294	163
1295	133
1296	123
1297	102
1298	105
1299	148
1300	161
1301	185
1302	115
1303	116
1304	142
1305	128
1306	122
1307	132
1308	147
1309	138
1310	154
1311	103
1312	111
1313	181
1314	104
1315	148
1316	225
1317	162
1318	194
1319	174
1320	148
1321	173
1322	182
1323	106
1324	138
1325	133
1326	130
1327	126
1328	186
1329	128
1330	137
1331	157
1332	198
1333	186
1334	152
1335	135
1336	153
1337	150
1338	137
1339	151
1340	139
1341	129
1342	151
1343	138
1344	133
1345	145
1346	175
1347	120
1348	124
1349	110
1350	137
1351	136
1352	150
1353	163
1354	140
1355	122
1356	145
1357	155
1358	95
1359	129
1360	117
1361	127
1362	137
1363	156
1364	156
1365	138
1366	104
1367	136
1368	143
1369	131
1370	124
1371	150
1372	143
1373	167
1374	152
1375	150
1376	111
1377	111
1378	184
1379	117
1380	130
1381	118
1382	153
1383	148
1384	120
1385	111
1386	123
1387	131
1388	160
1389	142
1390	179
1391	174
1392	128
1393	139
1394	75
1395	124
1396	120
1397	122
1398	138
1399	74
1400	122
1401	108
1402	160
1403	121
1404	126
1405	123
1406	140
1407	159
1408	105
1409	169
1410	127
1411	80
1412	128
1413	160
1414	165
1415	109
1416	146
1417	116
1418	138
1419	145
1420	134
1421	104
1422	141
1423	145
1424	146
1425	146
1426	153
1427	107
1428	131
1429	187
1430	161
1431	168
1432	139
1433	100
1434	111
1435	123
1436	157
1437	115
1438	197
1439	153
1440	173
1441	177
1442	104
1443	120
1444	155
1445	180
1446	217
1447	191
1448	151
1449	155
1450	175
1451	149
1452	74
1453	226
1454	155
1455	128
1456	137
1457	136
1458	163
1459	118
1460	183
1461	139
1462	126
1463	138
1464	148
1465	145
1466	230
1467	514
1468	188
1469	168
1470	145
1471	154
1472	137
1473	132
1474	165
1475	152
1476	171
1477	74
1478	166
1479	148
1480	121
1481	132
1482	119
1483	200
1484	154
1485	134
1486	155
1487	130
1488	180
1489	183
1490	190
1491	176
1492	113
1493	187
1494	146
1495	195
1496	127
1497	174
1498	157
1499	157
1500	155
1501	134
1502	129
1503	176
1504	131
1505	167
1506	156
1507	150
1508	169
1509	145
1510	154
1511	154
1512	144
1513	87
1514	112
1515	142
1516	197
1517	222
1518	167
1519	154
1520	130
1521	130
1522	146
1523	109
1524	124
1525	223
1526	182
1527	164
1528	102
1529	128
1530	161
1531	121
1532	154
1533	111
1534	99
1535	167
1536	184
1537	145
1538	164
1539	159
1540	129
1541	251
1542	279
1543	199
1544	124
1545	119
1546	100
1547	132
1548	168
1549	165
1550	147
1551	149
1552	127
1553	149
1554	151
1555	128
1556	190
1557	164
1558	164
1559	201
1560	184
1561	131
1562	129
1563	142
1564	126
1565	138
1566	124
1567	156
1568	175
1569	131
1570	119
1571	114
1572	155
1573	161
1574	141
1575	128
1576	115
1577	154
1578	159
1579	147
1580	122
1581	143
1582	200
1583	178
1584	144
1585	175
1586	154
1587	146
1588	133
1589	145
1590	130
1591	182
1592	165
1593	194
1594	169
1595	180
1596	116
1597	162
1598	124
1599	139
1600	163
1601	135
1602	141
1603	140
1604	180
1605	200
1606	116
1607	175
1608	146
1609	175
1610	138
1611	165
1612	176
1613	186
1614	149
1615	140
1616	196
1617	160
1618	199
1619	217
1620	183
1621	136
1622	159
1623	139
1624	169
1625	260
1626	125
1627	271
1628	206
1629	123
1630	171
1631	174
1632	149
1633	175
1634	163
1635	150
1636	160
1637	145
1638	217
1639	183
1640	250
1641	188
1642	208
1643	348
1644	166
1645	201
1646	199
1647	188
1648	220
1649	158
1650	149
1651	100
1652	223
1653	154
1654	164
1655	132
1656	171
1657	210
1658	200
1659	170
1660	175
1661	163
1662	193
1663	153
1664	195
1665	158
1666	181
1667	183
1668	191
1669	167
1670	160
1671	149
1672	108
1673	173
1674	114
1675	118
1676	186
1677	186
1678	157
1679	185
1680	171
1681	168
1682	174
1683	180
1684	145
1685	159
1686	123
1687	171
1688	178
1689	166
1690	150
1691	171
1692	175
1693	150
1694	183
1695	178
1696	203
1697	116
1698	185
1699	154
1700	149
1701	171
1702	165
1703	182
1704	158
1705	163
1706	191
1707	170
1708	128
1709	163
1710	165
1711	164
1712	196
1713	145
1714	157
1715	159
1716	163
1717	167
1718	130
1719	180
1720	181
1721	169
1722	177
1723	239
1724	152
1725	210
1726	140
1727	135
1728	146
1729	128
1730	177
1731	170
1732	111
1733	200
1734	174
1735	195
1736	147
1737	203
1738	195
1739	143
1740	181
1741	159
1742	219
1743	175
1744	193
1745	187
1746	171
1747	134
1748	196
1749	181
1750	145
1751	149
1752	150
1753	194
1754	201
1755	209
1756	192
1757	140
1758	203
1759	193
1760	194
1761	187
1762	200
1763	167
1764	200
1765	190
1766	209
1767	200
1768	154
1769	197
1770	141
1771	153
1772	218
1773	215
1774	226
1775	191
1776	199
1777	169
1778	195
1779	170
1780	166
1781	163
1782	164
1783	168
1784	177
1785	182
1786	184
1787	159
1788	162
1789	238
1790	212
1791	148
1792	177
1793	157
1794	168
1795	134
1796	192
1797	137
1798	133
1799	162
1800	143
1801	155
1802	187
1803	145
1804	186
1805	159
1806	203
1807	166
1808	155
1809	159
1810	137
1811	144
1812	187
1813	194
1814	212
1815	200
1816	210
1817	247
1818	256
1819	237
1820	182
1821	226
1822	161
1823	221
1824	185
1825	286
1826	199
1827	222
1828	182
1829	122
1830	134
1831	185
1832	186
1833	144
1834	144
1835	198
1836	177
1837	175
1838	155
1839	158
1840	165
1841	194
1842	218
1843	121
1844	184
1845	209
1846	141
1847	196
1848	204
1849	175
1850	227
1851	168
1852	150
1853	174
1854	251
1855	187
1856	216
1857	189
1858	190
1859	270
1860	180
1861	193
1862	219
1863	185
1864	222
1865	159
1866	132
1867	199
1868	186
1869	187
1870	232
1871	272
1872	261
1873	195
1874	108
1875	162
1876	178
1877	217
1878	265
1879	223
1880	168
1881	216
1882	182
1883	213
1884	183
1885	216
1886	198
1887	160
1888	207
1889	215
1890	182
1891	187
1892	211
1893	152
1894	204
1895	201
1896	216
1897	117
1898	250
1899	188
1900	181
1901	252
1902	204
1903	213
1904	168
1905	236
1906	147
1907	137
1908	195
1909	208
1910	179
1911	153
1912	146
1913	185
1914	223
1915	195
1916	195
1917	198
1918	196
1919	195
1920	158
1921	207
1922	207
1923	188
1924	173
1925	231
1926	187
1927	243
1928	200
1929	232
1930	198
1931	211
1932	170
1933	173
1934	177
1935	194
1936	261
1937	201
1938	184
1939	216
1940	219
1941	218
1942	206
1943	176
1944	171
1945	158
1946	161
1947	234
1948	206
1949	199
1950	196
1951	145
1952	237
1953	297
1954	304
1955	225
1956	244
1957	156
1958	253
1959	183
1960	176
1961	252
1962	207
1963	192
1964	205
1965	158
1966	207
1967	194
1968	155
1969	229
1970	276
1971	229
1972	268
1973	300
1974	245
1975	235
1976	213
1977	210
1978	250
1979	255
1980	218
1981	220
1982	241
1983	137
1984	189
1985	187
1986	206
1987	215
1988	209
1989	137
1990	240
1991	191
1992	182
1993	213
1994	242
1995	195
1996	192
1997	186
1998	198
1999	248
2000	368
2001	345
2002	221
2003	214
2004	192
2005	195
2006	181
2007	186
2008	190
2009	171
2010	190
2011	176
2012	217
2013	207
2014	327
2015	288
2016	247
2017	231
2018	194
2019	257
2020	201
2021	156
2022	291
2023	204
2024	203
2025	207
2026	168
2027	166
2028	182
2029	178
2030	223
2031	103
2032	148
2033	133
2034	111
2035	123
2036	115
2037	140
2038	146
2039	144
2040	86
2041	101
2042	158
2043	172
2044	198
2045	119
2046	95
2047	93
