Instrument: Andor
X Size: 2048
Y Size: 64
Total Flux: 0.000
Total Counts: 337780
Background: 314.000000
Curvature: 0.0
Clipped to ROI: No
ROI: 1309 526 2539 1627
X	Counts
0	114
1	81
2	77
3	60
4	90
5	70
6	73
7	85
8	92
9	74
10	78
11	97
12	117
13	78
14	102
15	71
16	83
17	118
18	128
19	83
20	47
21	57
22	76
23	109
24	90
25	58
26	93
27	92
28	89
29	121
30	88
31	107
32	91
33	76
34	113
35	80
36	66
37	60
38	115
39	97
40	75
41	73
42	75
43	121
44	105
45	81
46	87
47	74
48	93
49	99
50	105
51	89
52	49
53	89
54	64
55	103
56	102
57	84
58	55
59	108
60	109
61	71
62	79
63	103
64	69
65	85
66	85
67	138
68	44
69	68
70	56
71	110
72	93
73	76
74	59
75	134
76	196
77	154
78	106
79	129
80	133
81	91
82	81
83	67
84	99
85	102
86	86
87	84
88	74
89	93
90	113
91	108
92	76
93	52
94	82
95	75
96	148
97	53
98	70
99	101
100	92
101	87
102	120
103	91
104	100
105	54
106	88
107	72
108	95
109	99
110	77
111	94
112	48
113	121
114	100
115	94
116	93
117	93
118	117
119	136
120	71
121	83
122	99
123	122
124	111
125	110
126	106
127	98
128	66
129	164
130	100
131	132
132	62
133	82
134	96
135	67
136	103
137	91
138	64
139	91
140	114
141	90
142	75
143	115
144	76
145	150
146	111
147	78
148	89
149	101
150	109
151	73
152	133
153	69
154	98
155	82
156	118
157	91
158	76
159	82
160	87
161	78
162	124
163	145
164	85
165	66
166	89
167	100
168	76
169	123
170	92
171	103
172	72
173	70
174	68
175	100
176	69
177	93
178	81
179	94
180	114
181	119
182	219
183	167
184	137
185	131
186	79
187	116
188	94
189	109
190	101
191	63
192	93
193	72
194	82
195	81
196	125
197	77
198	121
199	84
200	84
201	79
202	108
203	71
204	59
205	111
206	89
207	65
208	97
209	89
210	65
211	97
212	65
213	111
214	74
215	95
216	85
217	103
218	71
219	60
220	90
221	102
222	82
223	59
224	66
225	84
226	75
227	94
228	62
229	77
230	107
231	103
232	91
233	222
234	262
235	139
236	109
237	89
238	48
239	70
240	60
241	79
242	66
243	58
244	73
245	86
246	158
247	179
248	210
249	152
250	67
251	78
252	79
253	85
254	90
255	82
256	64
257	83
258	63
259	93
260	85
261	95
262	92
263	80
264	85
265	43
266	86
267	110
268	48
269	39
270	71
271	62
272	95
273	53
274	79
275	94
276	79
277	67
278	90
279	72
280	101
281	92
282	90
283	91
284	90
285	70
286	64
287	99
288	63
289	81
290	73
291	77
292	110
293	70
294	57
295	50
296	111
297	67
298	101
299	75
300	150
301	77
302	135
303	120
304	69
305	91
306	103
307	102
308	110
309	120
310	77
311	90
312	58
313	55
314	86
315	71
316	121
317	103
318	84
319	106
320	60
321	122
322	84
323	73
324	79
325	100
326	75
327	53
328	82
329	80
330	76
331	56
332	66
333	73
334	74
335	78
336	77
337	85
338	93
339	84
340	113
341	73
342	75
343	86
344	59
345	96
346	107
347	63
348	100
349	82
350	75
351	63
352	75
353	66
354	54
355	52
356	75
357	77
358	115
359	86
360	82
361	87
362	90
363	112
364	100
365	69
366	77
367	74
368	92
369	64
370	90
371	41
372	65
373	89
374	68
375	94
376	78
377	67
378	66
379	84
380	81
381	82
382	69
383	81
384	71
385	85
386	109
387	93
388	133
389	109
390	96
391	106
392	89
393	85
394	101
395	73
396	136
397	75
398	112
399	94
400	114
401	66
402	81
403	72
404	101
405	97
406	105
407	92
408	103
409	116
410	121
411	93
412	102
413	82
414	84
415	68
416	82
417	88
418	79
419	96
420	58
421	69
422	95
423	178
424	201
425	147
426	119
427	79
428	100
429	103
430	104
431	108
432	114
433	99
434	103
435	90
436	83
437	92
438	106
439	67
440	95
441	83
442	89
443	87
444	88
445	145
446	179
447	92
448	68
449	59
450	80
451	62
452	121
453	79
454	71
455	62
456	103
457	47
458	101
459	67
460	115
461	104
462	116
463	79
464	91
465	51
466	100
467	106
468	71
469	124
470	74
471	88
472	102
473	115
474	140
475	118
476	93
477	171
478	284
479	230
480	151
481	118
482	164
483	157
484	136
485	92
486	96
487	76
488	107
489	112
490	109
491	112
492	84
493	115
494	51
495	85
496	132
497	85
498	116
499	68
500	89
501	121
502	89
503	88
504	90
505	101
506	61
507	109
508	72
509	120
510	102
511	102
512	92
513	117
514	189
515	134
516	96
517	107
518	88
519	114
520	94
521	104
522	102
523	88
524	81
525	94
526	124
527	86
528	91
529	54
530	103
531	87
532	149
533	199
534	198
535	111
536	71
537	62
538	100
539	119
540	89
541	92
542	95
543	113
544	150
545	115
546	76
547	92
548	104
549	107
550	79
551	112
552	56
553	117
554	92
555	80
556	128
557	117
558	135
559	70
560	75
561	119
562	125
563	110
564	100
565	86
566	82
567	105
568	95
569	92
570	105
571	92
572	169
573	123
574	92
575	122
576	93
577	74
578	91
579	100
580	52
581	101
582	114
583	85
584	67
585	109
586	101
587	100
588	103
589	86
590	89
591	107
592	102
593	110
594	88
595	111
596	84
597	206
598	162
599	270
600	162
601	104
602	84
603	58
604	81
605	69
606	143
607	156
608	123
609	127
610	132
611	186
612	199
613	153
614	108
615	79
616	87
617	80
618	144
619	103
620	84
621	64
622	146
623	112
624	145
625	181
626	115
627	97
628	152
629	135
630	163
631	166
632	153
633	115
634	112
635	91
636	106
637	121
638	79
639	186
640	122
641	118
642	119
643	149
644	95
645	114
646	173
647	192
648	123
649	137
650	87
651	86
652	129
653	125
654	321
655	123
656	114
657	96
658	100
659	120
660	232
661	190
662	109
663	90
664	171
665	121
666	136
667	114
668	79
669	86
670	93
671	88
672	66
673	117
674	82
675	116
676	95
677	85
678	107
679	100
680	84
681	88
682	83
683	119
684	66
685	133
686	123
687	108
688	107
689	75
690	129
691	106
692	125
693	106
694	112
695	120
696	121
697	100
698	96
699	89
700	105
701	111
702	91
703	97
704	190
705	127
706	110
707	161
708	87
709	100
710	178
711	125
712	96
713	65
714	105
715	120
716	101
717	90
718	99
719	59
720	93
721	119
722	108
723	82
724	118
725	93
726	125
727	132
728	98
729	147
730	57
731	64
732	89
733	73
734	69
735	113
736	92
737	94
738	129
739	93
740	101
741	88
742	138
743	136
744	111
745	125
746	120
747	95
748	74
749	97
750	79
751	101
752	105
753	81
754	113
755	132
756	97
757	137
758	96
759	109
760	101
761	140
762	106
763	108
764	75
765	113
766	65
767	100
768	120
769	88
770	106
771	119
772	108
773	118
774	110
775	85
776	97
777	99
778	86
779	152
780	91
781	151
782	116
783	145
784	115
785	102
786	136
787	160
788	110
789	129
790	95
791	115
792	140
793	117
794	114
795	129
796	150
797	134
798	113
799	138
800	119
801	85
802	113
803	92
804	89
805	92
806	145
807	87
808	80
809	89
810	114
811	121
812	94
813	124
814	136
815	70
816	78
817	139
818	94
819	97
820	85
821	97
822	98
823	120
824	111
825	108
826	164
827	116
828	119
829	142
830	158
831	151
832	106
833	114
834	108
835	115
836	126
837	108
838	95
839	114
840	140
841	129
842	111
843	110
844	149
845	167
846	187
847	152
848	140
849	86
850	130
851	129
852	133
853	121
854	135
855	164
856	159
857	116
858	108
859	153
860	96
861	124
862	173
863	129
864	87
865	215
866	158
867	164
868	123
869	130
870	114
871	113
872	157
873	94
874	112
875	109
876	104
877	131
878	93
879	105
880	124
881	128
882	112
883	155
884	104
885	115
886	108
887	78
888	131
889	121
890	137
891	121
892	80
893	136
894	125
895	148
896	135
897	115
898	127
899	131
900	115
901	88
902	89
903	120
904	154
905	139
906	118
907	98
908	95
909	134
910	117
911	131
912	76
913	89
914	74
915	181
916	134
917	130
918	168
919	96
920	108
921	90
922	125
923	125
924	154
925	135
926	129
927	141
928	135
929	126
930	82
931	147
932	117
933	132
934	115
935	112
936	143
937	91
938	131
939	118
940	139
941	145
942	86
943	128
944	120
945	139
946	118
947	139
948	108
949	116
950	128
951	140
952	181
953	206
954	180
955	118
956	114
957	101
958	149
959	122
960	101
961	122
962	104
963	112
964	122
965	140
966	180
967	231
968	113
969	122
970	113
971	100
972	110
973	117
974	152
975	130
976	94
977	101
978	120
979	158
980	128
981	140
982	116
983	151
984	208
985	130
986	138
987	92
988	139
989	124
990	127
991	87
992	130
993	131
994	154
995	100
996	160
997	93
998	120
999	133
1000	122
1001	123
1002	100
1003	156
1004	116
1005	118
1006	134
1007	99
1008	164
1009	84
1010	150
1011	150
1012	147
1013	130
1014	121
1015	105
1016	114
1017	89
1018	122
1019	118
1020	158
1021	111
1022	145
1023	145
1024	121
1025	142
1026	179
1027	156
1028	188
1029	190
1030	104
1031	128
1032	138
1033	124
1034	125
1035	159
1036	115
1037	95
1038	137
1039	131
1040	141
1041	132
1042	163
1043	135
1044	118
1045	151
1046	185
1047	150
1048	94
1049	128
1050	140
1051	132
1052	165
1053	111
1054	125
1055	156
1056	165
1057	137
1058	135
1059	321
1060	141
1061	161
1062	154
1063	114
1064	198
1065	328
1066	262
1067	150
1068	122
1069	143
1070	110
1071	170
1072	196
1073	158
1074	106
1075	150
1076	122
1077	124
1078	84
1079	252
1080	237
1081	220
1082	174
1083	131
1084	169
1085	138
1086	163
1087	124
1088	116
1089	111
1090	127
1091	115
1092	159
1093	118
1094	154
1095	127
1096	121
1097	97
1098	85
1099	111
1100	117
1101	172
1102	165
1103	139
1104	166
1105	126
1106	157
1107	147
1108	218
1109	205
1110	192
1111	131
1112	120
1113	149
1114	120
1115	104
1116	157
1117	133
1118	122
1119	98
1120	127
1121	232
1122	180
1123	115
1124	163
1125	214
1126	157
1127	199
1128	407
1129	393
1130	227
1131	180
1132	389
1133	152
1134	181
1135	231
1136	454
1137	562
1138	289
1139	233
1140	617
1141	647
1142	504
1143	229
1144	143
1145	635
1146	976
1147	755
1148	922
1149	1094
1150	648
1151	1101
1152	1126
1153	759
1154	880
1155	1138
1156	1134
1157	900
1158	990
1159	804
1160	1088
1161	964
1162	686
1163	699
1164	763
1165	743
1166	777
1167	409
1168	377
1169	539
1170	817
1171	787
1172	571
1173	577
1174	289
1175	719
1176	521
1177	1073
1178	1105
1179	1196
1180	1517
1181	1480
1182	1263
1183	1698
1184	1695
1185	1227
1186	1208
1187	744
1188	567
1189	816
1190	1014
1191	473
1192	275
1193	511
1194	437
1195	241
1196	465
1197	328
1198	473
1199	643
1200	1052
1201	692
1202	566
1203	635
1204	795
1205	424
1206	508
1207	609
1208	615
1209	583
1210	444
1211	512
1212	531
1213	358
1214	289
1215	394
1216	464
1217	545
1218	520
1219	445
1220	541
1221	489
1222	537
1223	549
1224	461
1225	532
1226	363
1227	261
1228	496
1229	416
1230	481
1231	262
1232	243
1233	388
1234	674
1235	406
1236	380
1237	314
1238	335
1239	283
1240	482
1241	328
1242	402
1243	515
1244	302
1245	275
1246	226
1247	170
1248	247
1249	537
1250	270
1251	140
1252	185
1253	304
1254	202
1255	194
1256	206
1257	208
1258	265
1259	240
1260	240
1261	177
1262	243
1263	293
1264	228
1265	240
1266	156
1267	125
1268	205
1269	152
1270	182
1271	160
1272	240
1273	237
1274	174
1275	142
1276	171
1277	198
1278	177
1279	199
1280	182
1281	163
1282	221
1283	246
1284	164
1285	136
1286	133
1287	230
1288	163
1289	114
1290	126
1291	192
1292	220
1293	277
1294	286
1295	193
1296	204
1297	148
1298	259
1299	295
1300	189
1301	156
1302	171
1303	153
1304	87
1305	206
1306	88
1307	84
1308	124
1309	161
1310	143
1311	108
1312	104
1313	145
1314	123
1315	175
1316	140
1317	173
1318	112
1319	192
1320	142
1321	162
1322	141
1323	136
1324	154
1325	184
1326	184
1327	165
1328	162
1329	161
1330	117
1331	111
1332	147
1333	154
1334	150
1335	142
1336	164
1337	169
1338	182
1339	173
1340	127
1341	189
1342	147
1343	183
1344	202
1345	186
1346	179
1347	122
1348	199
1349	123
1350	164
1351	159
1352	194
1353	166
1354	109
1355	121
1356	146
1357	170
1358	131
1359	169
1360	160
1361	160
1362	200
1363	273
1364	177
1365	159
1366	154
1367	147
1368	174
1369	106
1370	140
1371	138
1372	127
1373	143
1374	103
1375	160
1376	174
1377	151
1378	135
1379	117
1380	113
1381	108
1382	110
1383	135
1384	107
1385	137
1386	141
1387	105
1388	136
1389	100
1390	133
1391	130
1392	103
1393	139
1394	95
1395	160
1396	145
1397	156
1398	186
1399	126
1400	118
1401	226
1402	166
1403	174
1404	167
1405	158
1406	173
1407	109
1408	113
1409	147
1410	167
1411	93
1412	89
1413	154
1414	143
1415	128
1416	155
1417	143
1418	151
1419	143
1420	169
1421	153
1422	147
1423	176
1424	150
1425	183
1426	116
1427	143
1428	165
1429	180
1430	171
1431	205
1432	128
1433	127
1434	141
1435	146
1436	119
1437	191
1438	123
1439	203
1440	176
1441	165
1442	205
1443	233
1444	165
1445	168
1446	136
1447	185
1448	155
1449	188
1450	152
1451	157
1452	120
1453	139
1454	168
1455	140
1456	196
1457	174
1458	132
1459	154
1460	211
1461	117
1462	134
1463	168
1464	128
1465	156
1466	151
1467	158
1468	108
1469	187
1470	139
1471	162
1472	149
1473	125
1474	142
1475	184
1476	196
1477	132
1478	212
1479	147
1480	195
1481	192
1482	151
1483	168
1484	165
1485	135
1486	178
1487	121
1488	210
1489	121
1490	155
1491	190
1492	124
1493	233
1494	134
1495	138
1496	104
1497	171
1498	181
1499	179
1500	173
1501	153
1502	170
1503	168
1504	138
1505	192
1506	147
1507	164
1508	164
1509	133
1510	154
1511	183
1512	160
1513	173
1514	186
1515	133
1516	177
1517	215
1518	140
1519	190
1520	194
1521	173
1522	123
1523	120
1524	128
1525	169
1526	105
1527	159
1528	121
1529	197
1530	144
1531	131
1532	123
1533	161
1534	137
1535	202
1536	131
1537	119
1538	133
1539	124
1540	142
1541	212
1542	102
1543	139
1544	134
1545	115
1546	163
1547	149
1548	90
1549	212
1550	151
1551	131
1552	149
1553	125
1554	168
1555	144
1556	166
1557	196
1558	240
1559	206
1560	171
1561	110
1562	146
1563	101
1564	129
1565	174
1566	140
1567	121
1568	158
1569	133
1570	181
1571	203
1572	148
1573	129
1574	133
1575	169
1576	134
1577	141
1578	147
1579	168
1580	155
1581	137
1582	155
1583	157
1584	130
1585	176
1586	154
1587	138
1588	148
1589	184
1590	150
1591	179
1592	182
1593	239
1594	185
1595	198
1596	209
1597	184
1598	156
1599	185
1600	158
1601	137
1602	139
1603	208
1604	169
1605	163
1606	172
1607	154
1608	138
1609	169
1610	188
1611	132
1612	163
1613	148
1614	176
1615	172
1616	147
1617	144
1618	183
1619	152
1620	158
1621	120
1622	148
1623	174
1624	148
1625	189
1626	199
1627	143
1628	186
1629	105
1630	193
1631	149
1632	170
1633	182
1634	135
1635	198
1636	197
1637	111
1638	211
1639	183
1640	160
1641	206
1642	134
1643	180
1644	122
1645	164
1646	175
1647	184
1648	148
1649	215
1650	161
1651	198
1652	168
1653	212
1654	118
1655	151
1656	176
1657	171
1658	179
1659	133
1660	200
1661	151
1662	136
1663	134
1664	173
1665	142
1666	252
1667	292
1668	196
1669	172
1670	174
1671	143
1672	149
1673	115
1674	140
1675	168
1676	167
1677	188
1678	120
1679	164
1680	180
1681	168
1682	179
1683	194
1684	153
1685	143
1686	123
1687	121
1688	188
1689	136
1690	182
1691	185
1692	186
1693	168
1694	222
1695	262
1696	227
1697	122
1698	200
1699	228
1700	284
1701	241
1702	148
1703	157
1704	167
1705	150
1706	181
1707	159
1708	171
1709	170
1710	215
1711	177
1712	181
1713	174
1714	167
1715	153
1716	221
1717	134
1718	158
1719	137
1720	265
1721	244
1722	222
1723	275
1724	104
1725	228
1726	163
1727	131
1728	179
1729	140
1730	201
1731	200
1732	116
1733	180
1734	166
1735	178
1736	161
1737	176
1738	239
1739	261
1740	274
1741	195
1742	212
1743	206
1744	195
1745	131
1746	189
1747	203
1748	183
1749	167
1750	151
1751	195
1752	157
1753	146
1754	201
1755	225
1756	177
1757	149
1758	188
1759	211
1760	171
1761	162
1762	211
1763	222
1764	188
1765	181
1766	163
1767	193
1768	118
1769	170
1770	184
1771	166
1772	187
1773	171
1774	246
1775	140
1776	219
1777	208
1778	229
1779	179
1780	163
1781	170
1782	145
1783	219
1784	252
1785	160
1786	190
1787	164
1788	146
1789	218
1790	198
1791	232
1792	185
1793	143
1794	150
1795	171
1796	168
1797	153
1798	218
1799	223
1800	197
1801	161
1802	206
1803	138
1804	171
1805	216
1806	220
1807	279
1808	218
1809	204
1810	136
1811	195
1812	125
1813	193
1814	170
1815	213
1816	190
1817	196
1818	204
1819	240
1820	168
1821	250
1822	177
1823	243
1824	177
1825	198
1826	236
1827	198
1828	127
1829	180
1830	182
1831	192
1832	207
1833	155
1834	194
1835	176
1836	186
1837	212
1838	130
1839	176
1840	195
1841	147
1842	183
1843	191
1844	157
1845	210
1846	173
1847	169
1848	162
1849	207
1850	174
1851	161
1852	181
1853	168
1854	211
1855	226
1856	191
1857	198
1858	213
1859	235
1860	217
1861	151
1862	195
1863	163
1864	158
1865	179
1866	150
1867	143
1868	194
1869	217
1870	190
1871	250
1872	145
1873	182
1874	208
1875	312
1876	281
1877	219
1878	202
1879	173
1880	208
1881	194
1882	224
1883	210
1884	192
1885	184
1886	137
1887	224
1888	414
1889	291
1890	194
1891	204
1892	228
1893	189
1894	213
1895	159
1896	229
1897	178
1898	227
1899	210
1900	202
1901	174
1902	162
1903	241
1904	191
1905	182
1906	241
1907	190
1908	217
1909	190
1910	227
1911	207
1912	131
1913	198
1914	186
1915	198
1916	208
1917	205
1918	128
1919	214
1920	148
1921	211
1922	292
1923	184
1924	168
1925	152
1926	222
1927	173
1928	174
1929	184
1930	215
1931	221
1932	213
1933	205
1934	181
1935	243
1936	386
1937	176
1938	217
1939	242
1940	187
1941	200
1942	126
1943	233
1944	191
1945	190
1946	212
1947	247
1948	238
1949	186
1950	245
1951	185
1952	192
1953	172
1954	195
1955	193
1956	210
1957	243
1958	253
1959	187
1960	196
1961	217
1962	260
1963	178
1964	247
1965	194
1966	229
1967	227
1968	281
1969	282
1970	234
1971	211
1972	209
1973	271
1974	182
1975	207
1976	218
1977	230
1978	172
1979	190
1980	204
1981	141
1982	164
1983	196
1984	153
1985	254
1986	237
1987	241
1988	224
1989	200
1990	269
1991	303
1992	286
1993	199
1994	195
1995	228
1996	220
1997	164
1998	178
1999	179
2000	192
2001	224
2002	182
2003	194
2004	198
2005	264
2006	145
2007	171
2008	147
2009	241
2010	221
2011	178
2012	224
2013	174
2014	175
2015	244
2016	175
2017	188
2018	180
2019	184
2020	180
2021	192
2022	234
2023	158
2024	219
2025	193
2026	121
2027	161
2028	179
2029	158
2030	161
2031	152
2032	115
2033	160
2034	150
2035	104
2036	159
2037	83
2038	134
2039	158
2040	137
2041	162
2042	152
2043	105
2044	305
2045	179
2046	162
2047	102
