Instrument: Andor
X Size: 2048
Y Size: 64
Total Flux: 0.000
Total Counts: 369744
Background: 315.000000
Curvature: 0.0
Clipped to ROI: No
ROI: 1309 526 2539 1627
X	Counts
0	78
1	98
2	105
3	55
4	79
5	53
6	73
7	63
8	108
9	71
10	86
11	94
12	87
13	91
14	70
15	95
16	85
17	58
18	78
19	63
20	71
21	51
22	77
23	95
24	69
25	63
26	93
27	59
28	102
29	61
30	75
31	90
32	76
33	77
34	90
35	74
36	39
37	84
38	78
39	81
40	57
41	65
42	91
43	82
44	136
45	161
46	105
47	91
48	147
49	86
50	128
51	98
52	74
53	30
54	75
55	79
56	64
57	96
58	65
59	85
60	81
61	66
62	60
63	89
64	81
65	72
66	69
67	68
68	48
69	82
70	71
71	83
72	75
73	55
74	110
75	77
76	99
77	81
78	73
79	74
80	98
81	95
82	107
83	79
84	71
85	96
86	38
87	70
88	86
89	86
90	80
91	55
92	61
93	89
94	93
95	74
96	87
97	98
98	80
99	81
100	129
101	79
102	79
103	88
104	116
105	85
106	104
107	76
108	52
109	69
110	85
111	114
112	68
113	135
114	137
115	81
116	158
117	126
118	70
119	100
120	67
121	54
122	87
123	66
124	112
125	117
126	51
127	76
128	71
129	75
130	73
131	80
132	45
133	67
134	83
135	77
136	117
137	95
138	97
139	171
140	167
141	93
142	120
143	108
144	137
145	165
146	100
147	100
148	113
149	82
150	75
151	81
152	86
153	57
154	65
155	99
156	80
157	73
158	85
159	124
160	68
161	74
162	71
163	113
164	101
165	97
166	127
167	102
168	95
169	55
170	66
171	67
172	123
173	87
174	102
175	65
176	86
177	79
178	93
179	68
180	75
181	94
182	93
183	91
184	92
185	99
186	94
187	65
188	83
189	104
190	163
191	86
192	124
193	81
194	85
195	109
196	97
197	84
198	130
199	68
200	153
201	88
202	110
203	59
204	91
205	92
206	73
207	69
208	61
209	80
210	53
211	70
212	97
213	55
214	61
215	114
216	83
217	87
218	50
219	56
220	73
221	113
222	63
223	73
224	58
225	104
226	101
227	101
228	73
229	96
230	93
231	82
232	87
233	84
234	51
235	87
236	71
237	75
238	60
239	75
240	80
241	89
242	177
243	214
244	84
245	96
246	74
247	92
248	107
249	92
250	53
251	91
252	117
253	103
254	63
255	60
256	99
257	81
258	139
259	183
260	166
261	156
262	98
263	82
264	65
265	76
266	86
267	52
268	78
269	270
270	212
271	81
272	142
273	89
274	75
275	79
276	85
277	116
278	180
279	204
280	114
281	93
282	124
283	57
284	58
285	76
286	76
287	92
288	85
289	106
290	192
291	83
292	89
293	194
294	132
295	82
296	108
297	128
298	77
299	79
300	85
301	90
302	85
303	134
304	113
305	117
306	86
307	91
308	81
309	74
310	84
311	98
312	85
313	74
314	82
315	107
316	109
317	90
318	168
319	197
320	194
321	121
322	68
323	81
324	62
325	141
326	44
327	81
328	90
329	86
330	82
331	79
332	177
333	182
334	112
335	85
336	103
337	57
338	48
339	120
340	142
341	100
342	85
343	58
344	72
345	82
346	97
347	60
348	88
349	100
350	81
351	46
352	78
353	43
354	123
355	78
356	65
357	47
358	104
359	94
360	94
361	109
362	81
363	80
364	103
365	103
366	105
367	76
368	83
369	78
370	87
371	81
372	94
373	49
374	85
375	59
376	56
377	76
378	87
379	100
380	72
381	94
382	95
383	113
384	109
385	94
386	101
387	129
388	81
389	77
390	107
391	85
392	67
393	65
394	63
395	98
396	47
397	87
398	87
399	74
400	78
401	76
402	81
403	86
404	56
405	70
406	99
407	96
408	88
409	90
410	110
411	91
412	96
413	79
414	101
415	134
416	116
417	90
418	90
419	115
420	69
421	85
422	97
423	98
424	106
425	122
426	190
427	95
428	108
429	72
430	49
431	69
432	93
433	164
434	78
435	109
436	68
437	99
438	68
439	104
440	75
441	81
442	63
443	134
444	289
445	111
446	87
447	52
448	129
449	81
450	83
451	77
452	106
453	64
454	87
455	43
456	83
457	108
458	100
459	102
460	117
461	71
462	119
463	120
464	124
465	158
466	72
467	95
468	108
469	103
470	115
471	113
472	68
473	87
474	84
475	62
476	98
477	106
478	101
479	72
480	67
481	112
482	125
483	115
484	93
485	90
486	63
487	80
488	75
489	94
490	86
491	98
492	108
493	93
494	154
495	73
496	155
497	78
498	90
499	80
500	101
501	117
502	72
503	104
504	64
505	100
506	81
507	85
508	97
509	110
510	95
511	89
512	95
513	91
514	106
515	87
516	37
517	81
518	47
519	106
520	91
521	118
522	102
523	90
524	68
525	114
526	130
527	114
528	120
529	177
530	121
531	116
532	76
533	87
534	106
535	112
536	93
537	102
538	85
539	95
540	104
541	62
542	81
543	64
544	55
545	79
546	112
547	129
548	229
549	197
550	117
551	83
552	116
553	106
554	100
555	86
556	155
557	228
558	145
559	109
560	151
561	98
562	107
563	78
564	108
565	65
566	65
567	114
568	92
569	121
570	98
571	97
572	143
573	80
574	106
575	170
576	106
577	136
578	131
579	88
580	76
581	124
582	130
583	103
584	115
585	76
586	87
587	92
588	98
589	56
590	150
591	112
592	85
593	104
594	102
595	98
596	120
597	104
598	210
599	241
600	413
601	626
602	176
603	180
604	258
605	122
606	184
607	310
608	321
609	197
610	303
611	658
612	869
613	580
614	584
615	502
616	308
617	415
618	480
619	184
620	524
621	447
622	195
623	228
624	145
625	167
626	115
627	67
628	91
629	148
630	126
631	221
632	235
633	410
634	307
635	140
636	114
637	98
638	195
639	178
640	114
641	70
642	102
643	97
644	121
645	127
646	130
647	130
648	245
649	174
650	123
651	92
652	53
653	159
654	292
655	153
656	115
657	129
658	177
659	108
660	97
661	72
662	53
663	96
664	103
665	67
666	99
667	87
668	159
669	102
670	91
671	96
672	58
673	80
674	71
675	98
676	106
677	123
678	103
679	88
680	100
681	74
682	89
683	112
684	67
685	75
686	128
687	137
688	97
689	92
690	179
691	196
692	115
693	163
694	69
695	79
696	88
697	99
698	123
699	121
700	94
701	147
702	122
703	89
704	94
705	99
706	69
707	165
708	184
709	174
710	118
711	115
712	100
713	84
714	82
715	75
716	73
717	96
718	148
719	75
720	76
721	90
722	90
723	75
724	100
725	130
726	104
727	96
728	89
729	248
730	134
731	141
732	169
733	124
734	153
735	134
736	82
737	86
738	105
739	72
740	68
741	112
742	164
743	146
744	123
745	69
746	94
747	90
748	59
749	81
750	101
751	55
752	71
753	71
754	83
755	58
756	115
757	134
758	54
759	83
760	100
761	86
762	83
763	84
764	74
765	73
766	77
767	94
768	110
769	101
770	125
771	120
772	98
773	106
774	90
775	129
776	120
777	87
778	71
779	123
780	116
781	136
782	94
783	128
784	120
785	113
786	137
787	108
788	107
789	143
790	123
791	125
792	129
793	125
794	91
795	147
796	130
797	126
798	104
799	101
800	121
801	101
802	112
803	81
804	84
805	73
806	110
807	150
808	138
809	144
810	154
811	124
812	100
813	72
814	115
815	124
816	156
817	130
818	158
819	102
820	116
821	142
822	139
823	399
824	269
825	125
826	114
827	70
828	140
829	91
830	65
831	132
832	102
833	102
834	75
835	84
836	96
837	78
838	106
839	88
840	114
841	120
842	140
843	98
844	133
845	147
846	119
847	101
848	85
849	141
850	89
851	123
852	97
853	111
854	110
855	130
856	119
857	170
858	126
859	78
860	68
861	113
862	94
863	139
864	122
865	122
866	119
867	114
868	76
869	134
870	95
871	129
872	123
873	78
874	146
875	102
876	127
877	149
878	121
879	105
880	109
881	97
882	87
883	167
884	104
885	107
886	117
887	93
888	76
889	104
890	135
891	145
892	120
893	103
894	131
895	136
896	153
897	134
898	96
899	116
900	123
901	115
902	113
903	142
904	138
905	135
906	113
907	118
908	98
909	125
910	139
911	121
912	91
913	118
914	118
915	130
916	102
917	133
918	91
919	122
920	126
921	85
922	94
923	76
924	89
925	78
926	107
927	141
928	192
929	122
930	145
931	130
932	86
933	117
934	113
935	134
936	81
937	294
938	109
939	109
940	129
941	132
942	93
943	119
944	134
945	98
946	168
947	120
948	114
949	119
950	138
951	120
952	133
953	135
954	145
955	152
956	129
957	129
958	123
959	116
960	104
961	91
962	112
963	115
964	99
965	188
966	81
967	107
968	110
969	116
970	107
971	117
972	96
973	111
974	83
975	83
976	149
977	184
978	189
979	101
980	128
981	89
982	126
983	157
984	155
985	161
986	164
987	156
988	208
989	204
990	104
991	104
992	120
993	115
994	142
995	96
996	168
997	97
998	163
999	118
1000	131
1001	139
1002	97
1003	151
1004	245
1005	102
1006	111
1007	106
1008	145
1009	148
1010	83
1011	109
1012	120
1013	117
1014	124
1015	157
1016	163
1017	151
1018	130
1019	130
1020	142
1021	141
1022	169
1023	106
1024	92
1025	196
1026	230
1027	257
1028	186
1029	139
1030	152
1031	148
1032	169
1033	176
1034	106
1035	146
1036	96
1037	90
1038	115
1039	105
1040	147
1041	124
1042	149
1043	103
1044	121
1045	168
1046	199
1047	190
1048	148
1049	165
1050	113
1051	106
1052	118
1053	141
1054	102
1055	102
1056	123
1057	156
1058	144
1059	320
1060	132
1061	129
1062	112
1063	123
1064	121
1065	124
1066	157
1067	165
1068	110
1069	141
1070	187
1071	239
1072	229
1073	142
1074	141
1075	104
1076	134
1077	95
1078	76
1079	212
1080	254
1081	206
1082	200
1083	145
1084	149
1085	156
1086	105
1087	113
1088	147
1089	206
1090	121
1091	187
1092	251
1093	295
1094	112
1095	126
1096	127
1097	124
1098	139
1099	116
1100	96
1101	154
1102	152
1103	129
1104	278
1105	462
1106	321
1107	335
1108	540
1109	235
1110	147
1111	140
1112	129
1113	147
1114	328
1115	186
1116	429
1117	517
1118	883
1119	519
1120	505
1121	804
1122	993
1123	422
1124	899
1125	904
1126	360
1127	696
1128	567
1129	667
1130	631
1131	1184
1132	1188
1133	516
1134	172
1135	318
1136	366
1137	569
1138	382
1139	644
1140	746
1141	595
1142	811
1143	611
1144	420
1145	882
1146	1373
1147	1558
1148	1091
1149	1185
1150	1555
1151	2032
1152	2803
1153	3501
1154	3752
1155	4238
1156	3959
1157	4914
1158	4142
1159	3092
1160	2975
1161	2383
1162	1682
1163	634
1164	921
1165	340
1166	182
1167	283
1168	665
1169	756
1170	377
1171	267
1172	544
1173	726
1174	539
1175	401
1176	237
1177	258
1178	325
1179	256
1180	468
1181	545
1182	455
1183	508
1184	429
1185	414
1186	224
1187	182
1188	279
1189	394
1190	516
1191	372
1192	439
1193	533
1194	393
1195	611
1196	563
1197	303
1198	346
1199	306
1200	320
1201	548
1202	652
1203	915
1204	640
1205	721
1206	563
1207	550
1208	576
1209	500
1210	494
1211	489
1212	617
1213	861
1214	1074
1215	721
1216	560
1217	387
1218	402
1219	277
1220	404
1221	560
1222	630
1223	342
1224	241
1225	245
1226	168
1227	138
1228	308
1229	586
1230	341
1231	503
1232	495
1233	262
1234	441
1235	297
1236	225
1237	187
1238	249
1239	499
1240	376
1241	365
1242	699
1243	380
1244	445
1245	227
1246	272
1247	364
1248	351
1249	230
1250	114
1251	156
1252	253
1253	273
1254	441
1255	292
1256	139
1257	108
1258	120
1259	114
1260	131
1261	133
1262	168
1263	145
1264	164
1265	175
1266	239
1267	151
1268	160
1269	113
1270	130
1271	96
1272	162
1273	173
1274	115
1275	187
1276	164
1277	125
1278	119
1279	163
1280	188
1281	196
1282	175
1283	130
1284	128
1285	113
1286	118
1287	210
1288	158
1289	117
1290	281
1291	308
1292	152
1293	151
1294	155
1295	119
1296	120
1297	107
1298	210
1299	157
1300	150
1301	134
1302	172
1303	233
1304	203
1305	133
1306	201
1307	231
1308	137
1309	174
1310	87
1311	175
1312	133
1313	170
1314	151
1315	145
1316	178
1317	166
1318	154
1319	276
1320	281
1321	201
1322	178
1323	109
1324	143
1325	175
1326	158
1327	340
1328	1232
1329	108
1330	126
1331	166
1332	135
1333	164
1334	98
1335	131
1336	130
1337	160
1338	165
1339	117
1340	141
1341	171
1342	118
1343	150
1344	121
1345	148
1346	149
1347	145
1348	156
1349	145
1350	172
1351	149
1352	125
1353	131
1354	134
1355	126
1356	120
1357	143
1358	156
1359	196
1360	178
1361	131
1362	113
1363	166
1364	157
1365	129
1366	105
1367	106
1368	169
1369	138
1370	169
1371	149
1372	110
1373	148
1374	172
1375	105
1376	183
1377	107
1378	146
1379	134
1380	158
1381	185
1382	213
1383	217
1384	235
1385	206
1386	74
1387	154
1388	145
1389	124
1390	131
1391	123
1392	154
1393	118
1394	125
1395	114
1396	125
1397	134
1398	115
1399	124
1400	137
1401	105
1402	183
1403	144
1404	117
1405	130
1406	135
1407	128
1408	126
1409	115
1410	89
1411	130
1412	166
1413	149
1414	160
1415	129
1416	117
1417	115
1418	168
1419	146
1420	164
1421	134
1422	128
1423	133
1424	165
1425	138
1426	159
1427	156
1428	147
1429	159
1430	153
1431	164
1432	113
1433	137
1434	197
1435	139
1436	170
1437	145
1438	149
1439	139
1440	155
1441	214
1442	207
1443	209
1444	159
1445	96
1446	138
1447	136
1448	112
1449	137
1450	180
1451	163
1452	192
1453	208
1454	143
1455	164
1456	160
1457	152
1458	114
1459	141
1460	176
1461	157
1462	122
1463	148
1464	133
1465	109
1466	133
1467	143
1468	127
1469	130
1470	121
1471	144
1472	117
1473	131
1474	119
1475	182
1476	123
1477	111
1478	164
1479	118
1480	123
1481	124
1482	149
1483	169
1484	150
1485	119
1486	147
1487	163
1488	161
1489	101
1490	157
1491	150
1492	101
1493	171
1494	105
1495	148
1496	131
1497	147
1498	144
1499	176
1500	150
1501	185
1502	155
1503	189
1504	151
1505	151
1506	137
1507	144
1508	122
1509	158
1510	160
1511	123
1512	136
1513	132
1514	166
1515	149
1516	142
1517	154
1518	192
1519	158
1520	134
1521	101
1522	151
1523	156
1524	130
1525	126
1526	148
1527	112
1528	154
1529	138
1530	138
1531	119
1532	144
1533	122
1534	151
1535	230
1536	210
1537	146
1538	134
1539	131
1540	118
1541	208
1542	179
1543	189
1544	147
1545	160
1546	249
1547	154
1548	124
1549	151
1550	151
1551	158
1552	111
1553	123
1554	134
1555	166
1556	137
1557	143
1558	239
1559	171
1560	192
1561	135
1562	123
1563	131
1564	180
1565	211
1566	188
1567	150
1568	154
1569	151
1570	143
1571	175
1572	108
1573	203
1574	208
1575	124
1576	143
1577	175
1578	172
1579	140
1580	105
1581	129
1582	188
1583	159
1584	146
1585	173
1586	227
1587	218
1588	171
1589	142
1590	107
1591	148
1592	168
1593	200
1594	195
1595	203
1596	176
1597	153
1598	115
1599	140
1600	144
1601	109
1602	185
1603	226
1604	183
1605	151
1606	147
1607	194
1608	193
1609	185
1610	147
1611	207
1612	158
1613	133
1614	157
1615	136
1616	212
1617	158
1618	147
1619	120
1620	168
1621	140
1622	165
1623	190
1624	153
1625	167
1626	165
1627	153
1628	155
1629	104
1630	182
1631	111
1632	161
1633	158
1634	158
1635	148
1636	138
1637	131
1638	111
1639	170
1640	143
1641	145
1642	148
1643	233
1644	176
1645	160
1646	240
1647	198
1648	148
1649	108
1650	129
1651	159
1652	133
1653	154
1654	121
1655	137
1656	164
1657	148
1658	264
1659	164
1660	216
1661	144
1662	182
1663	138
1664	136
1665	141
1666	135
1667	161
1668	147
1669	196
1670	137
1671	143
1672	135
1673	158
1674	165
1675	217
1676	239
1677	252
1678	135
1679	135
1680	157
1681	192
1682	156
1683	193
1684	141
1685	147
1686	102
1687	155
1688	165
1689	123
1690	225
1691	258
1692	141
1693	149
1694	188
1695	180
1696	167
1697	171
1698	195
1699	170
1700	154
1701	177
1702	150
1703	164
1704	165
1705	134
1706	153
1707	156
1708	136
1709	156
1710	142
1711	175
1712	266
1713	231
1714	247
1715	187
1716	176
1717	193
1718	130
1719	208
1720	234
1721	171
1722	143
1723	161
1724	81
1725	189
1726	189
1727	148
1728	164
1729	154
1730	193
1731	189
1732	93
1733	134
1734	173
1735	252
1736	128
1737	125
1738	182
1739	146
1740	202
1741	169
1742	224
1743	179
1744	180
1745	165
1746	207
1747	225
1748	194
1749	211
1750	156
1751	248
1752	177
1753	152
1754	164
1755	212
1756	223
1757	183
1758	198
1759	204
1760	137
1761	136
1762	217
1763	168
1764	154
1765	139
1766	160
1767	124
1768	157
1769	177
1770	157
1771	163
1772	183
1773	181
1774	189
1775	142
1776	198
1777	160
1778	198
1779	217
1780	186
1781	124
1782	144
1783	206
1784	183
1785	193
1786	137
1787	169
1788	141
1789	215
1790	170
1791	296
1792	212
1793	146
1794	187
1795	158
1796	223
1797	240
1798	166
1799	177
1800	149
1801	168
1802	192
1803	115
1804	175
1805	167
1806	183
1807	129
1808	153
1809	136
1810	158
1811	174
1812	149
1813	181
1814	184
1815	200
1816	154
1817	150
1818	170
1819	162
1820	203
1821	206
1822	172
1823	188
1824	138
1825	158
1826	173
1827	156
1828	206
1829	217
1830	163
1831	160
1832	188
1833	209
1834	143
1835	182
1836	163
1837	188
1838	184
1839	170
1840	208
1841	196
1842	221
1843	182
1844	205
1845	256
1846	145
1847	174
1848	189
1849	167
1850	202
1851	152
1852	162
1853	184
1854	287
1855	223
1856	208
1857	172
1858	227
1859	221
1860	250
1861	230
1862	206
1863	162
1864	160
1865	174
1866	121
1867	162
1868	146
1869	186
1870	208
1871	237
1872	159
1873	247
1874	198
1875	168
1876	125
1877	249
1878	163
1879	137
1880	180
1881	153
1882	143
1883	215
1884	237
1885	516
1886	200
1887	174
1888	187
1889	174
1890	220
1891	204
1892	259
1893	185
1894	173
1895	141
1896	225
1897	201
1898	229
1899	232
1900	449
1901	389
1902	206
1903	197
1904	200
1905	162
1906	156
1907	152
1908	167
1909	208
1910	124
1911	156
1912	153
1913	192
1914	216
1915	199
1916	196
1917	201
1918	201
1919	235
1920	204
1921	237
1922	206
1923	191
1924	173
1925	143
1926	165
1927	227
1928	171
1929	223
1930	209
1931	228
1932	172
1933	239
1934	183
1935	228
1936	221
1937	187
1938	153
1939	214
1940	199
1941	232
1942	143
1943	206
1944	153
1945	216
1946	226
1947	151
1948	167
1949	214
1950	302
1951	175
1952	210
1953	232
1954	168
1955	187
1956	239
1957	168
1958	136
1959	192
1960	167
1961	181
1962	181
1963	154
1964	198
1965	189
1966	178
1967	180
1968	188
1969	218
1970	213
1971	175
1972	190
1973	200
1974	179
1975	199
1976	209
1977	186
1978	171
1979	200
1980	186
1981	168
1982	139
1983	164
1984	150
1985	225
1986	206
1987	214
1988	215
1989	155
1990	157
1991	225
1992	222
1993	182
1994	241
1995	187
1996	154
1997	200
1998	226
1999	210
2000	244
2001	228
2002	383
2003	350
2004	906
2005	261
2006	220
2007	163
2008	189
2009	186
2010	182
2011	156
2012	184
2013	177
2014	224
2015	194
2016	207
2017	127
2018	160
2019	204
2020	118
2021	184
2022	231
2023	190
2024	180
2025	169
2026	192
2027	389
2028	189
2029	323
2030	216
2031	102
2032	122
2033	137
2034	152
2035	148
2036	162
2037	155
2038	131
2039	136
2040	105
2041	81
2042	151
2043	210
2044	371
2045	117
2046	181
2047	156
