Instrument: Andor
X Size: 2048
Y Size: 64
Total Flux: 0.000
Total Counts: 295703
Background: 315.000000
Curvature: 0.0
Clipped to ROI: No
ROI: 1309 526 2539 1627
X	Counts
0	75
1	141
2	74
3	97
4	102
5	77
6	74
7	49
8	85
9	70
10	106
11	115
12	76
13	83
14	67
15	88
16	69
17	115
18	94
19	54
20	111
21	73
22	122
23	83
24	99
25	86
26	69
27	72
28	96
29	91
30	94
31	75
32	111
33	83
34	107
35	66
36	62
37	75
38	97
39	72
40	89
41	67
42	89
43	86
44	54
45	88
46	76
47	84
48	79
49	74
50	72
51	81
52	94
53	90
54	71
55	80
56	71
57	125
58	75
59	119
60	98
61	76
62	69
63	54
64	88
65	63
66	50
67	105
68	63
69	79
70	82
71	71
72	81
73	70
74	79
75	100
76	98
77	92
78	99
79	73
80	100
81	99
82	89
83	82
84	65
85	104
86	68
87	68
88	72
89	72
90	81
91	61
92	71
93	65
94	69
95	62
96	97
97	57
98	105
99	76
100	83
101	82
102	55
103	87
104	93
105	77
106	113
107	56
108	80
109	85
110	61
111	86
112	47
113	83
114	71
115	115
116	108
117	79
118	66
119	88
120	45
121	111
122	79
123	42
124	158
125	88
126	36
127	93
128	99
129	91
130	75
131	86
132	91
133	153
134	81
135	77
136	54
137	60
138	80
139	116
140	91
141	107
142	68
143	109
144	74
145	86
146	111
147	56
148	99
149	61
150	62
151	124
152	87
153	78
154	96
155	104
156	98
157	97
158	62
159	93
160	108
161	81
162	124
163	132
164	138
165	83
166	78
167	50
168	91
169	61
170	76
171	111
172	79
173	63
174	96
175	100
176	71
177	95
178	55
179	82
180	88
181	104
182	131
183	119
184	86
185	108
186	91
187	64
188	87
189	100
190	80
191	66
192	86
193	66
194	98
195	93
196	104
197	116
198	67
199	79
200	54
201	111
202	83
203	66
204	80
205	84
206	117
207	46
208	66
209	100
210	74
211	69
212	101
213	84
214	82
215	69
216	70
217	73
218	72
219	40
220	114
221	129
222	65
223	62
224	81
225	76
226	80
227	81
228	74
229	88
230	95
231	97
232	89
233	90
234	62
235	87
236	53
237	82
238	39
239	79
240	77
241	85
242	81
243	68
244	96
245	113
246	90
247	90
248	103
249	92
250	78
251	60
252	71
253	118
254	81
255	80
256	80
257	90
258	53
259	71
260	69
261	105
262	79
263	106
264	71
265	72
266	84
267	89
268	70
269	62
270	114
271	71
272	106
273	149
274	167
275	168
276	134
277	108
278	62
279	54
280	95
281	84
282	75
283	60
284	60
285	112
286	105
287	71
288	54
289	65
290	111
291	73
292	69
293	79
294	77
295	107
296	47
297	76
298	78
299	94
300	91
301	60
302	50
303	94
304	69
305	87
306	49
307	78
308	86
309	117
310	64
311	120
312	57
313	60
314	79
315	76
316	95
317	61
318	82
319	73
320	52
321	65
322	55
323	66
324	47
325	93
326	94
327	84
328	103
329	83
330	122
331	61
332	76
333	88
334	74
335	72
336	72
337	63
338	85
339	74
340	111
341	72
342	109
343	83
344	71
345	77
346	103
347	61
348	93
349	68
350	66
351	104
352	94
353	61
354	106
355	88
356	64
357	72
358	84
359	75
360	100
361	77
362	75
363	104
364	113
365	100
366	92
367	83
368	54
369	69
370	42
371	39
372	67
373	68
374	126
375	83
376	78
377	81
378	73
379	105
380	80
381	74
382	72
383	78
384	69
385	85
386	96
387	102
388	102
389	72
390	60
391	103
392	61
393	62
394	71
395	50
396	63
397	165
398	164
399	183
400	75
401	122
402	63
403	69
404	82
405	71
406	64
407	75
408	95
409	87
410	93
411	124
412	86
413	74
414	89
415	88
416	119
417	126
418	90
419	75
420	81
421	70
422	70
423	107
424	80
425	87
426	63
427	82
428	67
429	57
430	55
431	148
432	97
433	114
434	59
435	96
436	102
437	61
438	81
439	120
440	112
441	66
442	73
443	67
444	71
445	68
446	113
447	85
448	94
449	98
450	80
451	78
452	117
453	113
454	106
455	97
456	103
457	133
458	85
459	99
460	70
461	111
462	106
463	100
464	84
465	75
466	98
467	105
468	80
469	100
470	68
471	75
472	106
473	95
474	108
475	86
476	91
477	41
478	84
479	91
480	122
481	71
482	87
483	95
484	111
485	75
486	81
487	82
488	83
489	76
490	111
491	98
492	67
493	93
494	64
495	80
496	108
497	96
498	89
499	130
500	100
501	131
502	82
503	67
504	77
505	84
506	130
507	79
508	121
509	77
510	77
511	108
512	71
513	94
514	76
515	103
516	77
517	95
518	98
519	77
520	90
521	97
522	163
523	132
524	64
525	135
526	84
527	103
528	110
529	98
530	58
531	81
532	66
533	97
534	125
535	106
536	96
537	106
538	127
539	139
540	98
541	96
542	84
543	80
544	113
545	73
546	112
547	92
548	101
549	104
550	89
551	85
552	100
553	91
554	147
555	113
556	101
557	81
558	83
559	88
560	131
561	102
562	78
563	65
564	100
565	88
566	109
567	75
568	61
569	91
570	114
571	90
572	103
573	109
574	102
575	53
576	61
577	84
578	58
579	87
580	94
581	99
582	83
583	84
584	87
585	91
586	94
587	99
588	114
589	89
590	130
591	99
592	75
593	111
594	113
595	139
596	97
597	110
598	48
599	99
600	114
601	82
602	112
603	98
604	77
605	119
606	110
607	107
608	105
609	78
610	134
611	130
612	95
613	78
614	52
615	51
616	82
617	114
618	109
619	66
620	73
621	76
622	90
623	76
624	129
625	128
626	125
627	122
628	110
629	167
630	90
631	130
632	117
633	81
634	99
635	102
636	124
637	89
638	101
639	115
640	60
641	102
642	98
643	103
644	97
645	104
646	112
647	109
648	95
649	113
650	102
651	92
652	67
653	67
654	90
655	73
656	61
657	83
658	83
659	23
660	63
661	87
662	69
663	71
664	135
665	90
666	109
667	88
668	74
669	124
670	117
671	93
672	92
673	77
674	95
675	74
676	110
677	110
678	91
679	76
680	63
681	107
682	63
683	82
684	80
685	110
686	80
687	115
688	135
689	56
690	83
691	89
692	42
693	79
694	109
695	76
696	104
697	99
698	84
699	101
700	74
701	129
702	96
703	55
704	117
705	136
706	83
707	89
708	146
709	72
710	97
711	97
712	60
713	88
714	112
715	124
716	218
717	126
718	149
719	83
720	95
721	97
722	108
723	90
724	100
725	112
726	121
727	81
728	103
729	101
730	126
731	70
732	96
733	74
734	114
735	77
736	94
737	91
738	102
739	115
740	102
741	126
742	124
743	95
744	109
745	62
746	86
747	146
748	87
749	159
750	82
751	85
752	86
753	91
754	100
755	118
756	103
757	105
758	88
759	95
760	93
761	114
762	121
763	95
764	92
765	108
766	74
767	95
768	80
769	97
770	129
771	71
772	87
773	129
774	109
775	94
776	108
777	119
778	113
779	85
780	97
781	112
782	70
783	130
784	98
785	83
786	98
787	93
788	105
789	102
790	171
791	100
792	125
793	115
794	88
795	102
796	117
797	105
798	103
799	82
800	123
801	96
802	145
803	124
804	91
805	123
806	101
807	111
808	91
809	104
810	97
811	128
812	87
813	120
814	103
815	86
816	108
817	76
818	102
819	130
820	99
821	80
822	95
823	111
824	106
825	93
826	113
827	123
828	81
829	111
830	128
831	137
832	137
833	135
834	133
835	107
836	84
837	104
838	92
839	123
840	57
841	118
842	139
843	113
844	117
845	136
846	120
847	86
848	130
849	126
850	138
851	78
852	129
853	132
854	130
855	143
856	108
857	132
858	72
859	77
860	133
861	88
862	128
863	135
864	122
865	106
866	118
867	97
868	89
869	142
870	130
871	121
872	163
873	115
874	124
875	102
876	94
877	136
878	82
879	113
880	145
881	121
882	142
883	126
884	100
885	98
886	102
887	110
888	98
889	109
890	127
891	108
892	103
893	98
894	110
895	141
896	107
897	112
898	78
899	88
900	136
901	95
902	130
903	120
904	140
905	118
906	137
907	102
908	101
909	132
910	110
911	124
912	99
913	93
914	156
915	141
916	121
917	105
918	146
919	114
920	134
921	129
922	121
923	90
924	146
925	97
926	124
927	144
928	134
929	106
930	97
931	135
932	130
933	111
934	168
935	130
936	130
937	87
938	90
939	178
940	133
941	126
942	113
943	122
944	140
945	121
946	94
947	189
948	220
949	123
950	104
951	141
952	151
953	124
954	95
955	52
956	104
957	140
958	123
959	142
960	134
961	172
962	138
963	121
964	135
965	81
966	99
967	115
968	118
969	124
970	119
971	84
972	102
973	148
974	98
975	82
976	116
977	137
978	118
979	100
980	144
981	118
982	123
983	137
984	91
985	121
986	145
987	130
988	112
989	139
990	95
991	135
992	130
993	107
994	92
995	109
996	161
997	85
998	103
999	125
1000	138
1001	182
1002	88
1003	102
1004	123
1005	86
1006	116
1007	132
1008	117
1009	110
1010	80
1011	156
1012	128
1013	113
1014	124
1015	121
1016	112
1017	104
1018	122
1019	105
1020	131
1021	124
1022	102
1023	155
1024	124
1025	91
1026	101
1027	138
1028	93
1029	134
1030	96
1031	196
1032	128
1033	104
1034	92
1035	116
1036	134
1037	102
1038	173
1039	140
1040	135
1041	173
1042	160
1043	91
1044	130
1045	141
1046	111
1047	135
1048	115
1049	127
1050	238
1051	196
1052	158
1053	99
1054	104
1055	149
1056	174
1057	116
1058	86
1059	250
1060	137
1061	108
1062	166
1063	188
1064	93
1065	141
1066	99
1067	138
1068	151
1069	170
1070	162
1071	152
1072	169
1073	104
1074	145
1075	110
1076	114
1077	101
1078	133
1079	185
1080	115
1081	107
1082	150
1083	118
1084	109
1085	85
1086	129
1087	105
1088	113
1089	164
1090	132
1091	130
1092	141
1093	210
1094	136
1095	117
1096	119
1097	108
1098	130
1099	187
1100	240
1101	188
1102	119
1103	108
1104	134
1105	103
1106	172
1107	141
1108	206
1109	138
1110	143
1111	165
1112	183
1113	168
1114	141
1115	157
1116	193
1117	233
1118	121
1119	106
1120	130
1121	143
1122	112
1123	153
1124	174
1125	375
1126	294
1127	221
1128	207
1129	194
1130	143
1131	215
1132	471
1133	697
1134	390
1135	264
1136	890
1137	918
1138	1229
1139	536
1140	381
1141	399
1142	341
1143	230
1144	274
1145	139
1146	165
1147	240
1148	242
1149	168
1150	194
1151	247
1152	430
1153	296
1154	339
1155	463
1156	352
1157	259
1158	215
1159	433
1160	527
1161	247
1162	280
1163	289
1164	236
1165	353
1166	272
1167	348
1168	220
1169	161
1170	181
1171	169
1172	210
1173	358
1174	332
1175	245
1176	398
1177	514
1178	254
1179	245
1180	283
1181	346
1182	425
1183	341
1184	493
1185	448
1186	312
1187	380
1188	435
1189	435
1190	352
1191	342
1192	577
1193	431
1194	465
1195	535
1196	475
1197	274
1198	301
1199	502
1200	592
1201	584
1202	645
1203	701
1204	794
1205	841
1206	733
1207	473
1208	451
1209	261
1210	601
1211	532
1212	686
1213	569
1214	535
1215	571
1216	516
1217	661
1218	499
1219	355
1220	409
1221	489
1222	606
1223	526
1224	636
1225	581
1226	508
1227	509
1228	559
1229	468
1230	353
1231	722
1232	743
1233	369
1234	354
1235	346
1236	335
1237	501
1238	550
1239	383
1240	261
1241	237
1242	347
1243	295
1244	151
1245	129
1246	162
1247	123
1248	132
1249	231
1250	234
1251	230
1252	166
1253	168
1254	259
1255	279
1256	156
1257	194
1258	258
1259	142
1260	167
1261	221
1262	175
1263	126
1264	112
1265	225
1266	151
1267	111
1268	190
1269	216
1270	185
1271	200
1272	237
1273	259
1274	234
1275	177
1276	161
1277	184
1278	233
1279	203
1280	219
1281	141
1282	173
1283	130
1284	173
1285	94
1286	183
1287	147
1288	148
1289	212
1290	163
1291	168
1292	189
1293	245
1294	164
1295	177
1296	203
1297	147
1298	154
1299	129
1300	151
1301	344
1302	367
1303	255
1304	185
1305	229
1306	258
1307	206
1308	154
1309	234
1310	155
1311	136
1312	103
1313	162
1314	113
1315	130
1316	174
1317	224
1318	139
1319	230
1320	170
1321	155
1322	127
1323	139
1324	118
1325	142
1326	126
1327	168
1328	179
1329	94
1330	116
1331	187
1332	292
1333	248
1334	140
1335	175
1336	139
1337	143
1338	151
1339	117
1340	136
1341	173
1342	96
1343	150
1344	95
1345	132
1346	134
1347	133
1348	146
1349	142
1350	152
1351	172
1352	131
1353	112
1354	132
1355	128
1356	137
1357	147
1358	140
1359	155
1360	136
1361	126
1362	122
1363	147
1364	140
1365	172
1366	156
1367	129
1368	154
1369	118
1370	96
1371	110
1372	108
1373	153
1374	154
1375	179
1376	141
1377	109
1378	152
1379	104
1380	123
1381	104
1382	153
1383	136
1384	89
1385	138
1386	139
1387	123
1388	163
1389	165
1390	248
1391	170
1392	156
1393	134
1394	154
1395	142
1396	146
1397	164
1398	164
1399	102
1400	133
1401	117
1402	156
1403	106
1404	101
1405	132
1406	166
1407	116
1408	95
1409	115
1410	112
1411	91
1412	121
1413	134
1414	123
1415	156
1416	138
1417	110
1418	189
1419	141
1420	165
1421	100
1422	125
1423	135
1424	182
1425	159
1426	128
1427	148
1428	104
1429	123
1430	118
1431	144
1432	135
1433	151
1434	160
1435	122
1436	137
1437	173
1438	113
1439	120
1440	148
1441	169
1442	146
1443	174
1444	140
1445	123
1446	181
1447	164
1448	110
1449	162
1450	147
1451	181
1452	107
1453	104
1454	168
1455	148
1456	105
1457	156
1458	125
1459	136
1460	166
1461	115
1462	137
1463	151
1464	176
1465	116
1466	144
1467	137
1468	126
1469	166
1470	107
1471	170
1472	146
1473	133
1474	152
1475	162
1476	138
1477	94
1478	146
1479	168
1480	148
1481	163
1482	104
1483	146
1484	143
1485	116
1486	162
1487	147
1488	141
1489	108
1490	186
1491	142
1492	143
1493	146
1494	109
1495	161
1496	127
1497	181
1498	145
1499	159
1500	153
1501	141
1502	182
1503	157
1504	154
1505	165
1506	145
1507	157
1508	185
1509	132
1510	133
1511	167
1512	139
1513	126
1514	172
1515	164
1516	202
1517	161
1518	171
1519	148
1520	155
1521	110
1522	159
1523	160
1524	126
1525	129
1526	156
1527	165
1528	151
1529	109
1530	141
1531	121
1532	171
1533	142
1534	141
1535	165
1536	154
1537	166
1538	153
1539	145
1540	111
1541	139
1542	118
1543	140
1544	126
1545	112
1546	160
1547	135
1548	147
1549	103
1550	147
1551	145
1552	134
1553	129
1554	142
1555	194
1556	126
1557	139
1558	187
1559	164
1560	123
1561	118
1562	106
1563	117
1564	153
1565	139
1566	138
1567	190
1568	193
1569	181
1570	174
1571	156
1572	105
1573	194
1574	158
1575	135
1576	135
1577	132
1578	164
1579	94
1580	128
1581	109
1582	147
1583	154
1584	110
1585	161
1586	149
1587	229
1588	150
1589	147
1590	117
1591	197
1592	189
1593	163
1594	146
1595	214
1596	136
1597	186
1598	142
1599	135
1600	197
1601	98
1602	205
1603	175
1604	181
1605	107
1606	165
1607	177
1608	153
1609	169
1610	153
1611	162
1612	164
1613	130
1614	161
1615	188
1616	167
1617	156
1618	203
1619	156
1620	147
1621	158
1622	132
1623	166
1624	197
1625	166
1626	148
1627	162
1628	168
1629	120
1630	188
1631	164
1632	160
1633	177
1634	194
1635	151
1636	193
1637	140
1638	188
1639	155
1640	217
1641	178
1642	133
1643	166
1644	108
1645	168
1646	177
1647	161
1648	168
1649	184
1650	135
1651	121
1652	150
1653	187
1654	148
1655	148
1656	171
1657	157
1658	182
1659	116
1660	207
1661	99
1662	94
1663	117
1664	157
1665	153
1666	145
1667	145
1668	177
1669	184
1670	231
1671	132
1672	144
1673	102
1674	141
1675	149
1676	169
1677	168
1678	134
1679	164
1680	201
1681	161
1682	160
1683	157
1684	161
1685	214
1686	125
1687	199
1688	169
1689	100
1690	161
1691	201
1692	188
1693	179
1694	186
1695	201
1696	169
1697	114
1698	157
1699	167
1700	135
1701	154
1702	182
1703	141
1704	127
1705	182
1706	121
1707	168
1708	145
1709	144
1710	146
1711	147
1712	158
1713	127
1714	197
1715	140
1716	198
1717	184
1718	136
1719	184
1720	139
1721	176
1722	145
1723	195
1724	94
1725	189
1726	154
1727	211
1728	156
1729	156
1730	213
1731	189
1732	141
1733	138
1734	137
1735	172
1736	122
1737	129
1738	149
1739	217
1740	238
1741	189
1742	198
1743	192
1744	166
1745	165
1746	153
1747	149
1748	147
1749	165
1750	145
1751	161
1752	184
1753	145
1754	147
1755	151
1756	145
1757	159
1758	172
1759	203
1760	140
1761	197
1762	188
1763	137
1764	162
1765	174
1766	176
1767	191
1768	175
1769	202
1770	151
1771	161
1772	169
1773	172
1774	178
1775	193
1776	142
1777	195
1778	212
1779	189
1780	198
1781	197
1782	193
1783	204
1784	207
1785	176
1786	149
1787	127
1788	171
1789	169
1790	162
1791	171
1792	159
1793	145
1794	172
1795	190
1796	208
1797	152
1798	193
1799	219
1800	186
1801	126
1802	161
1803	150
1804	174
1805	145
1806	184
1807	165
1808	162
1809	149
1810	157
1811	208
1812	187
1813	233
1814	166
1815	206
1816	161
1817	170
1818	138
1819	206
1820	177
1821	217
1822	207
1823	200
1824	166
1825	209
1826	149
1827	214
1828	231
1829	268
1830	175
1831	213
1832	163
1833	214
1834	119
1835	218
1836	140
1837	174
1838	152
1839	188
1840	156
1841	157
1842	256
1843	174
1844	140
1845	187
1846	170
1847	173
1848	188
1849	170
1850	182
1851	192
1852	107
1853	112
1854	172
1855	180
1856	201
1857	179
1858	180
1859	208
1860	250
1861	221
1862	151
1863	173
1864	169
1865	133
1866	94
1867	143
1868	211
1869	171
1870	210
1871	234
1872	176
1873	181
1874	197
1875	155
1876	186
1877	143
1878	196
1879	187
1880	211
1881	230
1882	239
1883	219
1884	200
1885	240
1886	140
1887	163
1888	229
1889	202
1890	215
1891	142
1892	214
1893	167
1894	205
1895	148
1896	248
1897	147
1898	185
1899	210
1900	175
1901	187
1902	135
1903	209
1904	200
1905	217
1906	248
1907	170
1908	168
1909	168
1910	152
1911	185
1912	177
1913	148
1914	278
1915	241
1916	246
1917	194
1918	213
1919	178
1920	227
1921	244
1922	230
1923	226
1924	172
1925	179
1926	198
1927	189
1928	201
1929	192
1930	192
1931	219
1932	171
1933	149
1934	149
1935	192
1936	196
1937	145
1938	218
1939	284
1940	199
1941	213
1942	172
1943	224
1944	165
1945	194
1946	245
1947	178
1948	166
1949	170
1950	203
1951	202
1952	186
1953	208
1954	187
1955	178
1956	221
1957	236
1958	391
1959	233
1960	207
1961	176
1962	157
1963	178
1964	187
1965	178
1966	228
1967	165
1968	174
1969	201
1970	258
1971	149
1972	182
1973	205
1974	265
1975	244
1976	228
1977	233
1978	173
1979	229
1980	194
1981	199
1982	197
1983	151
1984	118
1985	185
1986	190
1987	205
1988	204
1989	168
1990	211
1991	207
1992	294
1993	341
1994	219
1995	155
1996	184
1997	213
1998	210
1999	246
2000	183
2001	311
2002	187
2003	207
2004	204
2005	138
2006	223
2007	121
2008	199
2009	233
2010	242
2011	181
2012	234
2013	189
2014	249
2015	236
2016	294
2017	198
2018	175
2019	184
2020	196
2021	183
2022	188
2023	164
2024	188
2025	191
2026	174
2027	226
2028	222
2029	164
2030	177
2031	137
2032	125
2033	167
2034	139
2035	117
2036	137
2037	84
2038	159
2039	144
2040	126
2041	145
2042	149
2043	125
2044	150
2045	126
2046	154
2047	87
