Instrument: Andor
X Size: 2048
Y Size: 64
Total Flux: 0.000
Total Counts: 379812
Background: 314.000000
Curvature: 0.0
Clipped to ROI: No
ROI: 1309 526 2539 1627
X	Counts
0	127
1	139
2	87
3	97
4	98
5	110
6	94
7	78
8	111
9	70
10	96
11	101
12	56
13	89
14	70
15	86
16	74
17	64
18	78
19	85
20	85
21	63
22	76
23	90
24	93
25	101
26	92
27	54
28	65
29	77
30	72
31	75
32	75
33	65
34	118
35	84
36	70
37	55
38	118
39	92
40	86
41	67
42	80
43	87
44	68
45	64
46	107
47	85
48	65
49	76
50	78
51	77
52	98
53	110
54	85
55	94
56	48
57	103
58	60
59	84
60	70
61	103
62	54
63	81
64	76
65	81
66	99
67	71
68	65
69	83
70	69
71	80
72	87
73	90
74	89
75	87
76	98
77	110
78	101
79	129
80	103
81	100
82	67
83	78
84	72
85	114
86	109
87	87
88	66
89	56
90	72
91	52
92	73
93	93
94	123
95	60
96	99
97	58
98	61
99	93
100	98
101	104
102	97
103	74
104	83
105	113
106	131
107	82
108	93
109	150
110	82
111	79
112	69
113	100
114	83
115	93
116	102
117	71
118	74
119	86
120	74
121	98
122	91
123	72
124	77
125	85
126	136
127	63
128	68
129	87
130	63
131	127
132	74
133	72
134	104
135	77
136	95
137	120
138	103
139	71
140	140
141	106
142	100
143	64
144	83
145	98
146	76
147	70
148	126
149	78
150	98
151	112
152	76
153	70
154	75
155	135
156	86
157	109
158	84
159	81
160	106
161	84
162	80
163	109
164	66
165	93
166	87
167	79
168	108
169	90
170	121
171	145
172	194
173	106
174	73
175	112
176	123
177	112
178	72
179	65
180	100
181	69
182	90
183	92
184	106
185	106
186	69
187	49
188	94
189	112
190	80
191	109
192	80
193	84
194	103
195	71
196	63
197	111
198	135
199	78
200	59
201	47
202	87
203	83
204	79
205	89
206	79
207	82
208	124
209	83
210	86
211	64
212	79
213	80
214	83
215	77
216	114
217	187
218	69
219	129
220	124
221	128
222	147
223	126
224	57
225	82
226	95
227	142
228	125
229	152
230	81
231	102
232	58
233	71
234	83
235	67
236	97
237	68
238	108
239	59
240	70
241	53
242	77
243	101
244	87
245	92
246	47
247	76
248	100
249	59
250	94
251	91
252	72
253	100
254	90
255	98
256	60
257	96
258	102
259	77
260	76
261	109
262	72
263	111
264	57
265	74
266	90
267	127
268	107
269	151
270	140
271	77
272	46
273	75
274	72
275	73
276	75
277	55
278	56
279	125
280	86
281	75
282	68
283	68
284	77
285	77
286	99
287	92
288	64
289	55
290	52
291	105
292	92
293	72
294	97
295	125
296	87
297	90
298	73
299	95
300	90
301	78
302	48
303	91
304	65
305	85
306	94
307	121
308	90
309	130
310	73
311	174
312	249
313	271
314	129
315	125
316	88
317	93
318	63
319	70
320	65
321	105
322	87
323	94
324	90
325	97
326	109
327	84
328	117
329	138
330	107
331	96
332	106
333	46
334	64
335	98
336	113
337	59
338	113
339	65
340	114
341	66
342	71
343	91
344	113
345	115
346	83
347	102
348	108
349	72
350	75
351	73
352	85
353	74
354	96
355	82
356	87
357	66
358	93
359	101
360	69
361	96
362	111
363	74
364	115
365	61
366	107
367	136
368	93
369	89
370	89
371	84
372	55
373	112
374	88
375	84
376	100
377	69
378	82
379	75
380	77
381	65
382	113
383	71
384	72
385	77
386	88
387	98
388	94
389	95
390	67
391	100
392	68
393	72
394	98
395	62
396	84
397	82
398	92
399	80
400	112
401	111
402	82
403	103
404	87
405	80
406	77
407	86
408	63
409	78
410	108
411	101
412	159
413	150
414	111
415	120
416	91
417	91
418	98
419	94
420	118
421	52
422	67
423	119
424	118
425	128
426	109
427	111
428	87
429	117
430	85
431	110
432	139
433	91
434	88
435	57
436	96
437	163
438	66
439	80
440	90
441	121
442	129
443	107
444	127
445	197
446	192
447	99
448	98
449	141
450	95
451	73
452	117
453	106
454	148
455	119
456	94
457	72
458	81
459	119
460	107
461	138
462	116
463	94
464	115
465	92
466	89
467	97
468	121
469	168
470	168
471	86
472	77
473	188
474	142
475	125
476	97
477	80
478	113
479	41
480	79
481	76
482	128
483	193
484	95
485	172
486	154
487	144
488	88
489	120
490	91
491	82
492	90
493	89
494	62
495	139
496	181
497	187
498	233
499	111
500	93
501	102
502	92
503	132
504	117
505	97
506	106
507	123
508	91
509	79
510	109
511	74
512	118
513	100
514	109
515	95
516	85
517	112
518	104
519	115
520	73
521	82
522	128
523	93
524	90
525	127
526	142
527	69
528	138
529	114
530	73
531	65
532	74
533	111
534	178
535	222
536	108
537	95
538	118
539	152
540	261
541	168
542	248
543	168
544	121
545	131
546	104
547	113
548	109
549	182
550	142
551	109
552	109
553	99
554	129
555	112
556	118
557	173
558	125
559	116
560	101
561	121
562	65
563	55
564	125
565	80
566	126
567	112
568	120
569	137
570	153
571	103
572	129
573	93
574	157
575	245
576	188
577	128
578	105
579	104
580	116
581	89
582	81
583	104
584	86
585	83
586	71
587	112
588	85
589	103
590	215
591	97
592	99
593	132
594	121
595	327
596	277
597	205
598	126
599	212
600	313
601	153
602	113
603	402
604	256
605	119
606	175
607	311
608	531
609	701
610	424
611	310
612	185
613	207
614	608
615	365
616	175
617	163
618	533
619	800
620	630
621	459
622	246
623	185
624	197
625	166
626	227
627	126
628	123
629	271
630	243
631	91
632	133
633	146
634	177
635	114
636	137
637	166
638	104
639	82
640	114
641	119
642	121
643	105
644	118
645	121
646	190
647	233
648	135
649	139
650	105
651	108
652	105
653	78
654	107
655	116
656	134
657	87
658	78
659	89
660	86
661	114
662	112
663	96
664	85
665	117
666	138
667	318
668	169
669	87
670	92
671	76
672	95
673	173
674	166
675	91
676	182
677	308
678	214
679	132
680	124
681	99
682	153
683	137
684	98
685	125
686	146
687	156
688	115
689	73
690	138
691	69
692	117
693	87
694	88
695	109
696	117
697	120
698	85
699	126
700	88
701	146
702	110
703	102
704	110
705	115
706	83
707	81
708	108
709	74
710	142
711	130
712	158
713	108
714	91
715	115
716	138
717	236
718	175
719	83
720	76
721	111
722	120
723	64
724	112
725	91
726	90
727	97
728	103
729	109
730	86
731	108
732	133
733	65
734	90
735	102
736	164
737	112
738	119
739	96
740	96
741	112
742	119
743	91
744	157
745	105
746	138
747	87
748	100
749	103
750	104
751	84
752	104
753	85
754	137
755	122
756	94
757	148
758	141
759	116
760	106
761	129
762	115
763	139
764	87
765	149
766	91
767	101
768	97
769	147
770	182
771	155
772	166
773	148
774	158
775	119
776	118
777	89
778	98
779	130
780	139
781	136
782	123
783	113
784	86
785	104
786	110
787	120
788	75
789	102
790	142
791	55
792	109
793	123
794	122
795	132
796	99
797	106
798	92
799	98
800	120
801	98
802	92
803	139
804	103
805	98
806	122
807	250
808	135
809	112
810	156
811	111
812	114
813	110
814	123
815	108
816	90
817	125
818	113
819	78
820	74
821	139
822	112
823	171
824	201
825	121
826	123
827	112
828	122
829	135
830	132
831	121
832	150
833	224
834	111
835	117
836	150
837	112
838	102
839	146
840	119
841	119
842	128
843	121
844	107
845	119
846	93
847	137
848	178
849	262
850	251
851	182
852	115
853	118
854	129
855	144
856	112
857	124
858	116
859	83
860	99
861	116
862	115
863	146
864	118
865	147
866	152
867	111
868	109
869	118
870	142
871	123
872	117
873	140
874	248
875	178
876	129
877	168
878	107
879	95
880	120
881	100
882	135
883	129
884	115
885	103
886	117
887	107
888	159
889	165
890	173
891	105
892	75
893	143
894	136
895	150
896	124
897	135
898	115
899	136
900	106
901	105
902	105
903	119
904	166
905	121
906	116
907	113
908	128
909	143
910	155
911	119
912	180
913	155
914	115
915	226
916	134
917	119
918	126
919	81
920	134
921	168
922	184
923	176
924	94
925	102
926	104
927	100
928	116
929	108
930	111
931	136
932	99
933	131
934	91
935	123
936	168
937	185
938	130
939	156
940	156
941	146
942	113
943	105
944	137
945	90
946	113
947	148
948	129
949	117
950	138
951	163
952	165
953	158
954	101
955	190
956	265
957	144
958	142
959	155
960	134
961	177
962	133
963	108
964	145
965	252
966	227
967	194
968	299
969	294
970	638
971	155
972	135
973	130
974	129
975	80
976	98
977	144
978	150
979	158
980	168
981	193
982	158
983	162
984	133
985	106
986	142
987	81
988	159
989	153
990	126
991	125
992	103
993	146
994	145
995	171
996	192
997	121
998	125
999	128
1000	160
1001	133
1002	107
1003	131
1004	95
1005	148
1006	183
1007	174
1008	171
1009	122
1010	96
1011	95
1012	165
1013	123
1014	102
1015	142
1016	116
1017	151
1018	174
1019	320
1020	230
1021	124
1022	136
1023	152
1024	114
1025	126
1026	88
1027	157
1028	204
1029	128
1030	120
1031	109
1032	109
1033	149
1034	121
1035	179
1036	117
1037	113
1038	125
1039	137
1040	134
1041	151
1042	140
1043	144
1044	146
1045	163
1046	170
1047	164
1048	120
1049	143
1050	108
1051	111
1052	153
1053	125
1054	148
1055	258
1056	272
1057	151
1058	146
1059	128
1060	171
1061	289
1062	183
1063	119
1064	111
1065	135
1066	145
1067	184
1068	194
1069	472
1070	369
1071	206
1072	180
1073	126
1074	180
1075	205
1076	192
1077	136
1078	211
1079	266
1080	102
1081	177
1082	187
1083	153
1084	181
1085	253
1086	259
1087	482
1088	284
1089	181
1090	147
1091	142
1092	126
1093	125
1094	141
1095	165
1096	150
1097	130
1098	187
1099	186
1100	341
1101	166
1102	138
1103	95
1104	99
1105	234
1106	203
1107	179
1108	252
1109	389
1110	534
1111	290
1112	290
1113	213
1114	191
1115	220
1116	217
1117	256
1118	406
1119	287
1120	311
1121	557
1122	844
1123	563
1124	549
1125	406
1126	521
1127	332
1128	363
1129	422
1130	698
1131	399
1132	306
1133	778
1134	455
1135	649
1136	484
1137	844
1138	980
1139	835
1140	457
1141	483
1142	804
1143	934
1144	1187
1145	1192
1146	1451
1147	1521
1148	2058
1149	2282
1150	1999
1151	3099
1152	2664
1153	2375
1154	3287
1155	3786
1156	4589
1157	5120
1158	3771
1159	3768
1160	2630
1161	1252
1162	799
1163	601
1164	503
1165	710
1166	426
1167	267
1168	229
1169	229
1170	329
1171	397
1172	438
1173	361
1174	644
1175	682
1176	838
1177	424
1178	165
1179	130
1180	238
1181	462
1182	282
1183	226
1184	173
1185	234
1186	300
1187	700
1188	400
1189	156
1190	210
1191	262
1192	362
1193	533
1194	609
1195	674
1196	844
1197	555
1198	606
1199	922
1200	816
1201	622
1202	380
1203	534
1204	799
1205	545
1206	602
1207	492
1208	652
1209	492
1210	419
1211	463
1212	645
1213	619
1214	562
1215	373
1216	322
1217	294
1218	535
1219	373
1220	447
1221	710
1222	510
1223	405
1224	272
1225	345
1226	398
1227	640
1228	971
1229	834
1230	509
1231	220
1232	217
1233	163
1234	157
1235	230
1236	289
1237	239
1238	237
1239	315
1240	203
1241	225
1242	188
1243	151
1244	168
1245	190
1246	373
1247	463
1248	323
1249	285
1250	497
1251	305
1252	188
1253	157
1254	124
1255	230
1256	96
1257	194
1258	158
1259	145
1260	149
1261	149
1262	109
1263	184
1264	280
1265	181
1266	225
1267	108
1268	101
1269	167
1270	180
1271	119
1272	222
1273	143
1274	146
1275	124
1276	173
1277	157
1278	152
1279	125
1280	159
1281	138
1282	184
1283	243
1284	248
1285	150
1286	112
1287	164
1288	121
1289	169
1290	105
1291	147
1292	172
1293	109
1294	105
1295	165
1296	122
1297	103
1298	156
1299	104
1300	147
1301	136
1302	123
1303	168
1304	186
1305	245
1306	143
1307	136
1308	152
1309	221
1310	369
1311	248
1312	122
1313	164
1314	143
1315	196
1316	165
1317	169
1318	114
1319	149
1320	144
1321	153
1322	125
1323	136
1324	146
1325	182
1326	191
1327	177
1328	201
1329	129
1330	110
1331	211
1332	151
1333	199
1334	171
1335	178
1336	86
1337	145
1338	191
1339	144
1340	173
1341	255
1342	358
1343	280
1344	151
1345	149
1346	131
1347	163
1348	149
1349	109
1350	198
1351	158
1352	127
1353	154
1354	124
1355	126
1356	124
1357	172
1358	194
1359	197
1360	143
1361	168
1362	120
1363	174
1364	143
1365	160
1366	197
1367	337
1368	243
1369	152
1370	141
1371	149
1372	141
1373	146
1374	120
1375	176
1376	159
1377	101
1378	168
1379	137
1380	136
1381	141
1382	105
1383	151
1384	107
1385	136
1386	154
1387	92
1388	109
1389	168
1390	141
1391	154
1392	139
1393	114
1394	111
1395	104
1396	151
1397	202
1398	156
1399	160
1400	149
1401	166
1402	177
1403	127
1404	127
1405	181
1406	161
1407	131
1408	130
1409	139
1410	129
1411	100
1412	123
1413	176
1414	139
1415	87
1416	144
1417	138
1418	140
1419	238
1420	199
1421	152
1422	187
1423	199
1424	189
1425	169
1426	154
1427	122
1428	210
1429	193
1430	205
1431	135
1432	183
1433	91
1434	146
1435	183
1436	180
1437	147
1438	158
1439	159
1440	147
1441	130
1442	158
1443	164
1444	146
1445	186
1446	159
1447	160
1448	165
1449	188
1450	224
1451	194
1452	102
1453	158
1454	148
1455	178
1456	169
1457	157
1458	144
1459	248
1460	175
1461	176
1462	162
1463	109
1464	140
1465	174
1466	142
1467	146
1468	126
1469	188
1470	141
1471	109
1472	135
1473	126
1474	186
1475	137
1476	201
1477	143
1478	183
1479	156
1480	128
1481	138
1482	137
1483	124
1484	173
1485	158
1486	169
1487	136
1488	168
1489	151
1490	199
1491	204
1492	185
1493	199
1494	130
1495	167
1496	125
1497	240
1498	145
1499	138
1500	179
1501	154
1502	163
1503	149
1504	201
1505	153
1506	176
1507	158
1508	168
1509	188
1510	187
1511	262
1512	172
1513	227
1514	141
1515	165
1516	185
1517	171
1518	159
1519	158
1520	165
1521	140
1522	183
1523	145
1524	142
1525	164
1526	122
1527	166
1528	113
1529	136
1530	153
1531	155
1532	157
1533	164
1534	128
1535	146
1536	145
1537	163
1538	113
1539	143
1540	115
1541	152
1542	137
1543	108
1544	92
1545	135
1546	167
1547	159
1548	94
1549	107
1550	148
1551	132
1552	135
1553	179
1554	173
1555	145
1556	198
1557	168
1558	340
1559	170
1560	132
1561	110
1562	143
1563	155
1564	147
1565	156
1566	150
1567	194
1568	155
1569	151
1570	159
1571	168
1572	128
1573	144
1574	150
1575	131
1576	126
1577	156
1578	150
1579	120
1580	109
1581	152
1582	179
1583	125
1584	142
1585	167
1586	148
1587	177
1588	156
1589	146
1590	137
1591	176
1592	185
1593	170
1594	223
1595	133
1596	133
1597	147
1598	185
1599	151
1600	217
1601	182
1602	156
1603	232
1604	236
1605	143
1606	120
1607	195
1608	147
1609	172
1610	166
1611	216
1612	174
1613	230
1614	211
1615	174
1616	146
1617	108
1618	187
1619	115
1620	168
1621	202
1622	143
1623	140
1624	164
1625	170
1626	167
1627	188
1628	182
1629	108
1630	162
1631	205
1632	113
1633	220
1634	176
1635	195
1636	195
1637	271
1638	345
1639	298
1640	196
1641	178
1642	159
1643	150
1644	162
1645	177
1646	185
1647	175
1648	117
1649	169
1650	108
1651	172
1652	143
1653	162
1654	185
1655	182
1656	168
1657	163
1658	197
1659	133
1660	181
1661	125
1662	158
1663	115
1664	167
1665	138
1666	135
1667	211
1668	173
1669	159
1670	176
1671	115
1672	152
1673	154
1674	115
1675	152
1676	193
1677	152
1678	131
1679	139
1680	194
1681	162
1682	113
1683	176
1684	178
1685	161
1686	139
1687	139
1688	151
1689	158
1690	155
1691	247
1692	170
1693	161
1694	184
1695	188
1696	167
1697	146
1698	185
1699	161
1700	149
1701	202
1702	156
1703	142
1704	153
1705	165
1706	168
1707	141
1708	160
1709	156
1710	152
1711	169
1712	194
1713	141
1714	144
1715	192
1716	196
1717	124
1718	168
1719	172
1720	175
1721	178
1722	178
1723	243
1724	234
1725	219
1726	169
1727	165
1728	206
1729	171
1730	180
1731	207
1732	165
1733	152
1734	193
1735	177
1736	182
1737	139
1738	175
1739	175
1740	189
1741	176
1742	196
1743	108
1744	201
1745	132
1746	168
1747	174
1748	156
1749	182
1750	166
1751	175
1752	150
1753	190
1754	220
1755	185
1756	166
1757	174
1758	169
1759	153
1760	230
1761	219
1762	150
1763	166
1764	183
1765	179
1766	161
1767	201
1768	162
1769	179
1770	114
1771	201
1772	148
1773	179
1774	219
1775	169
1776	179
1777	182
1778	188
1779	166
1780	137
1781	172
1782	179
1783	169
1784	152
1785	167
1786	137
1787	217
1788	209
1789	268
1790	228
1791	228
1792	143
1793	182
1794	145
1795	204
1796	188
1797	161
1798	235
1799	192
1800	213
1801	141
1802	217
1803	219
1804	224
1805	199
1806	227
1807	187
1808	157
1809	186
1810	106
1811	143
1812	158
1813	172
1814	186
1815	204
1816	112
1817	233
1818	190
1819	248
1820	219
1821	224
1822	176
1823	252
1824	176
1825	180
1826	194
1827	209
1828	167
1829	185
1830	166
1831	187
1832	202
1833	398
1834	260
1835	180
1836	175
1837	189
1838	156
1839	182
1840	170
1841	184
1842	206
1843	146
1844	187
1845	160
1846	147
1847	154
1848	231
1849	214
1850	170
1851	269
1852	364
1853	298
1854	220
1855	195
1856	194
1857	208
1858	155
1859	279
1860	232
1861	184
1862	241
1863	148
1864	206
1865	138
1866	164
1867	173
1868	189
1869	297
1870	251
1871	236
1872	177
1873	206
1874	195
1875	189
1876	204
1877	134
1878	252
1879	230
1880	209
1881	178
1882	219
1883	189
1884	204
1885	207
1886	164
1887	251
1888	205
1889	199
1890	226
1891	146
1892	207
1893	182
1894	141
1895	248
1896	308
1897	196
1898	304
1899	219
1900	193
1901	202
1902	164
1903	231
1904	144
1905	179
1906	210
1907	229
1908	481
1909	356
1910	241
1911	156
1912	148
1913	181
1914	340
1915	387
1916	291
1917	162
1918	209
1919	199
1920	212
1921	172
1922	195
1923	141
1924	193
1925	219
1926	177
1927	238
1928	202
1929	166
1930	185
1931	177
1932	180
1933	249
1934	246
1935	299
1936	223
1937	157
1938	176
1939	258
1940	238
1941	209
1942	245
1943	200
1944	159
1945	184
1946	251
1947	215
1948	228
1949	193
1950	212
1951	155
1952	191
1953	219
1954	190
1955	237
1956	221
1957	171
1958	191
1959	224
1960	185
1961	216
1962	182
1963	203
1964	194
1965	200
1966	210
1967	194
1968	249
1969	317
1970	340
1971	231
1972	229
1973	216
1974	211
1975	211
1976	234
1977	189
1978	186
1979	228
1980	207
1981	202
1982	206
1983	162
1984	131
1985	207
1986	230
1987	176
1988	198
1989	129
1990	260
1991	298
1992	244
1993	200
1994	174
1995	177
1996	177
1997	185
1998	235
1999	307
2000	415
2001	222
2002	206
2003	178
2004	208
2005	186
2006	217
2007	138
2008	202
2009	222
2010	237
2011	170
2012	304
2013	289
2014	200
2015	195
2016	238
2017	187
2018	188
2019	150
2020	182
2021	224
2022	173
2023	181
2024	178
2025	290
2026	258
2027	220
2028	237
2029	193
2030	221
2031	146
2032	160
2033	164
2034	141
2035	119
2036	105
2037	134
2038	138
2039	133
2040	101
2041	145
2042	157
2043	246
2044	261
2045	84
2046	95
2047	108
