Instrument: Andor
X Size: 2048
Y Size: 64
Total Flux: 0.000
Total Counts: 296620
Background: 315.000000
Curvature: 0.0
Clipped to ROI: No
ROI: 1309 526 2539 1627
X	Counts
0	101
1	91
2	89
3	67
4	93
5	74
6	103
7	58
8	122
9	77
10	48
11	119
12	115
13	59
14	93
15	98
16	83
17	103
18	91
19	68
20	90
21	77
22	96
23	71
24	96
25	79
26	54
27	67
28	81
29	102
30	80
31	73
32	97
33	75
34	67
35	95
36	81
37	92
38	91
39	98
40	62
41	100
42	98
43	101
44	89
45	79
46	72
47	66
48	72
49	62
50	75
51	68
52	58
53	85
54	68
55	52
56	72
57	80
58	68
59	97
60	74
61	96
62	60
63	67
64	105
65	66
66	70
67	107
68	87
69	70
70	68
71	94
72	89
73	82
74	78
75	74
76	95
77	92
78	70
79	49
80	112
81	74
82	74
83	86
84	89
85	116
86	77
87	51
88	86
89	54
90	111
91	108
92	81
93	59
94	100
95	63
96	106
97	69
98	104
99	88
100	106
101	76
102	88
103	70
104	65
105	78
106	61
107	69
108	79
109	98
110	122
111	99
112	47
113	85
114	78
115	90
116	100
117	64
118	86
119	76
120	75
121	111
122	72
123	86
124	125
125	86
126	89
127	91
128	81
129	82
130	89
131	69
132	47
133	70
134	73
135	103
136	96
137	98
138	54
139	85
140	95
141	66
142	70
143	111
144	100
145	118
146	68
147	102
148	96
149	61
150	88
151	64
152	102
153	73
154	125
155	115
156	72
157	95
158	92
159	99
160	82
161	69
162	69
163	101
164	86
165	66
166	106
167	86
168	78
169	87
170	94
171	86
172	123
173	81
174	105
175	102
176	50
177	75
178	82
179	64
180	98
181	87
182	98
183	97
184	97
185	85
186	72
187	89
188	108
189	97
190	111
191	60
192	66
193	91
194	91
195	59
196	74
197	62
198	62
199	86
200	101
201	72
202	115
203	95
204	79
205	99
206	78
207	65
208	74
209	86
210	80
211	54
212	114
213	78
214	69
215	77
216	62
217	98
218	116
219	83
220	85
221	83
222	78
223	78
224	71
225	69
226	75
227	97
228	63
229	74
230	118
231	96
232	78
233	88
234	80
235	60
236	94
237	112
238	99
239	45
240	59
241	71
242	116
243	97
244	117
245	74
246	94
247	96
248	73
249	96
250	73
251	84
252	65
253	69
254	65
255	82
256	41
257	80
258	62
259	137
260	117
261	121
262	70
263	77
264	41
265	69
266	59
267	80
268	92
269	136
270	111
271	60
272	102
273	57
274	62
275	91
276	96
277	69
278	77
279	82
280	82
281	48
282	85
283	86
284	84
285	103
286	76
287	88
288	86
289	90
290	60
291	85
292	93
293	86
294	75
295	78
296	73
297	70
298	74
299	60
300	98
301	98
302	92
303	89
304	60
305	65
306	90
307	95
308	76
309	75
310	119
311	69
312	65
313	76
314	113
315	77
316	73
317	55
318	87
319	84
320	85
321	73
322	76
323	94
324	44
325	105
326	62
327	114
328	86
329	73
330	95
331	91
332	102
333	76
334	76
335	91
336	73
337	62
338	90
339	84
340	79
341	56
342	68
343	103
344	90
345	69
346	96
347	75
348	73
349	74
350	89
351	93
352	92
353	83
354	98
355	94
356	79
357	40
358	62
359	103
360	82
361	67
362	85
363	84
364	95
365	47
366	84
367	70
368	99
369	84
370	92
371	75
372	62
373	94
374	142
375	82
376	70
377	77
378	81
379	112
380	86
381	90
382	76
383	72
384	70
385	79
386	70
387	106
388	78
389	72
390	112
391	68
392	51
393	83
394	55
395	99
396	103
397	69
398	84
399	84
400	99
401	112
402	83
403	71
404	86
405	98
406	65
407	70
408	76
409	76
410	72
411	112
412	81
413	90
414	89
415	91
416	98
417	107
418	77
419	74
420	90
421	109
422	50
423	79
424	83
425	91
426	86
427	60
428	96
429	79
430	67
431	74
432	93
433	73
434	81
435	130
436	78
437	91
438	90
439	82
440	92
441	101
442	105
443	69
444	93
445	104
446	161
447	104
448	119
449	78
450	78
451	64
452	82
453	82
454	75
455	72
456	98
457	103
458	101
459	94
460	95
461	57
462	84
463	124
464	72
465	119
466	75
467	101
468	81
469	129
470	76
471	68
472	79
473	101
474	84
475	97
476	98
477	89
478	97
479	100
480	107
481	93
482	91
483	159
484	105
485	83
486	66
487	88
488	71
489	68
490	126
491	94
492	105
493	77
494	76
495	88
496	81
497	75
498	87
499	94
500	122
501	87
502	110
503	159
504	83
505	110
506	93
507	81
508	99
509	78
510	109
511	87
512	64
513	106
514	91
515	99
516	65
517	115
518	89
519	84
520	109
521	93
522	126
523	106
524	52
525	125
526	103
527	67
528	104
529	117
530	99
531	93
532	129
533	89
534	108
535	144
536	87
537	73
538	54
539	105
540	99
541	80
542	77
543	117
544	77
545	101
546	81
547	81
548	139
549	90
550	113
551	62
552	85
553	90
554	141
555	122
556	97
557	117
558	67
559	127
560	127
561	96
562	112
563	89
564	89
565	104
566	117
567	112
568	85
569	86
570	83
571	99
572	72
573	99
574	114
575	63
576	68
577	107
578	81
579	130
580	88
581	106
582	60
583	105
584	105
585	87
586	71
587	95
588	105
589	85
590	56
591	73
592	74
593	67
594	77
595	103
596	75
597	120
598	85
599	79
600	80
601	126
602	108
603	92
604	62
605	58
606	85
607	110
608	88
609	118
610	93
611	122
612	87
613	45
614	128
615	62
616	86
617	200
618	158
619	120
620	113
621	74
622	94
623	109
624	99
625	87
626	107
627	81
628	73
629	125
630	67
631	131
632	79
633	104
634	91
635	89
636	113
637	75
638	98
639	77
640	92
641	112
642	63
643	110
644	85
645	101
646	81
647	113
648	91
649	95
650	81
651	91
652	82
653	85
654	73
655	104
656	111
657	122
658	90
659	66
660	117
661	79
662	65
663	105
664	83
665	69
666	94
667	72
668	72
669	92
670	79
671	110
672	83
673	87
674	91
675	101
676	93
677	97
678	105
679	84
680	93
681	87
682	163
683	164
684	102
685	126
686	102
687	93
688	156
689	48
690	106
691	73
692	68
693	93
694	72
695	87
696	131
697	114
698	96
699	97
700	77
701	91
702	124
703	85
704	95
705	141
706	108
707	281
708	171
709	77
710	83
711	82
712	99
713	93
714	128
715	139
716	122
717	123
718	75
719	70
720	93
721	97
722	90
723	65
724	113
725	103
726	99
727	103
728	115
729	71
730	117
731	94
732	77
733	70
734	83
735	96
736	160
737	77
738	92
739	72
740	88
741	131
742	246
743	151
744	92
745	70
746	124
747	85
748	95
749	68
750	91
751	83
752	95
753	89
754	102
755	71
756	110
757	123
758	117
759	106
760	70
761	75
762	128
763	116
764	104
765	94
766	86
767	108
768	91
769	123
770	101
771	81
772	145
773	112
774	95
775	103
776	104
777	123
778	96
779	116
780	80
781	117
782	88
783	127
784	124
785	119
786	100
787	77
788	76
789	99
790	133
791	104
792	94
793	101
794	112
795	150
796	85
797	94
798	103
799	75
800	107
801	96
802	131
803	96
804	114
805	133
806	88
807	124
808	121
809	101
810	148
811	113
812	110
813	88
814	103
815	98
816	131
817	116
818	112
819	130
820	99
821	137
822	144
823	140
824	107
825	78
826	98
827	75
828	90
829	123
830	95
831	90
832	123
833	122
834	118
835	143
836	98
837	98
838	111
839	124
840	89
841	112
842	137
843	95
844	150
845	173
846	94
847	121
848	136
849	98
850	115
851	120
852	76
853	101
854	138
855	125
856	98
857	115
858	82
859	112
860	136
861	88
862	97
863	148
864	122
865	110
866	192
867	149
868	124
869	91
870	133
871	111
872	126
873	63
874	107
875	102
876	135
877	139
878	96
879	105
880	105
881	97
882	92
883	118
884	155
885	112
886	97
887	132
888	107
889	113
890	123
891	84
892	132
893	128
894	115
895	154
896	94
897	139
898	98
899	115
900	118
901	93
902	102
903	120
904	143
905	164
906	160
907	126
908	87
909	104
910	105
911	124
912	137
913	89
914	122
915	115
916	187
917	86
918	117
919	141
920	125
921	126
922	131
923	94
924	113
925	109
926	98
927	126
928	126
929	166
930	114
931	88
932	110
933	117
934	124
935	80
936	111
937	138
938	97
939	111
940	123
941	127
942	105
943	106
944	155
945	112
946	122
947	124
948	106
949	138
950	112
951	132
952	129
953	144
954	91
955	106
956	125
957	96
958	184
959	141
960	113
961	141
962	135
963	148
964	114
965	128
966	132
967	141
968	147
969	176
970	120
971	143
972	104
973	126
974	134
975	103
976	185
977	129
978	149
979	123
980	160
981	104
982	106
983	122
984	107
985	98
986	160
987	117
988	109
989	158
990	112
991	103
992	110
993	105
994	114
995	75
996	144
997	135
998	127
999	161
1000	202
1001	133
1002	116
1003	101
1004	141
1005	118
1006	141
1007	131
1008	97
1009	98
1010	94
1011	159
1012	178
1013	143
1014	101
1015	112
1016	101
1017	106
1018	133
1019	118
1020	117
1021	103
1022	147
1023	112
1024	178
1025	174
1026	129
1027	155
1028	156
1029	140
1030	101
1031	162
1032	134
1033	122
1034	107
1035	133
1036	141
1037	138
1038	113
1039	146
1040	123
1041	117
1042	130
1043	170
1044	151
1045	157
1046	84
1047	164
1048	147
1049	137
1050	130
1051	173
1052	226
1053	129
1054	181
1055	163
1056	135
1057	104
1058	96
1059	148
1060	167
1061	89
1062	128
1063	142
1064	151
1065	161
1066	165
1067	149
1068	112
1069	144
1070	106
1071	124
1072	161
1073	167
1074	91
1075	106
1076	114
1077	116
1078	102
1079	128
1080	149
1081	186
1082	135
1083	142
1084	342
1085	240
1086	195
1087	103
1088	147
1089	188
1090	125
1091	122
1092	126
1093	166
1094	146
1095	113
1096	104
1097	121
1098	128
1099	125
1100	137
1101	146
1102	92
1103	172
1104	216
1105	179
1106	105
1107	145
1108	127
1109	146
1110	216
1111	140
1112	183
1113	209
1114	153
1115	138
1116	152
1117	150
1118	136
1119	143
1120	165
1121	207
1122	240
1123	205
1124	139
1125	112
1126	132
1127	103
1128	210
1129	295
1130	223
1131	179
1132	219
1133	317
1134	491
1135	902
1136	472
1137	595
1138	1115
1139	1609
1140	1282
1141	885
1142	948
1143	693
1144	313
1145	298
1146	236
1147	171
1148	227
1149	430
1150	357
1151	183
1152	163
1153	273
1154	176
1155	227
1156	227
1157	249
1158	367
1159	304
1160	231
1161	163
1162	155
1163	148
1164	138
1165	299
1166	324
1167	322
1168	239
1169	184
1170	354
1171	205
1172	309
1173	209
1174	201
1175	236
1176	240
1177	321
1178	434
1179	447
1180	491
1181	388
1182	288
1183	338
1184	215
1185	351
1186	283
1187	357
1188	279
1189	390
1190	519
1191	407
1192	377
1193	474
1194	757
1195	669
1196	529
1197	697
1198	445
1199	434
1200	706
1201	525
1202	613
1203	372
1204	388
1205	611
1206	676
1207	530
1208	755
1209	610
1210	479
1211	640
1212	758
1213	666
1214	566
1215	700
1216	518
1217	486
1218	491
1219	504
1220	510
1221	415
1222	414
1223	193
1224	331
1225	354
1226	369
1227	239
1228	364
1229	394
1230	351
1231	232
1232	341
1233	316
1234	287
1235	161
1236	199
1237	304
1238	340
1239	259
1240	307
1241	204
1242	297
1243	214
1244	205
1245	162
1246	191
1247	143
1248	91
1249	151
1250	120
1251	234
1252	218
1253	197
1254	199
1255	159
1256	128
1257	277
1258	265
1259	347
1260	288
1261	250
1262	346
1263	161
1264	157
1265	170
1266	221
1267	146
1268	155
1269	155
1270	159
1271	147
1272	191
1273	133
1274	176
1275	238
1276	126
1277	153
1278	211
1279	186
1280	218
1281	147
1282	181
1283	123
1284	189
1285	194
1286	252
1287	256
1288	155
1289	149
1290	101
1291	187
1292	184
1293	362
1294	174
1295	207
1296	179
1297	132
1298	107
1299	150
1300	111
1301	134
1302	162
1303	270
1304	208
1305	170
1306	132
1307	145
1308	119
1309	155
1310	88
1311	133
1312	116
1313	123
1314	114
1315	136
1316	176
1317	154
1318	110
1319	110
1320	150
1321	139
1322	151
1323	109
1324	144
1325	151
1326	143
1327	145
1328	188
1329	133
1330	129
1331	164
1332	190
1333	135
1334	121
1335	138
1336	118
1337	143
1338	131
1339	134
1340	183
1341	146
1342	136
1343	133
1344	150
1345	177
1346	233
1347	232
1348	151
1349	131
1350	150
1351	123
1352	86
1353	157
1354	145
1355	95
1356	113
1357	119
1358	157
1359	127
1360	145
1361	134
1362	143
1363	170
1364	148
1365	175
1366	106
1367	137
1368	176
1369	144
1370	140
1371	130
1372	110
1373	128
1374	168
1375	171
1376	122
1377	112
1378	120
1379	121
1380	131
1381	129
1382	142
1383	136
1384	112
1385	148
1386	114
1387	123
1388	172
1389	110
1390	125
1391	134
1392	115
1393	110
1394	134
1395	133
1396	158
1397	209
1398	116
1399	131
1400	125
1401	95
1402	158
1403	143
1404	115
1405	123
1406	149
1407	165
1408	93
1409	107
1410	139
1411	127
1412	141
1413	175
1414	134
1415	120
1416	123
1417	132
1418	128
1419	222
1420	133
1421	118
1422	128
1423	138
1424	151
1425	114
1426	140
1427	162
1428	113
1429	171
1430	156
1431	161
1432	165
1433	140
1434	169
1435	108
1436	103
1437	151
1438	125
1439	134
1440	158
1441	144
1442	145
1443	157
1444	180
1445	106
1446	149
1447	167
1448	108
1449	187
1450	180
1451	168
1452	148
1453	245
1454	139
1455	165
1456	115
1457	201
1458	146
1459	132
1460	190
1461	192
1462	156
1463	176
1464	134
1465	99
1466	138
1467	193
1468	154
1469	142
1470	116
1471	152
1472	121
1473	169
1474	152
1475	167
1476	184
1477	143
1478	172
1479	126
1480	138
1481	170
1482	150
1483	152
1484	102
1485	100
1486	159
1487	153
1488	162
1489	124
1490	119
1491	126
1492	104
1493	149
1494	126
1495	166
1496	150
1497	167
1498	227
1499	164
1500	172
1501	140
1502	140
1503	118
1504	175
1505	129
1506	147
1507	107
1508	194
1509	149
1510	147
1511	171
1512	163
1513	109
1514	153
1515	191
1516	136
1517	167
1518	120
1519	162
1520	164
1521	108
1522	104
1523	149
1524	152
1525	197
1526	153
1527	125
1528	131
1529	175
1530	117
1531	163
1532	116
1533	171
1534	123
1535	172
1536	133
1537	128
1538	109
1539	153
1540	171
1541	190
1542	153
1543	192
1544	168
1545	212
1546	185
1547	183
1548	125
1549	149
1550	267
1551	151
1552	160
1553	112
1554	154
1555	183
1556	173
1557	160
1558	174
1559	195
1560	136
1561	123
1562	133
1563	126
1564	101
1565	129
1566	134
1567	201
1568	174
1569	176
1570	157
1571	148
1572	170
1573	197
1574	148
1575	155
1576	151
1577	141
1578	203
1579	123
1580	120
1581	138
1582	160
1583	129
1584	173
1585	199
1586	145
1587	150
1588	116
1589	144
1590	103
1591	191
1592	215
1593	150
1594	161
1595	187
1596	173
1597	173
1598	184
1599	166
1600	191
1601	139
1602	191
1603	153
1604	128
1605	193
1606	134
1607	216
1608	142
1609	212
1610	153
1611	127
1612	163
1613	138
1614	155
1615	150
1616	141
1617	167
1618	149
1619	123
1620	134
1621	143
1622	139
1623	124
1624	174
1625	157
1626	141
1627	122
1628	214
1629	93
1630	170
1631	194
1632	151
1633	117
1634	172
1635	180
1636	103
1637	138
1638	198
1639	199
1640	190
1641	179
1642	183
1643	194
1644	123
1645	171
1646	188
1647	175
1648	117
1649	203
1650	179
1651	184
1652	144
1653	145
1654	152
1655	188
1656	189
1657	186
1658	253
1659	138
1660	191
1661	141
1662	175
1663	151
1664	173
1665	151
1666	235
1667	129
1668	224
1669	141
1670	146
1671	161
1672	150
1673	126
1674	120
1675	159
1676	165
1677	158
1678	128
1679	138
1680	189
1681	176
1682	189
1683	214
1684	201
1685	173
1686	143
1687	138
1688	136
1689	116
1690	155
1691	194
1692	165
1693	132
1694	244
1695	205
1696	221
1697	178
1698	184
1699	164
1700	218
1701	156
1702	155
1703	212
1704	124
1705	193
1706	174
1707	178
1708	147
1709	199
1710	144
1711	163
1712	178
1713	174
1714	133
1715	160
1716	182
1717	177
1718	146
1719	176
1720	147
1721	118
1722	188
1723	177
1724	126
1725	178
1726	175
1727	154
1728	217
1729	180
1730	201
1731	161
1732	158
1733	182
1734	185
1735	234
1736	179
1737	178
1738	178
1739	198
1740	236
1741	201
1742	211
1743	152
1744	159
1745	199
1746	188
1747	181
1748	173
1749	208
1750	159
1751	115
1752	166
1753	149
1754	152
1755	140
1756	167
1757	137
1758	170
1759	214
1760	130
1761	148
1762	175
1763	168
1764	149
1765	233
1766	262
1767	152
1768	177
1769	170
1770	128
1771	186
1772	169
1773	185
1774	206
1775	156
1776	140
1777	160
1778	222
1779	191
1780	193
1781	170
1782	158
1783	186
1784	177
1785	138
1786	182
1787	118
1788	165
1789	176
1790	170
1791	208
1792	156
1793	163
1794	200
1795	155
1796	219
1797	167
1798	163
1799	190
1800	197
1801	156
1802	150
1803	157
1804	193
1805	164
1806	207
1807	145
1808	170
1809	192
1810	134
1811	190
1812	160
1813	164
1814	212
1815	204
1816	124
1817	191
1818	157
1819	191
1820	212
1821	221
1822	187
1823	245
1824	208
1825	170
1826	195
1827	189
1828	177
1829	168
1830	168
1831	168
1832	170
1833	195
1834	168
1835	156
1836	191
1837	183
1838	191
1839	253
1840	203
1841	169
1842	193
1843	180
1844	227
1845	229
1846	169
1847	198
1848	192
1849	219
1850	214
1851	185
1852	166
1853	145
1854	194
1855	171
1856	177
1857	208
1858	204
1859	236
1860	195
1861	160
1862	207
1863	181
1864	174
1865	139
1866	145
1867	176
1868	182
1869	250
1870	260
1871	219
1872	135
1873	209
1874	209
1875	193
1876	168
1877	243
1878	192
1879	171
1880	166
1881	201
1882	216
1883	179
1884	171
1885	181
1886	175
1887	209
1888	188
1889	228
1890	187
1891	215
1892	249
1893	168
1894	185
1895	229
1896	231
1897	174
1898	231
1899	221
1900	176
1901	199
1902	136
1903	208
1904	207
1905	235
1906	177
1907	172
1908	143
1909	168
1910	199
1911	137
1912	139
1913	184
1914	169
1915	218
1916	165
1917	188
1918	154
1919	267
1920	177
1921	201
1922	164
1923	176
1924	144
1925	184
1926	169
1927	213
1928	181
1929	179
1930	286
1931	203
1932	173
1933	180
1934	142
1935	247
1936	230
1937	171
1938	240
1939	300
1940	289
1941	166
1942	199
1943	190
1944	218
1945	197
1946	215
1947	156
1948	211
1949	193
1950	216
1951	140
1952	200
1953	241
1954	207
1955	135
1956	244
1957	210
1958	209
1959	133
1960	203
1961	185
1962	150
1963	216
1964	190
1965	170
1966	201
1967	207
1968	204
1969	193
1970	237
1971	182
1972	184
1973	263
1974	212
1975	210
1976	182
1977	225
1978	182
1979	196
1980	226
1981	173
1982	173
1983	158
1984	104
1985	273
1986	256
1987	224
1988	189
1989	198
1990	204
1991	244
1992	221
1993	204
1994	224
1995	221
1996	170
1997	195
1998	234
1999	206
2000	195
2001	224
2002	177
2003	191
2004	251
2005	223
2006	185
2007	205
2008	231
2009	192
2010	219
2011	161
2012	214
2013	182
2014	176
2015	175
2016	210
2017	166
2018	184
2019	235
2020	183
2021	265
2022	297
2023	176
2024	167
2025	258
2026	124
2027	127
2028	152
2029	131
2030	227
2031	135
2032	164
2033	126
2034	118
2035	134
2036	150
2037	141
2038	138
2039	130
2040	149
2041	94
2042	104
2043	128
2044	138
2045	125
2046	148
2047	110
