Instrument: Andor
X Size: 2048
Y Size: 64
Total Flux: 0.000
Total Counts: 346672
Background: 315.000000
Curvature: 0.0
Clipped to ROI: No
ROI: 1309 526 2539 1627
X	Counts
0	86
1	111
2	77
3	60
4	109
5	86
6	47
7	62
8	60
9	114
10	80
11	90
12	94
13	70
14	90
15	94
16	90
17	87
18	73
19	47
20	82
21	103
22	81
23	103
24	81
25	66
26	80
27	65
28	30
29	76
30	80
31	54
32	62
33	63
34	40
35	115
36	42
37	82
38	101
39	75
40	74
41	65
42	80
43	89
44	79
45	93
46	79
47	90
48	67
49	73
50	81
51	94
52	74
53	85
54	58
55	106
56	30
57	103
58	75
59	70
60	59
61	98
62	81
63	94
64	63
65	66
66	85
67	87
68	52
69	97
70	79
71	99
72	70
73	106
74	81
75	95
76	81
77	113
78	50
79	86
80	93
81	132
82	53
83	110
84	81
85	84
86	56
87	89
88	58
89	104
90	132
91	63
92	103
93	218
94	117
95	67
96	75
97	80
98	63
99	94
100	74
101	91
102	87
103	91
104	100
105	115
106	113
107	177
108	109
109	116
110	60
111	83
112	76
113	50
114	92
115	42
116	87
117	61
118	74
119	120
120	64
121	66
122	115
123	86
124	63
125	91
126	67
127	97
128	77
129	114
130	136
131	60
132	72
133	83
134	76
135	112
136	86
137	75
138	74
139	77
140	115
141	110
142	109
143	115
144	34
145	57
146	95
147	91
148	87
149	53
150	99
151	129
152	120
153	93
154	83
155	105
156	66
157	91
158	140
159	76
160	53
161	82
162	98
163	82
164	116
165	108
166	147
167	95
168	81
169	78
170	72
171	113
172	83
173	60
174	70
175	97
176	64
177	61
178	94
179	68
180	84
181	104
182	109
183	80
184	110
185	103
186	110
187	75
188	108
189	109
190	103
191	101
192	75
193	83
194	45
195	71
196	72
197	75
198	178
199	171
200	82
201	81
202	89
203	51
204	105
205	87
206	54
207	54
208	122
209	127
210	105
211	91
212	67
213	98
214	100
215	72
216	83
217	112
218	269
219	191
220	110
221	104
222	64
223	80
224	69
225	62
226	67
227	106
228	79
229	81
230	97
231	104
232	66
233	78
234	84
235	106
236	81
237	82
238	82
239	88
240	78
241	40
242	54
243	87
244	40
245	82
246	84
247	54
248	47
249	124
250	117
251	108
252	56
253	88
254	83
255	70
256	88
257	60
258	72
259	80
260	50
261	107
262	81
263	124
264	91
265	83
266	87
267	74
268	67
269	89
270	117
271	138
272	87
273	88
274	61
275	87
276	87
277	78
278	112
279	99
280	67
281	73
282	58
283	66
284	80
285	86
286	58
287	106
288	50
289	91
290	53
291	85
292	116
293	78
294	92
295	77
296	60
297	86
298	102
299	95
300	164
301	160
302	91
303	80
304	71
305	84
306	85
307	74
308	75
309	92
310	66
311	78
312	95
313	69
314	70
315	84
316	83
317	103
318	88
319	92
320	140
321	130
322	93
323	72
324	60
325	187
326	88
327	104
328	92
329	39
330	97
331	64
332	96
333	75
334	70
335	70
336	113
337	75
338	83
339	94
340	87
341	82
342	78
343	57
344	58
345	64
346	97
347	78
348	71
349	86
350	113
351	200
352	148
353	86
354	82
355	83
356	82
357	64
358	79
359	79
360	49
361	53
362	66
363	108
364	89
365	82
366	144
367	78
368	96
369	59
370	64
371	74
372	78
373	65
374	102
375	127
376	65
377	119
378	93
379	90
380	93
381	55
382	83
383	86
384	84
385	68
386	65
387	78
388	68
389	82
390	52
391	96
392	65
393	45
394	65
395	62
396	76
397	91
398	100
399	92
400	147
401	154
402	97
403	62
404	74
405	87
406	70
407	115
408	113
409	66
410	80
411	113
412	64
413	74
414	87
415	97
416	60
417	88
418	101
419	73
420	87
421	82
422	112
423	163
424	126
425	231
426	128
427	100
428	117
429	108
430	99
431	75
432	89
433	115
434	108
435	115
436	92
437	75
438	88
439	106
440	68
441	94
442	126
443	78
444	61
445	76
446	112
447	95
448	100
449	81
450	106
451	128
452	113
453	59
454	108
455	77
456	80
457	108
458	140
459	139
460	111
461	94
462	69
463	87
464	122
465	143
466	82
467	74
468	109
469	140
470	72
471	80
472	95
473	94
474	99
475	116
476	61
477	109
478	74
479	81
480	110
481	69
482	103
483	102
484	116
485	142
486	191
487	107
488	74
489	72
490	62
491	86
492	120
493	99
494	70
495	64
496	134
497	64
498	87
499	112
500	108
501	85
502	76
503	83
504	85
505	102
506	102
507	48
508	94
509	87
510	128
511	90
512	83
513	93
514	75
515	100
516	68
517	99
518	85
519	94
520	84
521	91
522	83
523	73
524	60
525	91
526	77
527	74
528	125
529	109
530	85
531	66
532	51
533	86
534	110
535	91
536	67
537	77
538	78
539	133
540	66
541	74
542	118
543	90
544	83
545	127
546	130
547	100
548	108
549	93
550	80
551	74
552	81
553	96
554	116
555	96
556	95
557	115
558	159
559	104
560	98
561	94
562	88
563	77
564	110
565	108
566	106
567	81
568	112
569	77
570	106
571	80
572	146
573	227
574	96
575	129
576	154
577	116
578	108
579	86
580	142
581	62
582	105
583	76
584	153
585	103
586	106
587	73
588	57
589	56
590	118
591	127
592	96
593	100
594	134
595	136
596	127
597	197
598	272
599	191
600	241
601	105
602	113
603	197
604	191
605	124
606	133
607	103
608	171
609	156
610	110
611	174
612	114
613	92
614	185
615	130
616	146
617	181
618	164
619	116
620	93
621	92
622	88
623	100
624	104
625	96
626	76
627	119
628	101
629	154
630	135
631	120
632	71
633	77
634	69
635	80
636	95
637	83
638	87
639	85
640	96
641	106
642	78
643	103
644	81
645	130
646	77
647	78
648	104
649	112
650	73
651	97
652	123
653	121
654	88
655	95
656	116
657	92
658	60
659	113
660	115
661	111
662	108
663	110
664	83
665	74
666	120
667	76
668	158
669	158
670	152
671	86
672	90
673	82
674	123
675	77
676	112
677	126
678	318
679	252
680	158
681	98
682	103
683	57
684	114
685	118
686	152
687	108
688	93
689	85
690	74
691	109
692	90
693	110
694	121
695	121
696	103
697	105
698	77
699	86
700	95
701	134
702	83
703	129
704	89
705	89
706	82
707	173
708	95
709	120
710	108
711	102
712	125
713	109
714	88
715	88
716	109
717	91
718	90
719	72
720	50
721	59
722	117
723	41
724	104
725	101
726	112
727	83
728	111
729	103
730	192
731	107
732	126
733	69
734	96
735	144
736	106
737	55
738	147
739	80
740	64
741	100
742	80
743	100
744	98
745	94
746	82
747	73
748	95
749	113
750	103
751	101
752	219
753	152
754	144
755	83
756	77
757	120
758	125
759	50
760	83
761	109
762	93
763	87
764	127
765	147
766	76
767	87
768	137
769	91
770	166
771	107
772	104
773	113
774	125
775	105
776	105
777	89
778	99
779	121
780	112
781	181
782	174
783	121
784	69
785	82
786	111
787	113
788	85
789	95
790	87
791	133
792	139
793	81
794	131
795	118
796	92
797	101
798	87
799	92
800	94
801	95
802	132
803	84
804	115
805	112
806	120
807	146
808	71
809	110
810	120
811	120
812	118
813	120
814	149
815	110
816	74
817	108
818	83
819	129
820	116
821	112
822	87
823	172
824	131
825	77
826	113
827	121
828	100
829	89
830	107
831	120
832	114
833	82
834	103
835	112
836	127
837	85
838	97
839	84
840	89
841	117
842	157
843	126
844	125
845	106
846	141
847	97
848	111
849	119
850	97
851	223
852	143
853	125
854	75
855	137
856	91
857	117
858	149
859	101
860	131
861	122
862	89
863	113
864	114
865	90
866	142
867	109
868	88
869	109
870	95
871	118
872	106
873	111
874	161
875	130
876	83
877	139
878	112
879	101
880	89
881	137
882	103
883	99
884	136
885	123
886	55
887	112
888	117
889	123
890	148
891	77
892	98
893	104
894	127
895	92
896	82
897	125
898	107
899	104
900	114
901	132
902	106
903	107
904	126
905	117
906	133
907	101
908	128
909	98
910	131
911	100
912	107
913	108
914	57
915	143
916	94
917	89
918	126
919	107
920	123
921	163
922	111
923	80
924	106
925	139
926	115
927	158
928	269
929	350
930	81
931	88
932	90
933	111
934	107
935	89
936	123
937	127
938	105
939	120
940	128
941	131
942	82
943	172
944	166
945	151
946	151
947	159
948	74
949	85
950	111
951	243
952	477
953	323
954	130
955	143
956	114
957	105
958	121
959	212
960	211
961	190
962	114
963	121
964	174
965	207
966	181
967	129
968	135
969	158
970	212
971	140
972	127
973	96
974	94
975	89
976	113
977	105
978	137
979	136
980	103
981	81
982	119
983	78
984	129
985	112
986	119
987	117
988	116
989	178
990	122
991	131
992	69
993	114
994	138
995	163
996	169
997	148
998	153
999	152
1000	137
1001	129
1002	87
1003	158
1004	127
1005	86
1006	85
1007	145
1008	166
1009	172
1010	112
1011	152
1012	104
1013	101
1014	128
1015	146
1016	132
1017	116
1018	125
1019	125
1020	85
1021	186
1022	92
1023	128
1024	107
1025	119
1026	134
1027	139
1028	106
1029	106
1030	129
1031	130
1032	129
1033	147
1034	103
1035	121
1036	109
1037	155
1038	156
1039	212
1040	170
1041	205
1042	148
1043	143
1044	144
1045	107
1046	89
1047	138
1048	135
1049	134
1050	134
1051	147
1052	132
1053	115
1054	99
1055	106
1056	133
1057	148
1058	144
1059	130
1060	120
1061	87
1062	163
1063	149
1064	120
1065	96
1066	134
1067	156
1068	114
1069	120
1070	118
1071	134
1072	154
1073	88
1074	121
1075	122
1076	125
1077	123
1078	106
1079	152
1080	168
1081	148
1082	161
1083	107
1084	133
1085	127
1086	126
1087	116
1088	213
1089	208
1090	152
1091	348
1092	173
1093	278
1094	327
1095	149
1096	140
1097	189
1098	253
1099	179
1100	248
1101	180
1102	173
1103	289
1104	149
1105	171
1106	190
1107	203
1108	167
1109	250
1110	560
1111	272
1112	183
1113	223
1114	544
1115	281
1116	206
1117	166
1118	503
1119	222
1120	156
1121	207
1122	101
1123	165
1124	278
1125	564
1126	251
1127	249
1128	310
1129	313
1130	434
1131	240
1132	376
1133	530
1134	692
1135	589
1136	892
1137	836
1138	392
1139	271
1140	351
1141	614
1142	644
1143	579
1144	763
1145	671
1146	1053
1147	810
1148	1281
1149	1537
1150	1096
1151	1350
1152	1346
1153	1352
1154	1795
1155	2425
1156	1416
1157	1165
1158	1143
1159	1393
1160	1104
1161	1430
1162	1234
1163	955
1164	956
1165	1042
1166	1048
1167	1036
1168	1363
1169	1451
1170	1435
1171	1546
1172	1922
1173	2230
1174	2171
1175	2462
1176	2166
1177	1286
1178	1349
1179	474
1180	416
1181	524
1182	667
1183	844
1184	571
1185	520
1186	309
1187	429
1188	315
1189	437
1190	397
1191	406
1192	253
1193	422
1194	539
1195	416
1196	437
1197	424
1198	350
1199	680
1200	849
1201	677
1202	422
1203	388
1204	581
1205	415
1206	482
1207	622
1208	538
1209	466
1210	389
1211	398
1212	463
1213	387
1214	302
1215	438
1216	690
1217	530
1218	351
1219	309
1220	411
1221	377
1222	480
1223	656
1224	592
1225	629
1226	320
1227	268
1228	410
1229	345
1230	259
1231	293
1232	128
1233	236
1234	440
1235	692
1236	542
1237	545
1238	359
1239	569
1240	599
1241	667
1242	810
1243	652
1244	661
1245	312
1246	155
1247	133
1248	259
1249	258
1250	273
1251	136
1252	206
1253	235
1254	139
1255	93
1256	170
1257	263
1258	319
1259	159
1260	112
1261	115
1262	132
1263	144
1264	248
1265	210
1266	202
1267	151
1268	265
1269	163
1270	256
1271	180
1272	172
1273	252
1274	353
1275	318
1276	151
1277	116
1278	215
1279	140
1280	162
1281	163
1282	179
1283	145
1284	165
1285	125
1286	155
1287	234
1288	172
1289	113
1290	165
1291	159
1292	165
1293	234
1294	450
1295	192
1296	109
1297	115
1298	138
1299	122
1300	137
1301	131
1302	189
1303	235
1304	129
1305	196
1306	124
1307	115
1308	121
1309	146
1310	101
1311	133
1312	167
1313	136
1314	112
1315	150
1316	177
1317	177
1318	262
1319	144
1320	193
1321	163
1322	205
1323	209
1324	187
1325	200
1326	150
1327	118
1328	181
1329	130
1330	130
1331	148
1332	208
1333	163
1334	173
1335	136
1336	144
1337	162
1338	116
1339	150
1340	172
1341	185
1342	106
1343	152
1344	174
1345	133
1346	99
1347	120
1348	151
1349	102
1350	144
1351	165
1352	151
1353	178
1354	186
1355	158
1356	108
1357	147
1358	196
1359	182
1360	187
1361	138
1362	97
1363	121
1364	161
1365	183
1366	173
1367	140
1368	199
1369	187
1370	152
1371	168
1372	136
1373	144
1374	115
1375	150
1376	121
1377	118
1378	164
1379	130
1380	169
1381	151
1382	131
1383	156
1384	114
1385	131
1386	123
1387	106
1388	134
1389	123
1390	143
1391	163
1392	167
1393	130
1394	141
1395	120
1396	141
1397	134
1398	165
1399	142
1400	129
1401	109
1402	190
1403	135
1404	135
1405	130
1406	103
1407	203
1408	154
1409	115
1410	134
1411	106
1412	118
1413	159
1414	141
1415	128
1416	145
1417	179
1418	135
1419	151
1420	107
1421	163
1422	118
1423	145
1424	115
1425	144
1426	154
1427	137
1428	171
1429	145
1430	167
1431	166
1432	152
1433	124
1434	118
1435	167
1436	106
1437	122
1438	119
1439	121
1440	129
1441	157
1442	134
1443	146
1444	163
1445	106
1446	102
1447	157
1448	135
1449	169
1450	135
1451	182
1452	99
1453	141
1454	106
1455	142
1456	176
1457	178
1458	161
1459	197
1460	183
1461	177
1462	147
1463	126
1464	155
1465	138
1466	161
1467	166
1468	140
1469	148
1470	83
1471	123
1472	141
1473	118
1474	161
1475	120
1476	155
1477	90
1478	180
1479	119
1480	133
1481	163
1482	213
1483	176
1484	150
1485	115
1486	150
1487	100
1488	107
1489	122
1490	123
1491	115
1492	145
1493	118
1494	124
1495	101
1496	111
1497	194
1498	144
1499	292
1500	157
1501	102
1502	130
1503	177
1504	157
1505	123
1506	108
1507	136
1508	184
1509	174
1510	110
1511	159
1512	115
1513	132
1514	149
1515	151
1516	144
1517	188
1518	154
1519	132
1520	156
1521	118
1522	136
1523	192
1524	166
1525	176
1526	146
1527	134
1528	146
1529	138
1530	131
1531	146
1532	130
1533	128
1534	117
1535	110
1536	177
1537	134
1538	149
1539	172
1540	133
1541	129
1542	139
1543	154
1544	170
1545	153
1546	161
1547	140
1548	99
1549	128
1550	183
1551	109
1552	117
1553	153
1554	153
1555	214
1556	181
1557	113
1558	175
1559	156
1560	176
1561	123
1562	95
1563	105
1564	158
1565	140
1566	132
1567	135
1568	157
1569	242
1570	166
1571	170
1572	176
1573	164
1574	142
1575	171
1576	164
1577	153
1578	180
1579	213
1580	75
1581	122
1582	168
1583	165
1584	147
1585	154
1586	115
1587	174
1588	120
1589	174
1590	124
1591	152
1592	214
1593	252
1594	223
1595	158
1596	152
1597	149
1598	186
1599	188
1600	156
1601	155
1602	174
1603	164
1604	167
1605	137
1606	132
1607	202
1608	224
1609	145
1610	105
1611	176
1612	132
1613	205
1614	145
1615	138
1616	187
1617	169
1618	131
1619	129
1620	152
1621	152
1622	169
1623	105
1624	173
1625	167
1626	139
1627	190
1628	149
1629	111
1630	168
1631	181
1632	168
1633	178
1634	127
1635	216
1636	136
1637	153
1638	183
1639	148
1640	148
1641	156
1642	152
1643	139
1644	162
1645	115
1646	152
1647	210
1648	168
1649	171
1650	136
1651	118
1652	114
1653	141
1654	114
1655	146
1656	190
1657	153
1658	241
1659	118
1660	199
1661	132
1662	107
1663	108
1664	172
1665	152
1666	175
1667	211
1668	191
1669	191
1670	192
1671	144
1672	159
1673	147
1674	168
1675	141
1676	158
1677	178
1678	142
1679	182
1680	204
1681	196
1682	144
1683	228
1684	250
1685	208
1686	100
1687	142
1688	148
1689	138
1690	152
1691	242
1692	171
1693	217
1694	174
1695	184
1696	255
1697	116
1698	173
1699	108
1700	152
1701	148
1702	226
1703	212
1704	180
1705	142
1706	163
1707	202
1708	189
1709	150
1710	149
1711	121
1712	155
1713	132
1714	141
1715	141
1716	215
1717	148
1718	171
1719	184
1720	173
1721	191
1722	147
1723	188
1724	100
1725	198
1726	110
1727	174
1728	172
1729	156
1730	179
1731	236
1732	132
1733	145
1734	155
1735	174
1736	139
1737	107
1738	134
1739	196
1740	183
1741	117
1742	219
1743	121
1744	154
1745	142
1746	154
1747	155
1748	171
1749	193
1750	140
1751	186
1752	173
1753	156
1754	182
1755	203
1756	132
1757	140
1758	153
1759	179
1760	186
1761	176
1762	139
1763	181
1764	156
1765	169
1766	145
1767	159
1768	137
1769	184
1770	150
1771	140
1772	143
1773	180
1774	177
1775	203
1776	195
1777	170
1778	190
1779	135
1780	135
1781	182
1782	168
1783	192
1784	155
1785	130
1786	159
1787	136
1788	147
1789	154
1790	158
1791	227
1792	205
1793	207
1794	173
1795	202
1796	168
1797	154
1798	216
1799	174
1800	193
1801	126
1802	179
1803	159
1804	150
1805	161
1806	149
1807	161
1808	167
1809	143
1810	123
1811	148
1812	165
1813	126
1814	190
1815	169
1816	148
1817	188
1818	190
1819	262
1820	226
1821	192
1822	154
1823	198
1824	158
1825	193
1826	186
1827	210
1828	226
1829	210
1830	162
1831	202
1832	162
1833	242
1834	138
1835	169
1836	174
1837	136
1838	165
1839	204
1840	163
1841	163
1842	211
1843	178
1844	157
1845	210
1846	161
1847	135
1848	162
1849	222
1850	199
1851	214
1852	164
1853	172
1854	219
1855	187
1856	195
1857	185
1858	287
1859	216
1860	260
1861	167
1862	151
1863	126
1864	137
1865	161
1866	151
1867	268
1868	194
1869	246
1870	235
1871	232
1872	135
1873	200
1874	152
1875	202
1876	207
1877	190
1878	173
1879	183
1880	168
1881	204
1882	169
1883	142
1884	140
1885	209
1886	110
1887	155
1888	219
1889	167
1890	215
1891	184
1892	219
1893	138
1894	187
1895	160
1896	247
1897	255
1898	256
1899	223
1900	188
1901	212
1902	178
1903	199
1904	199
1905	210
1906	211
1907	178
1908	187
1909	209
1910	170
1911	128
1912	149
1913	207
1914	183
1915	200
1916	166
1917	191
1918	292
1919	235
1920	207
1921	194
1922	250
1923	187
1924	194
1925	278
1926	174
1927	211
1928	202
1929	207
1930	177
1931	196
1932	256
1933	180
1934	183
1935	254
1936	224
1937	202
1938	177
1939	275
1940	173
1941	233
1942	148
1943	196
1944	192
1945	221
1946	235
1947	260
1948	230
1949	190
1950	209
1951	181
1952	201
1953	193
1954	168
1955	234
1956	255
1957	179
1958	183
1959	213
1960	159
1961	185
1962	169
1963	233
1964	223
1965	207
1966	211
1967	244
1968	184
1969	184
1970	291
1971	196
1972	244
1973	259
1974	232
1975	286
1976	186
1977	218
1978	183
1979	128
1980	199
1981	139
1982	244
1983	184
1984	125
1985	175
1986	186
1987	197
1988	248
1989	128
1990	232
1991	206
1992	243
1993	221
1994	247
1995	293
1996	303
1997	431
1998	215
1999	234
2000	191
2001	374
2002	342
2003	221
2004	260
2005	190
2006	203
2007	265
2008	174
2009	390
2010	257
2011	203
2012	261
2013	147
2014	192
2015	214
2016	185
2017	239
2018	151
2019	191
2020	166
2021	176
2022	149
2023	170
2024	192
2025	189
2026	119
2027	159
2028	161
2029	189
2030	150
2031	176
2032	99
2033	113
2034	153
2035	160
2036	142
2037	164
2038	165
2039	123
2040	143
2041	209
2042	145
2043	179
2044	330
2045	175
2046	72
2047	77
