Instrument: Andor
X Size: 2048
Y Size: 64
Total Flux: 0.000
Total Counts: 304358
Background: 315.000000
Curvature: 0.0
Clipped to ROI: No
ROI: 1309 526 2539 1627
X	Counts
0	79
1	107
2	95
3	83
4	78
5	85
6	75
7	71
8	74
9	67
10	76
11	85
12	96
13	33
14	72
15	66
16	104
17	146
18	99
19	63
20	109
21	67
22	91
23	87
24	91
25	73
26	44
27	104
28	43
29	83
30	71
31	62
32	79
33	121
34	116
35	79
36	48
37	109
38	118
39	90
40	96
41	90
42	70
43	87
44	117
45	83
46	56
47	66
48	113
49	89
50	75
51	85
52	62
53	106
54	78
55	95
56	73
57	53
58	76
59	101
60	76
61	98
62	99
63	58
64	81
65	59
66	80
67	93
68	91
69	101
70	73
71	89
72	88
73	77
74	96
75	76
76	85
77	74
78	65
79	88
80	96
81	95
82	87
83	126
84	113
85	87
86	66
87	54
88	40
89	64
90	91
91	131
92	110
93	115
94	96
95	89
96	91
97	65
98	110
99	80
100	97
101	99
102	68
103	72
104	68
105	89
106	86
107	57
108	90
109	95
110	49
111	75
112	98
113	94
114	93
115	60
116	107
117	73
118	78
119	91
120	184
121	95
122	82
123	71
124	78
125	67
126	53
127	75
128	72
129	89
130	67
131	102
132	86
133	98
134	114
135	86
136	74
137	102
138	108
139	165
140	131
141	93
142	73
143	48
144	96
145	65
146	115
147	107
148	92
149	91
150	88
151	86
152	99
153	67
154	86
155	91
156	86
157	78
158	86
159	96
160	93
161	104
162	85
163	93
164	83
165	61
166	88
167	88
168	102
169	89
170	94
171	87
172	82
173	79
174	117
175	80
176	67
177	82
178	62
179	96
180	85
181	85
182	56
183	74
184	109
185	104
186	84
187	85
188	99
189	99
190	96
191	118
192	79
193	81
194	93
195	70
196	72
197	77
198	52
199	87
200	91
201	81
202	142
203	102
204	73
205	99
206	116
207	119
208	99
209	81
210	86
211	92
212	68
213	48
214	62
215	90
216	80
217	112
218	70
219	71
220	73
221	110
222	66
223	83
224	83
225	55
226	67
227	91
228	50
229	86
230	113
231	70
232	76
233	92
234	83
235	113
236	68
237	66
238	84
239	57
240	73
241	80
242	79
243	71
244	75
245	82
246	94
247	67
248	81
249	53
250	83
251	87
252	89
253	86
254	79
255	78
256	64
257	78
258	91
259	101
260	119
261	129
262	88
263	50
264	63
265	100
266	71
267	75
268	129
269	106
270	121
271	87
272	90
273	79
274	68
275	72
276	66
277	65
278	115
279	66
280	58
281	73
282	77
283	74
284	73
285	91
286	51
287	90
288	51
289	87
290	60
291	54
292	77
293	112
294	73
295	83
296	89
297	73
298	75
299	31
300	84
301	67
302	96
303	112
304	148
305	74
306	94
307	62
308	56
309	116
310	83
311	100
312	79
313	90
314	71
315	73
316	65
317	84
318	111
319	78
320	74
321	53
322	70
323	103
324	118
325	75
326	59
327	74
328	75
329	71
330	84
331	61
332	86
333	90
334	69
335	78
336	79
337	64
338	87
339	93
340	67
341	106
342	80
343	82
344	82
345	82
346	74
347	73
348	62
349	87
350	51
351	137
352	83
353	93
354	89
355	47
356	122
357	68
358	85
359	98
360	66
361	110
362	106
363	101
364	77
365	102
366	73
367	72
368	57
369	84
370	83
371	72
372	72
373	85
374	80
375	84
376	114
377	78
378	111
379	101
380	84
381	89
382	79
383	85
384	74
385	104
386	58
387	128
388	98
389	63
390	69
391	80
392	47
393	74
394	73
395	66
396	97
397	83
398	112
399	88
400	68
401	101
402	96
403	90
404	82
405	72
406	82
407	85
408	82
409	85
410	96
411	84
412	105
413	86
414	85
415	64
416	95
417	74
418	77
419	88
420	76
421	90
422	58
423	72
424	100
425	86
426	55
427	114
428	72
429	70
430	74
431	66
432	65
433	106
434	113
435	71
436	92
437	63
438	83
439	117
440	92
441	98
442	67
443	57
444	78
445	88
446	93
447	83
448	146
449	77
450	74
451	144
452	111
453	59
454	91
455	90
456	89
457	78
458	114
459	119
460	77
461	123
462	70
463	110
464	77
465	103
466	110
467	97
468	47
469	77
470	67
471	102
472	97
473	85
474	59
475	53
476	80
477	88
478	88
479	88
480	106
481	117
482	68
483	105
484	90
485	102
486	98
487	122
488	134
489	101
490	62
491	127
492	99
493	90
494	86
495	116
496	94
497	70
498	87
499	79
500	68
501	96
502	59
503	75
504	121
505	93
506	101
507	87
508	93
509	106
510	92
511	118
512	89
513	147
514	112
515	62
516	79
517	90
518	92
519	100
520	84
521	59
522	119
523	110
524	88
525	111
526	127
527	80
528	65
529	99
530	93
531	85
532	103
533	100
534	111
535	97
536	123
537	83
538	98
539	99
540	71
541	96
542	102
543	83
544	82
545	75
546	86
547	65
548	139
549	86
550	81
551	83
552	88
553	107
554	98
555	76
556	93
557	94
558	90
559	76
560	117
561	122
562	112
563	126
564	119
565	72
566	100
567	117
568	96
569	87
570	142
571	88
572	97
573	95
574	111
575	84
576	147
577	78
578	65
579	63
580	140
581	117
582	87
583	98
584	108
585	90
586	71
587	116
588	55
589	72
590	112
591	92
592	125
593	86
594	106
595	71
596	79
597	105
598	51
599	93
600	166
601	104
602	114
603	108
604	117
605	112
606	123
607	55
608	70
609	109
610	75
611	120
612	78
613	82
614	94
615	45
616	101
617	143
618	142
619	134
620	98
621	86
622	102
623	113
624	75
625	106
626	107
627	82
628	88
629	95
630	102
631	82
632	89
633	112
634	97
635	90
636	90
637	66
638	93
639	120
640	93
641	91
642	114
643	106
644	160
645	124
646	108
647	180
648	204
649	125
650	87
651	84
652	78
653	96
654	88
655	112
656	91
657	125
658	82
659	127
660	75
661	79
662	82
663	61
664	105
665	105
666	107
667	78
668	59
669	109
670	101
671	102
672	136
673	93
674	125
675	114
676	128
677	77
678	133
679	94
680	105
681	111
682	79
683	87
684	104
685	108
686	133
687	100
688	100
689	88
690	111
691	85
692	98
693	98
694	78
695	84
696	89
697	73
698	115
699	107
700	79
701	100
702	94
703	98
704	133
705	145
706	66
707	102
708	133
709	95
710	93
711	81
712	83
713	85
714	69
715	121
716	133
717	82
718	78
719	60
720	98
721	107
722	89
723	78
724	86
725	129
726	119
727	81
728	83
729	88
730	109
731	84
732	99
733	90
734	163
735	109
736	79
737	81
738	102
739	109
740	95
741	81
742	160
743	131
744	130
745	108
746	75
747	111
748	94
749	97
750	113
751	76
752	87
753	89
754	135
755	78
756	73
757	102
758	113
759	99
760	76
761	122
762	75
763	122
764	102
765	68
766	79
767	118
768	141
769	114
770	111
771	109
772	119
773	99
774	104
775	97
776	113
777	111
778	90
779	112
780	135
781	143
782	45
783	83
784	140
785	95
786	133
787	127
788	118
789	92
790	119
791	96
792	78
793	88
794	67
795	101
796	100
797	104
798	88
799	102
800	102
801	105
802	104
803	109
804	75
805	109
806	118
807	149
808	83
809	145
810	138
811	135
812	87
813	112
814	150
815	105
816	122
817	77
818	101
819	112
820	76
821	89
822	79
823	113
824	71
825	83
826	140
827	98
828	87
829	132
830	113
831	118
832	138
833	101
834	135
835	114
836	101
837	75
838	142
839	102
840	84
841	131
842	168
843	117
844	115
845	69
846	95
847	105
848	134
849	151
850	118
851	142
852	103
853	170
854	114
855	89
856	121
857	112
858	89
859	96
860	90
861	83
862	171
863	119
864	102
865	130
866	111
867	158
868	70
869	164
870	89
871	116
872	98
873	89
874	114
875	122
876	127
877	107
878	100
879	118
880	122
881	109
882	110
883	159
884	108
885	90
886	99
887	104
888	116
889	114
890	103
891	155
892	113
893	125
894	145
895	119
896	117
897	109
898	83
899	121
900	146
901	88
902	144
903	154
904	150
905	116
906	122
907	92
908	104
909	124
910	103
911	95
912	105
913	121
914	163
915	182
916	127
917	147
918	125
919	103
920	115
921	107
922	95
923	94
924	67
925	128
926	91
927	122
928	101
929	85
930	77
931	94
932	116
933	89
934	171
935	117
936	158
937	144
938	154
939	98
940	139
941	142
942	148
943	100
944	162
945	152
946	92
947	109
948	108
949	116
950	144
951	174
952	118
953	116
954	129
955	94
956	140
957	89
958	113
959	124
960	96
961	123
962	103
963	89
964	143
965	125
966	145
967	106
968	117
969	102
970	178
971	138
972	87
973	112
974	121
975	110
976	116
977	90
978	121
979	126
980	111
981	118
982	119
983	118
984	109
985	109
986	132
987	124
988	105
989	116
990	107
991	118
992	106
993	93
994	146
995	140
996	132
997	118
998	112
999	124
1000	129
1001	154
1002	122
1003	106
1004	103
1005	122
1006	90
1007	153
1008	139
1009	115
1010	89
1011	122
1012	145
1013	126
1014	134
1015	93
1016	103
1017	152
1018	122
1019	112
1020	134
1021	139
1022	115
1023	99
1024	94
1025	102
1026	109
1027	124
1028	182
1029	164
1030	102
1031	137
1032	146
1033	105
1034	107
1035	126
1036	128
1037	145
1038	128
1039	149
1040	143
1041	142
1042	119
1043	122
1044	94
1045	96
1046	148
1047	241
1048	118
1049	127
1050	109
1051	207
1052	130
1053	141
1054	120
1055	140
1056	177
1057	142
1058	118
1059	97
1060	156
1061	131
1062	124
1063	156
1064	154
1065	172
1066	116
1067	125
1068	106
1069	105
1070	120
1071	136
1072	147
1073	111
1074	104
1075	127
1076	120
1077	123
1078	113
1079	143
1080	88
1081	147
1082	156
1083	83
1084	134
1085	114
1086	139
1087	117
1088	151
1089	143
1090	123
1091	154
1092	143
1093	208
1094	157
1095	171
1096	159
1097	80
1098	152
1099	126
1100	147
1101	230
1102	255
1103	219
1104	169
1105	150
1106	140
1107	142
1108	185
1109	219
1110	212
1111	252
1112	198
1113	219
1114	157
1115	134
1116	125
1117	205
1118	240
1119	134
1120	158
1121	186
1122	147
1123	212
1124	165
1125	95
1126	164
1127	191
1128	340
1129	232
1130	115
1131	136
1132	208
1133	371
1134	367
1135	202
1136	332
1137	254
1138	146
1139	173
1140	115
1141	190
1142	200
1143	548
1144	1165
1145	1226
1146	1470
1147	1524
1148	1616
1149	1697
1150	1275
1151	870
1152	946
1153	544
1154	194
1155	186
1156	150
1157	207
1158	255
1159	331
1160	404
1161	289
1162	364
1163	378
1164	274
1165	329
1166	282
1167	236
1168	134
1169	108
1170	226
1171	261
1172	195
1173	516
1174	362
1175	600
1176	600
1177	445
1178	537
1179	480
1180	559
1181	261
1182	234
1183	233
1184	314
1185	310
1186	242
1187	277
1188	480
1189	466
1190	362
1191	344
1192	360
1193	710
1194	449
1195	273
1196	430
1197	492
1198	412
1199	453
1200	389
1201	312
1202	444
1203	512
1204	364
1205	660
1206	488
1207	623
1208	773
1209	739
1210	847
1211	574
1212	570
1213	500
1214	555
1215	715
1216	557
1217	487
1218	399
1219	506
1220	371
1221	180
1222	509
1223	591
1224	625
1225	502
1226	422
1227	614
1228	704
1229	563
1230	515
1231	453
1232	389
1233	182
1234	251
1235	444
1236	535
1237	255
1238	232
1239	158
1240	170
1241	271
1242	297
1243	203
1244	523
1245	447
1246	244
1247	149
1248	203
1249	516
1250	259
1251	157
1252	212
1253	145
1254	242
1255	271
1256	216
1257	162
1258	128
1259	138
1260	136
1261	158
1262	217
1263	139
1264	237
1265	190
1266	310
1267	275
1268	174
1269	124
1270	190
1271	236
1272	425
1273	196
1274	150
1275	290
1276	160
1277	193
1278	237
1279	188
1280	249
1281	201
1282	263
1283	231
1284	346
1285	159
1286	131
1287	136
1288	153
1289	169
1290	139
1291	168
1292	136
1293	119
1294	136
1295	150
1296	123
1297	101
1298	118
1299	157
1300	144
1301	172
1302	182
1303	210
1304	123
1305	100
1306	114
1307	128
1308	127
1309	134
1310	181
1311	122
1312	105
1313	148
1314	130
1315	107
1316	177
1317	163
1318	204
1319	118
1320	197
1321	151
1322	140
1323	141
1324	134
1325	205
1326	149
1327	118
1328	144
1329	131
1330	109
1331	204
1332	212
1333	144
1334	155
1335	157
1336	140
1337	156
1338	145
1339	190
1340	166
1341	196
1342	163
1343	160
1344	122
1345	129
1346	119
1347	135
1348	184
1349	96
1350	167
1351	124
1352	187
1353	116
1354	83
1355	130
1356	129
1357	144
1358	114
1359	229
1360	236
1361	173
1362	116
1363	150
1364	140
1365	109
1366	140
1367	131
1368	183
1369	139
1370	138
1371	128
1372	139
1373	151
1374	132
1375	170
1376	148
1377	99
1378	132
1379	88
1380	143
1381	143
1382	133
1383	133
1384	88
1385	129
1386	117
1387	106
1388	110
1389	124
1390	146
1391	126
1392	164
1393	111
1394	178
1395	267
1396	204
1397	172
1398	133
1399	160
1400	110
1401	138
1402	170
1403	124
1404	107
1405	119
1406	117
1407	161
1408	187
1409	214
1410	176
1411	107
1412	137
1413	130
1414	131
1415	113
1416	132
1417	106
1418	142
1419	170
1420	106
1421	103
1422	114
1423	132
1424	184
1425	154
1426	147
1427	158
1428	112
1429	174
1430	99
1431	164
1432	170
1433	132
1434	136
1435	157
1436	123
1437	169
1438	127
1439	160
1440	103
1441	108
1442	115
1443	146
1444	178
1445	85
1446	137
1447	143
1448	142
1449	126
1450	177
1451	194
1452	111
1453	96
1454	155
1455	135
1456	126
1457	144
1458	146
1459	154
1460	159
1461	157
1462	118
1463	136
1464	165
1465	209
1466	375
1467	199
1468	137
1469	164
1470	166
1471	145
1472	149
1473	143
1474	136
1475	152
1476	120
1477	104
1478	139
1479	160
1480	113
1481	153
1482	113
1483	193
1484	159
1485	105
1486	167
1487	123
1488	156
1489	127
1490	133
1491	149
1492	141
1493	165
1494	165
1495	179
1496	114
1497	168
1498	157
1499	174
1500	169
1501	190
1502	167
1503	162
1504	142
1505	123
1506	122
1507	157
1508	147
1509	183
1510	127
1511	181
1512	124
1513	107
1514	161
1515	138
1516	143
1517	171
1518	163
1519	174
1520	214
1521	119
1522	155
1523	125
1524	141
1525	111
1526	127
1527	118
1528	110
1529	111
1530	154
1531	179
1532	147
1533	93
1534	118
1535	178
1536	133
1537	140
1538	160
1539	144
1540	116
1541	123
1542	131
1543	171
1544	139
1545	150
1546	175
1547	149
1548	132
1549	125
1550	165
1551	135
1552	131
1553	147
1554	185
1555	121
1556	140
1557	133
1558	225
1559	161
1560	167
1561	133
1562	113
1563	131
1564	139
1565	139
1566	195
1567	154
1568	152
1569	171
1570	134
1571	221
1572	141
1573	194
1574	165
1575	179
1576	161
1577	144
1578	170
1579	155
1580	110
1581	109
1582	206
1583	165
1584	156
1585	148
1586	142
1587	184
1588	141
1589	203
1590	133
1591	212
1592	173
1593	167
1594	147
1595	149
1596	178
1597	162
1598	175
1599	139
1600	154
1601	156
1602	131
1603	178
1604	152
1605	140
1606	146
1607	168
1608	173
1609	160
1610	194
1611	128
1612	122
1613	152
1614	142
1615	152
1616	172
1617	154
1618	201
1619	158
1620	132
1621	128
1622	163
1623	159
1624	150
1625	177
1626	144
1627	194
1628	202
1629	91
1630	146
1631	155
1632	156
1633	164
1634	169
1635	148
1636	121
1637	117
1638	205
1639	145
1640	202
1641	191
1642	176
1643	219
1644	102
1645	174
1646	211
1647	157
1648	104
1649	165
1650	160
1651	173
1652	146
1653	112
1654	158
1655	208
1656	186
1657	148
1658	177
1659	141
1660	175
1661	127
1662	169
1663	246
1664	191
1665	148
1666	149
1667	195
1668	164
1669	176
1670	149
1671	119
1672	164
1673	115
1674	111
1675	170
1676	182
1677	141
1678	131
1679	167
1680	176
1681	159
1682	163
1683	173
1684	203
1685	135
1686	147
1687	156
1688	119
1689	117
1690	139
1691	217
1692	156
1693	129
1694	142
1695	168
1696	238
1697	245
1698	213
1699	133
1700	170
1701	199
1702	165
1703	197
1704	164
1705	139
1706	139
1707	143
1708	168
1709	192
1710	151
1711	182
1712	159
1713	137
1714	170
1715	188
1716	256
1717	177
1718	129
1719	170
1720	157
1721	154
1722	140
1723	215
1724	86
1725	172
1726	184
1727	195
1728	134
1729	150
1730	191
1731	151
1732	161
1733	160
1734	164
1735	212
1736	143
1737	193
1738	142
1739	224
1740	213
1741	149
1742	197
1743	186
1744	145
1745	165
1746	230
1747	166
1748	197
1749	181
1750	176
1751	170
1752	161
1753	162
1754	159
1755	212
1756	187
1757	178
1758	200
1759	196
1760	206
1761	142
1762	213
1763	172
1764	186
1765	177
1766	207
1767	162
1768	143
1769	184
1770	141
1771	189
1772	171
1773	185
1774	234
1775	136
1776	179
1777	162
1778	170
1779	167
1780	194
1781	149
1782	164
1783	173
1784	194
1785	172
1786	195
1787	161
1788	152
1789	182
1790	197
1791	253
1792	191
1793	173
1794	195
1795	207
1796	222
1797	146
1798	193
1799	194
1800	150
1801	163
1802	174
1803	176
1804	140
1805	149
1806	227
1807	177
1808	178
1809	195
1810	264
1811	216
1812	198
1813	181
1814	213
1815	260
1816	190
1817	153
1818	178
1819	228
1820	216
1821	167
1822	155
1823	180
1824	153
1825	146
1826	157
1827	159
1828	159
1829	181
1830	127
1831	172
1832	184
1833	191
1834	137
1835	164
1836	222
1837	168
1838	146
1839	212
1840	166
1841	184
1842	148
1843	177
1844	184
1845	179
1846	197
1847	177
1848	221
1849	161
1850	191
1851	213
1852	405
1853	198
1854	193
1855	193
1856	186
1857	179
1858	183
1859	204
1860	210
1861	183
1862	200
1863	141
1864	163
1865	173
1866	135
1867	145
1868	185
1869	203
1870	173
1871	219
1872	135
1873	207
1874	171
1875	192
1876	147
1877	192
1878	217
1879	193
1880	190
1881	166
1882	191
1883	145
1884	224
1885	183
1886	133
1887	224
1888	198
1889	206
1890	212
1891	181
1892	252
1893	143
1894	210
1895	175
1896	230
1897	175
1898	244
1899	209
1900	257
1901	216
1902	185
1903	241
1904	139
1905	157
1906	188
1907	194
1908	181
1909	234
1910	196
1911	195
1912	206
1913	243
1914	231
1915	168
1916	198
1917	224
1918	222
1919	253
1920	178
1921	219
1922	206
1923	182
1924	188
1925	194
1926	197
1927	173
1928	204
1929	155
1930	306
1931	232
1932	225
1933	203
1934	176
1935	263
1936	216
1937	138
1938	150
1939	216
1940	199
1941	201
1942	161
1943	240
1944	183
1945	238
1946	234
1947	223
1948	192
1949	204
1950	252
1951	186
1952	202
1953	204
1954	217
1955	220
1956	204
1957	168
1958	189
1959	166
1960	231
1961	284
1962	195
1963	243
1964	196
1965	214
1966	212
1967	171
1968	200
1969	194
1970	217
1971	212
1972	171
1973	276
1974	184
1975	200
1976	228
1977	252
1978	182
1979	192
1980	227
1981	198
1982	227
1983	147
1984	171
1985	270
1986	273
1987	166
1988	215
1989	178
1990	202
1991	244
1992	211
1993	251
1994	190
1995	183
1996	194
1997	338
1998	332
1999	221
2000	218
2001	242
2002	184
2003	266
2004	223
2005	241
2006	223
2007	194
2008	189
2009	210
2010	240
2011	168
2012	253
2013	187
2014	208
2015	299
2016	218
2017	149
2018	147
2019	230
2020	175
2021	212
2022	273
2023	180
2024	192
2025	165
2026	136
2027	156
2028	240
2029	200
2030	216
2031	202
2032	124
2033	128
2034	150
2035	132
2036	96
2037	200
2038	242
2039	168
2040	135
2041	192
2042	132
2043	132
2044	215
2045	111
2046	97
2047	74
