Instrument: Andor
X Size: 2048
Y Size: 64
Total Flux: 0.000
Total Counts: 389240
Background: 314.000000
Curvature: 0.0
Clipped to ROI: No
ROI: 1309 526 2539 1627
X	Counts
0	129
1	106
2	100
3	90
4	126
5	91
6	121
7	115
8	134
9	140
10	84
11	117
12	153
13	114
14	117
15	99
16	114
17	125
18	131
19	86
20	88
21	76
22	90
23	112
24	105
25	110
26	91
27	105
28	154
29	146
30	102
31	105
32	91
33	131
34	114
35	122
36	78
37	111
38	118
39	111
40	115
41	106
42	108
43	129
44	132
45	108
46	97
47	107
48	99
49	97
50	114
51	124
52	93
53	131
54	99
55	106
56	92
57	144
58	118
59	140
60	84
61	113
62	116
63	106
64	117
65	96
66	112
67	69
68	100
69	102
70	127
71	133
72	94
73	74
74	124
75	126
76	158
77	131
78	129
79	111
80	133
81	126
82	89
83	131
84	119
85	81
86	80
87	73
88	104
89	114
90	99
91	99
92	81
93	105
94	138
95	105
96	85
97	70
98	133
99	118
100	114
101	96
102	121
103	91
104	101
105	122
106	118
107	108
108	98
109	104
110	119
111	106
112	104
113	154
114	120
115	98
116	109
117	106
118	102
119	96
120	128
121	91
122	96
123	132
124	100
125	104
126	85
127	138
128	217
129	175
130	120
131	94
132	95
133	114
134	99
135	78
136	81
137	96
138	81
139	102
140	127
141	82
142	102
143	92
144	111
145	168
146	90
147	83
148	133
149	94
150	115
151	143
152	108
153	112
154	164
155	107
156	147
157	109
158	130
159	180
160	201
161	117
162	111
163	113
164	140
165	111
166	118
167	124
168	100
169	76
170	106
171	102
172	112
173	105
174	102
175	126
176	91
177	82
178	97
179	91
180	102
181	98
182	120
183	114
184	116
185	109
186	132
187	175
188	106
189	116
190	130
191	85
192	167
193	100
194	119
195	103
196	126
197	69
198	121
199	88
200	88
201	90
202	115
203	97
204	72
205	103
206	106
207	85
208	125
209	140
210	148
211	103
212	116
213	100
214	105
215	66
216	93
217	127
218	90
219	87
220	126
221	187
222	145
223	118
224	94
225	111
226	117
227	114
228	97
229	117
230	121
231	107
232	104
233	155
234	167
235	122
236	75
237	153
238	91
239	112
240	129
241	170
242	111
243	92
244	84
245	101
246	94
247	91
248	70
249	92
250	128
251	169
252	128
253	121
254	111
255	138
256	127
257	94
258	63
259	81
260	102
261	115
262	130
263	99
264	101
265	77
266	124
267	150
268	83
269	111
270	118
271	116
272	104
273	95
274	119
275	116
276	100
277	126
278	107
279	89
280	81
281	97
282	153
283	169
284	111
285	147
286	156
287	159
288	55
289	98
290	124
291	129
292	104
293	102
294	111
295	130
296	85
297	81
298	134
299	104
300	89
301	104
302	85
303	134
304	141
305	93
306	117
307	112
308	80
309	90
310	114
311	124
312	102
313	102
314	101
315	102
316	119
317	80
318	124
319	123
320	110
321	116
322	87
323	133
324	114
325	136
326	99
327	95
328	108
329	140
330	135
331	101
332	106
333	87
334	105
335	108
336	100
337	85
338	113
339	112
340	158
341	86
342	104
343	100
344	124
345	203
346	169
347	120
348	131
349	118
350	129
351	94
352	97
353	128
354	103
355	97
356	108
357	211
358	146
359	99
360	98
361	130
362	128
363	131
364	145
365	113
366	87
367	111
368	92
369	71
370	115
371	122
372	84
373	113
374	108
375	139
376	100
377	107
378	114
379	90
380	112
381	106
382	71
383	110
384	63
385	122
386	109
387	139
388	100
389	97
390	109
391	114
392	100
393	101
394	86
395	103
396	151
397	134
398	135
399	153
400	171
401	234
402	185
403	105
404	102
405	136
406	98
407	71
408	117
409	91
410	127
411	129
412	155
413	157
414	133
415	111
416	143
417	128
418	130
419	127
420	115
421	154
422	115
423	95
424	106
425	103
426	138
427	120
428	132
429	103
430	97
431	100
432	125
433	103
434	152
435	130
436	136
437	150
438	101
439	127
440	135
441	134
442	137
443	119
444	127
445	113
446	101
447	119
448	118
449	95
450	88
451	121
452	143
453	114
454	126
455	125
456	104
457	122
458	121
459	120
460	112
461	126
462	95
463	90
464	97
465	145
466	124
467	199
468	139
469	136
470	102
471	107
472	118
473	109
474	76
475	88
476	132
477	125
478	138
479	110
480	165
481	88
482	148
483	139
484	126
485	118
486	148
487	124
488	135
489	160
490	95
491	113
492	136
493	123
494	133
495	99
496	88
497	78
498	126
499	126
500	142
501	127
502	88
503	131
504	126
505	122
506	148
507	191
508	157
509	135
510	150
511	101
512	118
513	121
514	97
515	111
516	117
517	124
518	145
519	121
520	103
521	154
522	170
523	103
524	117
525	153
526	109
527	119
528	96
529	95
530	127
531	116
532	99
533	105
534	97
535	110
536	90
537	122
538	171
539	127
540	123
541	97
542	172
543	135
544	113
545	133
546	116
547	135
548	107
549	88
550	164
551	76
552	144
553	132
554	80
555	136
556	199
557	113
558	146
559	126
560	111
561	153
562	92
563	118
564	127
565	122
566	90
567	159
568	99
569	113
570	170
571	138
572	128
573	127
574	147
575	129
576	111
577	161
578	170
579	139
580	199
581	196
582	370
583	330
584	113
585	110
586	119
587	117
588	127
589	112
590	136
591	146
592	209
593	156
594	101
595	167
596	114
597	136
598	109
599	97
600	111
601	109
602	178
603	137
604	165
605	227
606	419
607	173
608	193
609	139
610	125
611	230
612	140
613	130
614	193
615	120
616	121
617	160
618	138
619	131
620	214
621	139
622	171
623	227
624	271
625	270
626	258
627	209
628	163
629	206
630	146
631	119
632	140
633	138
634	125
635	124
636	122
637	115
638	134
639	169
640	164
641	164
642	78
643	98
644	106
645	151
646	183
647	152
648	83
649	114
650	98
651	122
652	124
653	145
654	156
655	118
656	149
657	167
658	81
659	130
660	138
661	109
662	117
663	120
664	139
665	113
666	117
667	134
668	140
669	190
670	158
671	163
672	140
673	104
674	133
675	145
676	170
677	147
678	123
679	130
680	127
681	203
682	179
683	169
684	89
685	106
686	120
687	141
688	141
689	114
690	146
691	101
692	105
693	89
694	149
695	155
696	186
697	143
698	138
699	147
700	113
701	174
702	176
703	99
704	144
705	184
706	111
707	126
708	145
709	129
710	124
711	143
712	114
713	142
714	154
715	161
716	203
717	146
718	161
719	81
720	184
721	125
722	92
723	109
724	145
725	158
726	142
727	132
728	152
729	149
730	161
731	90
732	121
733	117
734	84
735	110
736	98
737	110
738	118
739	129
740	139
741	110
742	142
743	105
744	94
745	148
746	106
747	118
748	123
749	121
750	154
751	94
752	112
753	108
754	154
755	214
756	121
757	180
758	143
759	124
760	112
761	166
762	102
763	134
764	141
765	154
766	95
767	101
768	121
769	155
770	225
771	157
772	156
773	171
774	141
775	140
776	132
777	153
778	125
779	112
780	158
781	152
782	142
783	134
784	137
785	140
786	147
787	112
788	130
789	126
790	124
791	133
792	113
793	175
794	130
795	141
796	189
797	143
798	158
799	116
800	147
801	141
802	124
803	209
804	114
805	135
806	158
807	157
808	116
809	142
810	157
811	167
812	152
813	122
814	173
815	85
816	165
817	144
818	177
819	159
820	161
821	132
822	99
823	157
824	149
825	132
826	173
827	143
828	124
829	144
830	146
831	128
832	141
833	128
834	135
835	165
836	168
837	147
838	124
839	110
840	96
841	135
842	166
843	110
844	150
845	169
846	116
847	99
848	169
849	162
850	146
851	163
852	210
853	143
854	130
855	181
856	182
857	157
858	115
859	160
860	125
861	200
862	188
863	141
864	151
865	162
866	142
867	175
868	129
869	186
870	139
871	242
872	240
873	154
874	200
875	172
876	153
877	171
878	174
879	141
880	136
881	163
882	212
883	201
884	140
885	122
886	139
887	150
888	150
889	214
890	167
891	186
892	114
893	126
894	155
895	177
896	128
897	151
898	120
899	141
900	135
901	131
902	165
903	177
904	193
905	168
906	103
907	126
908	133
909	133
910	123
911	132
912	123
913	146
914	146
915	152
916	120
917	148
918	146
919	111
920	122
921	166
922	159
923	157
924	150
925	108
926	91
927	191
928	176
929	166
930	149
931	156
932	170
933	154
934	149
935	128
936	143
937	312
938	96
939	173
940	138
941	125
942	145
943	119
944	187
945	141
946	133
947	155
948	135
949	112
950	199
951	120
952	196
953	175
954	138
955	119
956	146
957	127
958	109
959	144
960	135
961	202
962	176
963	184
964	163
965	158
966	144
967	104
968	182
969	197
970	153
971	114
972	167
973	162
974	118
975	165
976	125
977	141
978	214
979	155
980	198
981	236
982	183
983	136
984	192
985	132
986	175
987	144
988	122
989	233
990	152
991	192
992	132
993	159
994	180
995	126
996	203
997	140
998	153
999	134
1000	140
1001	149
1002	135
1003	154
1004	188
1005	152
1006	156
1007	173
1008	122
1009	145
1010	161
1011	109
1012	153
1013	159
1014	177
1015	144
1016	162
1017	144
1018	143
1019	175
1020	201
1021	164
1022	157
1023	183
1024	158
1025	180
1026	128
1027	169
1028	143
1029	132
1030	112
1031	154
1032	149
1033	207
1034	132
1035	180
1036	140
1037	178
1038	254
1039	317
1040	204
1041	164
1042	159
1043	136
1044	140
1045	117
1046	244
1047	160
1048	151
1049	158
1050	174
1051	111
1052	131
1053	150
1054	150
1055	227
1056	176
1057	264
1058	171
1059	197
1060	146
1061	162
1062	208
1063	169
1064	164
1065	169
1066	186
1067	205
1068	133
1069	184
1070	147
1071	159
1072	196
1073	169
1074	157
1075	148
1076	124
1077	161
1078	97
1079	191
1080	139
1081	158
1082	177
1083	112
1084	193
1085	150
1086	176
1087	143
1088	204
1089	189
1090	150
1091	163
1092	158
1093	182
1094	243
1095	175
1096	147
1097	209
1098	205
1099	235
1100	229
1101	215
1102	288
1103	266
1104	169
1105	200
1106	195
1107	223
1108	140
1109	218
1110	226
1111	242
1112	151
1113	182
1114	179
1115	193
1116	147
1117	191
1118	172
1119	175
1120	180
1121	188
1122	226
1123	457
1124	497
1125	323
1126	354
1127	252
1128	175
1129	158
1130	274
1131	309
1132	218
1133	179
1134	228
1135	236
1136	354
1137	395
1138	418
1139	500
1140	259
1141	223
1142	313
1143	381
1144	574
1145	606
1146	401
1147	570
1148	817
1149	829
1150	667
1151	956
1152	1145
1153	916
1154	967
1155	828
1156	688
1157	1042
1158	1190
1159	1321
1160	1422
1161	1101
1162	791
1163	525
1164	403
1165	1092
1166	794
1167	1046
1168	723
1169	259
1170	354
1171	285
1172	604
1173	983
1174	480
1175	201
1176	321
1177	733
1178	815
1179	1215
1180	2226
1181	2262
1182	1517
1183	1034
1184	1099
1185	949
1186	783
1187	444
1188	432
1189	414
1190	396
1191	377
1192	414
1193	676
1194	704
1195	306
1196	439
1197	456
1198	425
1199	300
1200	566
1201	762
1202	452
1203	394
1204	533
1205	630
1206	632
1207	508
1208	535
1209	556
1210	533
1211	670
1212	349
1213	587
1214	544
1215	384
1216	559
1217	813
1218	497
1219	484
1220	292
1221	257
1222	250
1223	495
1224	498
1225	193
1226	186
1227	259
1228	347
1229	204
1230	431
1231	511
1232	649
1233	579
1234	670
1235	454
1236	268
1237	185
1238	319
1239	262
1240	366
1241	315
1242	258
1243	307
1244	346
1245	337
1246	506
1247	577
1248	347
1249	223
1250	251
1251	236
1252	255
1253	229
1254	208
1255	147
1256	217
1257	198
1258	212
1259	148
1260	146
1261	165
1262	220
1263	190
1264	162
1265	169
1266	196
1267	152
1268	168
1269	185
1270	176
1271	161
1272	222
1273	176
1274	168
1275	241
1276	314
1277	207
1278	256
1279	268
1280	193
1281	258
1282	195
1283	181
1284	317
1285	206
1286	191
1287	231
1288	302
1289	154
1290	199
1291	178
1292	338
1293	282
1294	312
1295	221
1296	193
1297	109
1298	195
1299	223
1300	214
1301	180
1302	139
1303	182
1304	145
1305	171
1306	343
1307	247
1308	200
1309	228
1310	203
1311	230
1312	161
1313	240
1314	169
1315	141
1316	215
1317	224
1318	171
1319	219
1320	212
1321	142
1322	229
1323	228
1324	186
1325	272
1326	297
1327	193
1328	213
1329	175
1330	150
1331	187
1332	227
1333	242
1334	196
1335	219
1336	151
1337	210
1338	205
1339	190
1340	175
1341	192
1342	163
1343	207
1344	176
1345	176
1346	173
1347	155
1348	163
1349	156
1350	202
1351	190
1352	161
1353	191
1354	156
1355	156
1356	156
1357	163
1358	159
1359	198
1360	208
1361	205
1362	160
1363	197
1364	188
1365	310
1366	221
1367	162
1368	203
1369	146
1370	203
1371	175
1372	188
1373	375
1374	234
1375	233
1376	227
1377	187
1378	203
1379	156
1380	164
1381	142
1382	196
1383	248
1384	139
1385	166
1386	204
1387	189
1388	231
1389	185
1390	219
1391	188
1392	193
1393	160
1394	145
1395	210
1396	256
1397	235
1398	154
1399	163
1400	190
1401	155
1402	143
1403	179
1404	194
1405	177
1406	191
1407	177
1408	147
1409	138
1410	150
1411	170
1412	172
1413	204
1414	223
1415	194
1416	121
1417	179
1418	183
1419	201
1420	159
1421	151
1422	140
1423	162
1424	249
1425	186
1426	173
1427	199
1428	142
1429	232
1430	181
1431	180
1432	183
1433	148
1434	190
1435	199
1436	162
1437	205
1438	210
1439	166
1440	156
1441	187
1442	148
1443	223
1444	208
1445	233
1446	265
1447	224
1448	169
1449	204
1450	227
1451	222
1452	127
1453	116
1454	238
1455	177
1456	195
1457	253
1458	181
1459	192
1460	159
1461	157
1462	179
1463	299
1464	283
1465	207
1466	188
1467	214
1468	192
1469	181
1470	181
1471	173
1472	158
1473	176
1474	183
1475	212
1476	216
1477	138
1478	236
1479	215
1480	141
1481	195
1482	164
1483	182
1484	214
1485	175
1486	172
1487	154
1488	190
1489	155
1490	228
1491	192
1492	196
1493	205
1494	162
1495	212
1496	175
1497	253
1498	165
1499	256
1500	271
1501	144
1502	207
1503	252
1504	221
1505	192
1506	198
1507	182
1508	221
1509	190
1510	249
1511	192
1512	200
1513	170
1514	164
1515	181
1516	225
1517	323
1518	231
1519	204
1520	201
1521	165
1522	169
1523	225
1524	208
1525	188
1526	194
1527	226
1528	175
1529	207
1530	185
1531	160
1532	215
1533	154
1534	168
1535	134
1536	189
1537	189
1538	150
1539	232
1540	129
1541	171
1542	180
1543	183
1544	138
1545	178
1546	183
1547	168
1548	179
1549	163
1550	154
1551	144
1552	152
1553	171
1554	193
1555	169
1556	205
1557	201
1558	204
1559	199
1560	219
1561	235
1562	124
1563	180
1564	193
1565	167
1566	146
1567	177
1568	229
1569	226
1570	185
1571	224
1572	174
1573	188
1574	206
1575	204
1576	193
1577	130
1578	196
1579	200
1580	202
1581	170
1582	211
1583	188
1584	156
1585	190
1586	166
1587	203
1588	199
1589	159
1590	151
1591	237
1592	220
1593	208
1594	219
1595	201
1596	194
1597	177
1598	205
1599	171
1600	177
1601	168
1602	143
1603	194
1604	208
1605	201
1606	150
1607	234
1608	202
1609	159
1610	225
1611	179
1612	215
1613	199
1614	200
1615	159
1616	211
1617	214
1618	244
1619	166
1620	210
1621	192
1622	156
1623	192
1624	223
1625	212
1626	196
1627	169
1628	203
1629	125
1630	185
1631	199
1632	229
1633	190
1634	197
1635	209
1636	157
1637	192
1638	255
1639	201
1640	183
1641	154
1642	209
1643	191
1644	172
1645	225
1646	193
1647	206
1648	185
1649	202
1650	219
1651	167
1652	204
1653	218
1654	204
1655	156
1656	193
1657	188
1658	232
1659	169
1660	233
1661	154
1662	205
1663	175
1664	171
1665	187
1666	200
1667	232
1668	201
1669	272
1670	204
1671	204
1672	171
1673	190
1674	133
1675	200
1676	204
1677	214
1678	120
1679	186
1680	223
1681	234
1682	188
1683	199
1684	181
1685	224
1686	166
1687	211
1688	234
1689	173
1690	167
1691	233
1692	182
1693	183
1694	184
1695	255
1696	222
1697	189
1698	213
1699	160
1700	170
1701	177
1702	193
1703	252
1704	178
1705	200
1706	210
1707	162
1708	224
1709	179
1710	237
1711	209
1712	183
1713	229
1714	185
1715	218
1716	233
1717	191
1718	220
1719	217
1720	232
1721	227
1722	217
1723	227
1724	132
1725	247
1726	202
1727	193
1728	211
1729	170
1730	243
1731	252
1732	176
1733	192
1734	179
1735	222
1736	165
1737	180
1738	195
1739	195
1740	210
1741	222
1742	238
1743	224
1744	241
1745	209
1746	219
1747	216
1748	221
1749	203
1750	188
1751	232
1752	150
1753	217
1754	227
1755	204
1756	187
1757	193
1758	236
1759	192
1760	258
1761	213
1762	223
1763	251
1764	247
1765	289
1766	208
1767	186
1768	192
1769	236
1770	193
1771	222
1772	231
1773	249
1774	263
1775	183
1776	275
1777	192
1778	228
1779	209
1780	236
1781	253
1782	267
1783	188
1784	269
1785	213
1786	187
1787	190
1788	191
1789	297
1790	206
1791	238
1792	221
1793	219
1794	272
1795	205
1796	221
1797	153
1798	224
1799	220
1800	182
1801	205
1802	240
1803	218
1804	160
1805	193
1806	213
1807	212
1808	177
1809	204
1810	147
1811	189
1812	232
1813	190
1814	196
1815	241
1816	244
1817	192
1818	211
1819	205
1820	218
1821	253
1822	213
1823	222
1824	236
1825	193
1826	237
1827	230
1828	211
1829	206
1830	192
1831	208
1832	191
1833	230
1834	173
1835	203
1836	215
1837	194
1838	229
1839	421
1840	265
1841	190
1842	251
1843	241
1844	221
1845	250
1846	191
1847	225
1848	226
1849	253
1850	216
1851	174
1852	158
1853	196
1854	231
1855	184
1856	235
1857	187
1858	263
1859	253
1860	249
1861	211
1862	230
1863	166
1864	237
1865	210
1866	168
1867	226
1868	237
1869	259
1870	288
1871	320
1872	206
1873	183
1874	188
1875	194
1876	205
1877	260
1878	281
1879	229
1880	469
1881	223
1882	236
1883	231
1884	197
1885	229
1886	208
1887	180
1888	233
1889	219
1890	243
1891	197
1892	284
1893	173
1894	239
1895	188
1896	279
1897	190
1898	258
1899	246
1900	217
1901	204
1902	253
1903	245
1904	197
1905	240
1906	253
1907	203
1908	222
1909	220
1910	206
1911	197
1912	238
1913	257
1914	288
1915	208
1916	290
1917	255
1918	262
1919	257
1920	264
1921	233
1922	234
1923	183
1924	192
1925	244
1926	256
1927	190
1928	263
1929	284
1930	309
1931	174
1932	197
1933	207
1934	168
1935	272
1936	279
1937	278
1938	234
1939	330
1940	253
1941	307
1942	211
1943	233
1944	307
1945	356
1946	342
1947	208
1948	231
1949	213
1950	278
1951	226
1952	256
1953	243
1954	225
1955	233
1956	233
1957	220
1958	248
1959	168
1960	204
1961	182
1962	207
1963	262
1964	280
1965	217
1966	250
1967	261
1968	230
1969	401
1970	249
1971	324
1972	290
1973	315
1974	295
1975	287
1976	309
1977	238
1978	203
1979	232
1980	461
1981	289
1982	194
1983	192
1984	155
1985	196
1986	279
1987	208
1988	265
1989	244
1990	264
1991	246
1992	303
1993	247
1994	295
1995	327
1996	230
1997	298
1998	231
1999	236
2000	299
2001	289
2002	288
2003	288
2004	325
2005	373
2006	313
2007	305
2008	189
2009	249
2010	227
2011	242
2012	190
2013	231
2014	249
2015	281
2016	209
2017	218
2018	160
2019	219
2020	204
2021	215
2022	265
2023	248
2024	263
2025	270
2026	248
2027	180
2028	290
2029	254
2030	195
2031	223
2032	236
2033	172
2034	214
2035	266
2036	215
2037	204
2038	183
2039	219
2040	195
2041	260
2042	194
2043	177
2044	271
2045	90
2046	161
2047	157
