Instrument: Andor
X Size: 2048
Y Size: 64
Total Flux: 0.000
Total Counts: 721826
Background: 336.000000
Curvature: 0.0
Clipped to ROI: No
ROI: 1309 526 2539 1627
X	Counts
0	32
1	21
2	53
3	146
4	135
5	173
6	207
7	152
8	159
9	85
10	211
11	141
12	321
13	198
14	326
15	365
16	223
17	318
18	280
19	392
20	540
21	455
22	583
23	581
24	451
25	700
26	495
27	352
28	458
29	427
30	569
31	409
32	493
33	175
34	466
35	1050
36	1004
37	1112
38	625
39	1171
40	1264
41	1037
42	1561
43	1079
44	1129
45	1038
46	1162
47	829
48	976
49	800
50	1184
51	1115
52	1047
53	848
54	1121
55	1539
56	1682
57	2014
58	1989
59	1825
60	1812
61	1640
62	2088
63	1891
64	1533
65	1722
66	2663
67	2846
68	2153
69	2694
70	3926
71	4565
72	3784
73	3644
74	3985
75	4794
76	4624
77	3855
78	3723
79	4215
80	4141
81	4367
82	3891
83	4012
84	4053
85	3843
86	3427
87	2961
88	2956
89	2963
90	2399
91	2019
92	2593
93	1948
94	1614
95	1843
96	1314
97	1200
98	1025
99	861
100	817
101	934
102	825
103	1170
104	1204
105	1108
106	886
107	829
108	545
109	588
110	799
111	778
112	488
113	587
114	609
115	545
116	853
117	750
118	863
119	930
120	455
121	531
122	657
123	923
124	647
125	453
126	619
127	372
128	194
129	342
130	113
131	64
132	97
133	323
134	562
135	448
136	161
137	180
138	315
139	290
140	390
141	52
142	136
143	75
144	98
145	85
146	113
147	65
148	86
149	113
150	469
151	232
152	183
153	242
154	257
155	252
156	141
157	152
158	161
159	186
160	189
161	91
162	121
163	222
164	103
165	84
166	118
167	103
168	92
169	73
170	165
171	140
172	93
173	99
174	73
175	93
176	122
177	89
178	82
179	105
180	100
181	211
182	73
183	65
184	97
185	68
186	66
187	92
188	76
189	113
190	62
191	100
192	101
193	94
194	105
195	233
196	195
197	206
198	82
199	70
200	93
201	53
202	102
203	27
204	48
205	69
206	85
207	168
208	146
209	47
210	66
211	48
212	94
213	26
214	80
215	76
216	32
217	61
218	97
219	44
220	125
221	174
222	156
223	87
224	201
225	91
226	74
227	100
228	83
229	100
230	114
231	89
232	47
233	91
234	86
235	69
236	53
237	62
238	112
239	187
240	97
241	80
242	47
243	59
244	57
245	65
246	51
247	66
248	49
249	93
250	68
251	65
252	220
253	70
254	45
255	55
256	72
257	32
258	54
259	43
260	72
261	103
262	82
263	57
264	66
265	38
266	38
267	46
268	55
269	54
270	197
271	517
272	84
273	42
274	34
275	59
276	41
277	57
278	38
279	77
280	37
281	70
282	120
283	70
284	46
285	65
286	72
287	47
288	53
289	77
290	61
291	68
292	93
293	68
294	70
295	72
296	112
297	74
298	55
299	81
300	61
301	154
302	33
303	97
304	380
305	96
306	44
307	62
308	52
309	45
310	53
311	45
312	70
313	42
314	47
315	32
316	56
317	82
318	36
319	88
320	64
321	66
322	66
323	59
324	35
325	40
326	41
327	46
328	24
329	32
330	84
331	91
332	84
333	152
334	116
335	42
336	85
337	50
338	62
339	85
340	64
341	43
342	57
343	42
344	60
345	74
346	48
347	45
348	49
349	35
350	67
351	62
352	32
353	81
354	147
355	35
356	29
357	72
358	22
359	55
360	50
361	49
362	37
363	39
364	55
365	46
366	74
367	122
368	20
369	60
370	28
371	71
372	43
373	29
374	51
375	48
376	69
377	73
378	83
379	111
380	63
381	21
382	53
383	49
384	40
385	27
386	56
387	106
388	49
389	73
390	61
391	57
392	68
393	55
394	42
395	81
396	43
397	23
398	69
399	24
400	96
401	79
402	56
403	34
404	16
405	31
406	25
407	61
408	46
409	49
410	29
411	59
412	9
413	31
414	26
415	69
416	64
417	27
418	53
419	110
420	43
421	48
422	52
423	45
424	59
425	33
426	44
427	32
428	36
429	49
430	28
431	38
432	51
433	49
434	56
435	50
436	45
437	10
438	68
439	63
440	30
441	9
442	58
443	50
444	52
445	45
446	42
447	22
448	64
449	34
450	39
451	59
452	108
453	176
454	43
455	28
456	65
457	19
458	33
459	55
460	141
461	39
462	32
463	52
464	58
465	36
466	40
467	30
468	34
469	47
470	28
471	45
472	34
473	18
474	0
475	58
476	31
477	39
478	36
479	30
480	35
481	11
482	39
483	75
484	26
485	50
486	295
487	744
488	521
489	61
490	27
491	33
492	43
493	13
494	19
495	30
496	19
497	52
498	36
499	20
500	59
501	12
502	34
503	26
504	23
505	54
506	29
507	34
508	60
509	21
510	23
511	33
512	34
513	38
514	36
515	41
516	34
517	48
518	8
519	40
520	33
521	17
522	19
523	50
524	33
525	27
526	40
527	33
528	78
529	85
530	28
531	17
532	54
533	39
534	42
535	47
536	46
537	14
538	21
539	10
540	26
541	107
542	80
543	4
544	44
545	59
546	36
547	85
548	252
549	97
550	32
551	43
552	13
553	33
554	23
555	29
556	79
557	39
558	56
559	3
560	28
561	64
562	10
563	39
564	39
565	30
566	37
567	39
568	170
569	104
570	47
571	46
572	31
573	44
574	51
575	34
576	40
577	45
578	23
579	100
580	39
581	47
582	49
583	85
584	38
585	64
586	38
587	36
588	8
589	45
590	11
591	36
592	27
593	18
594	49
595	37
596	33
597	17
598	65
599	61
600	57
601	111
602	23
603	58
604	92
605	32
606	60
607	58
608	56
609	13
610	32
611	60
612	65
613	21
614	127
615	54
616	59
617	61
618	110
619	52
620	125
621	156
622	75
623	60
624	52
625	65
626	40
627	46
628	54
629	62
630	150
631	59
632	53
633	40
634	50
635	16
636	65
637	20
638	152
639	46
640	73
641	96
642	58
643	72
644	91
645	162
646	290
647	140
648	47
649	50
650	55
651	73
652	56
653	104
654	82
655	43
656	18
657	92
658	39
659	78
660	114
661	143
662	90
663	54
664	49
665	150
666	103
667	58
668	110
669	34
670	85
671	29
672	97
673	59
674	38
675	18
676	50
677	99
678	138
679	158
680	255
681	64
682	64
683	88
684	77
685	45
686	38
687	48
688	87
689	70
690	124
691	118
692	28
693	123
694	61
695	60
696	66
697	78
698	105
699	32
700	49
701	94
702	182
703	105
704	103
705	457
706	287
707	300
708	134
709	77
710	58
711	35
712	161
713	85
714	44
715	92
716	62
717	49
718	99
719	133
720	214
721	173
722	68
723	52
724	117
725	112
726	101
727	174
728	87
729	69
730	70
731	32
732	42
733	94
734	48
735	124
736	105
737	71
738	58
739	35
740	61
741	43
742	80
743	96
744	33
745	109
746	97
747	91
748	124
749	91
750	45
751	126
752	42
753	37
754	117
755	50
756	29
757	142
758	88
759	77
760	169
761	58
762	142
763	65
764	136
765	128
766	90
767	92
768	84
769	105
770	94
771	114
772	99
773	100
774	85
775	41
776	95
777	103
778	52
779	78
780	41
781	71
782	115
783	193
784	86
785	117
786	110
787	64
788	41
789	95
790	142
791	102
792	61
793	93
794	113
795	124
796	103
797	104
798	175
799	143
800	91
801	65
802	151
803	121
804	213
805	119
806	76
807	76
808	82
809	109
810	105
811	165
812	174
813	115
814	71
815	83
816	85
817	88
818	125
819	169
820	106
821	80
822	78
823	118
824	105
825	106
826	244
827	75
828	207
829	47
830	84
831	82
832	50
833	64
834	54
835	129
836	101
837	118
838	134
839	112
840	110
841	55
842	107
843	98
844	165
845	131
846	96
847	85
848	70
849	161
850	89
851	125
852	122
853	105
854	116
855	133
856	83
857	113
858	62
859	51
860	99
861	149
862	110
863	107
864	101
865	70
866	146
867	272
868	94
869	70
870	174
871	128
872	91
873	102
874	162
875	121
876	93
877	89
878	135
879	66
880	65
881	113
882	53
883	69
884	94
885	94
886	71
887	88
888	124
889	107
890	142
891	167
892	123
893	100
894	110
895	126
896	120
897	85
898	132
899	92
900	63
901	78
902	108
903	102
904	110
905	133
906	99
907	100
908	117
909	146
910	98
911	146
912	127
913	105
914	73
915	96
916	67
917	117
918	129
919	144
920	166
921	138
922	91
923	132
924	135
925	86
926	94
927	143
928	130
929	69
930	89
931	176
932	94
933	118
934	111
935	69
936	120
937	79
938	71
939	63
940	109
941	75
942	94
943	144
944	146
945	62
946	144
947	164
948	127
949	101
950	131
951	92
952	75
953	68
954	93
955	149
956	118
957	138
958	159
959	157
960	156
961	158
962	131
963	106
964	143
965	78
966	129
967	135
968	140
969	133
970	181
971	170
972	103
973	136
974	92
975	87
976	118
977	78
978	100
979	88
980	105
981	127
982	123
983	121
984	142
985	215
986	169
987	86
988	136
989	127
990	155
991	286
992	254
993	199
994	152
995	265
996	258
997	248
998	119
999	95
1000	313
1001	215
1002	120
1003	134
1004	106
1005	66
1006	141
1007	202
1008	146
1009	291
1010	328
1011	270
1012	148
1013	389
1014	223
1015	328
1016	432
1017	307
1018	207
1019	180
1020	143
1021	157
1022	103
1023	159
1024	128
1025	191
1026	348
1027	256
1028	685
1029	182
1030	249
1031	547
1032	225
1033	129
1034	243
1035	177
1036	165
1037	537
1038	277
1039	227
1040	446
1041	156
1042	522
1043	255
1044	539
1045	802
1046	685
1047	726
1048	1212
1049	1311
1050	830
1051	820
1052	855
1053	1453
1054	1279
1055	1305
1056	1968
1057	1818
1058	1638
1059	1591
1060	2620
1061	2439
1062	2847
1063	3611
1064	3305
1065	3483
1066	3511
1067	3337
1068	3281
1069	2476
1070	1180
1071	1341
1072	1136
1073	989
1074	1037
1075	1438
1076	1538
1077	1010
1078	1019
1079	855
1080	836
1081	468
1082	792
1083	732
1084	479
1085	555
1086	424
1087	693
1088	992
1089	492
1090	160
1091	135
1092	402
1093	276
1094	200
1095	144
1096	239
1097	358
1098	317
1099	211
1100	166
1101	403
1102	355
1103	278
1104	310
1105	164
1106	191
1107	166
1108	193
1109	122
1110	119
1111	58
1112	133
1113	117
1114	215
1115	206
1116	255
1117	463
1118	450
1119	195
1120	253
1121	227
1122	232
1123	216
1124	213
1125	143
1126	60
1127	195
1128	183
1129	263
1130	180
1131	89
1132	138
1133	159
1134	139
1135	125
1136	121
1137	199
1138	235
1139	313
1140	213
1141	97
1142	200
1143	133
1144	111
1145	110
1146	193
1147	242
1148	121
1149	106
1150	108
1151	270
1152	214
1153	36
1154	100
1155	77
1156	95
1157	509
1158	240
1159	144
1160	304
1161	342
1162	147
1163	76
1164	125
1165	224
1166	225
1167	128
1168	38
1169	240
1170	190
1171	156
1172	216
1173	172
1174	214
1175	158
1176	138
1177	145
1178	122
1179	82
1180	216
1181	163
1182	86
1183	131
1184	270
1185	597
1186	350
1187	145
1188	171
1189	166
1190	118
1191	86
1192	181
1193	192
1194	137
1195	125
1196	192
1197	400
1198	214
1199	265
1200	215
1201	239
1202	267
1203	645
1204	934
1205	884
1206	437
1207	724
1208	605
1209	528
1210	412
1211	427
1212	207
1213	521
1214	683
1215	799
1216	559
1217	519
1218	584
1219	155
1220	399
1221	350
1222	498
1223	289
1224	222
1225	158
1226	65
1227	146
1228	105
1229	102
1230	87
1231	121
1232	194
1233	132
1234	45
1235	47
1236	65
1237	139
1238	91
1239	87
1240	53
1241	75
1242	83
1243	81
1244	75
1245	129
1246	70
1247	106
1248	103
1249	79
1250	116
1251	130
1252	234
1253	327
1254	100
1255	88
1256	51
1257	64
1258	101
1259	246
1260	116
1261	121
1262	114
1263	141
1264	67
1265	122
1266	104
1267	147
1268	45
1269	166
1270	108
1271	113
1272	82
1273	84
1274	73
1275	112
1276	255
1277	189
1278	439
1279	418
1280	174
1281	164
1282	417
1283	258
1284	126
1285	105
1286	110
1287	101
1288	159
1289	79
1290	57
1291	125
1292	275
1293	212
1294	123
1295	90
1296	131
1297	183
1298	83
1299	77
1300	107
1301	107
1302	50
1303	77
1304	83
1305	219
1306	95
1307	129
1308	87
1309	107
1310	116
1311	114
1312	106
1313	72
1314	94
1315	83
1316	60
1317	107
1318	72
1319	84
1320	52
1321	150
1322	143
1323	72
1324	134
1325	83
1326	89
1327	89
1328	81
1329	118
1330	24
1331	87
1332	104
1333	79
1334	97
1335	89
1336	134
1337	120
1338	90
1339	167
1340	129
1341	100
1342	70
1343	86
1344	116
1345	91
1346	147
1347	88
1348	135
1349	102
1350	80
1351	119
1352	80
1353	74
1354	54
1355	60
1356	76
1357	336
1358	297
1359	134
1360	201
1361	141
1362	255
1363	250
1364	94
1365	65
1366	81
1367	137
1368	203
1369	517
1370	128
1371	263
1372	103
1373	81
1374	82
1375	33
1376	126
1377	151
1378	180
1379	84
1380	108
1381	78
1382	38
1383	36
1384	74
1385	58
1386	42
1387	63
1388	151
1389	31
1390	44
1391	65
1392	163
1393	67
1394	69
1395	38
1396	56
1397	66
1398	80
1399	104
1400	130
1401	101
1402	173
1403	34
1404	39
1405	99
1406	65
1407	91
1408	89
1409	87
1410	101
1411	64
1412	145
1413	108
1414	143
1415	83
1416	49
1417	66
1418	103
1419	177
1420	78
1421	157
1422	88
1423	76
1424	72
1425	45
1426	69
1427	43
1428	42
1429	157
1430	48
1431	58
1432	63
1433	61
1434	150
1435	59
1436	88
1437	39
1438	106
1439	180
1440	155
1441	84
1442	39
1443	26
1444	39
1445	71
1446	192
1447	184
1448	97
1449	44
1450	61
1451	75
1452	150
1453	132
1454	98
1455	94
1456	123
1457	95
1458	54
1459	61
1460	34
1461	172
1462	146
1463	76
1464	70
1465	217
1466	213
1467	148
1468	106
1469	65
1470	146
1471	180
1472	50
1473	71
1474	65
1475	98
1476	82
1477	76
1478	144
1479	335
1480	172
1481	410
1482	427
1483	101
1484	166
1485	76
1486	161
1487	303
1488	83
1489	50
1490	171
1491	78
1492	77
1493	130
1494	61
1495	104
1496	196
1497	476
1498	479
1499	522
1500	513
1501	753
1502	667
1503	282
1504	511
1505	656
1506	620
1507	518
1508	159
1509	216
1510	255
1511	269
1512	51
1513	131
1514	525
1515	927
1516	1723
1517	1241
1518	1366
1519	1626
1520	1978
1521	1781
1522	2054
1523	2733
1524	2740
1525	1580
1526	1424
1527	1228
1528	1841
1529	1980
1530	2011
1531	1832
1532	2057
1533	1945
1534	1384
1535	1701
1536	2570
1537	2657
1538	3984
1539	6003
1540	8647
1541	6592
1542	4959
1543	6965
1544	10070
1545	14870
1546	20184
1547	25718
1548	33212
1549	30097
1550	17338
1551	7082
1552	2253
1553	1556
1554	1189
1555	629
1556	345
1557	476
1558	336
1559	147
1560	143
1561	506
1562	247
1563	87
1564	138
1565	118
1566	92
1567	180
1568	88
1569	60
1570	84
1571	51
1572	38
1573	126
1574	185
1575	106
1576	101
1577	149
1578	100
1579	132
1580	58
1581	102
1582	20
1583	87
1584	152
1585	984
1586	1126
1587	240
1588	143
1589	81
1590	271
1591	301
1592	101
1593	67
1594	68
1595	93
1596	138
1597	102
1598	115
1599	92
1600	109
1601	98
1602	70
1603	65
1604	41
1605	48
1606	56
1607	123
1608	143
1609	51
1610	136
1611	82
1612	76
1613	114
1614	129
1615	302
1616	61
1617	115
1618	128
1619	94
1620	54
1621	47
1622	55
1623	71
1624	86
1625	80
1626	116
1627	154
1628	109
1629	118
1630	133
1631	81
1632	137
1633	85
1634	107
1635	94
1636	63
1637	100
1638	123
1639	63
1640	123
1641	95
1642	119
1643	72
1644	92
1645	76
1646	65
1647	51
1648	89
1649	33
1650	82
1651	85
1652	79
1653	71
1654	55
1655	135
1656	60
1657	90
1658	84
1659	104
1660	81
1661	89
1662	21
1663	77
1664	130
1665	99
1666	99
1667	99
1668	111
1669	49
1670	100
1671	86
1672	77
1673	96
1674	87
1675	96
1676	190
1677	167
1678	113
1679	103
1680	192
1681	166
1682	53
1683	76
1684	146
1685	92
1686	108
1687	98
1688	126
1689	96
1690	161
1691	81
1692	66
1693	106
1694	45
1695	93
1696	100
1697	54
1698	179
1699	88
1700	69
1701	111
1702	97
1703	114
1704	152
1705	97
1706	106
1707	122
1708	142
1709	74
1710	149
1711	137
1712	108
1713	84
1714	109
1715	144
1716	152
1717	194
1718	95
1719	65
1720	50
1721	48
1722	111
1723	46
1724	58
1725	131
1726	123
1727	101
1728	57
1729	143
1730	94
1731	132
1732	107
1733	110
1734	124
1735	90
1736	105
1737	128
1738	96
1739	159
1740	67
1741	174
1742	145
1743	93
1744	89
1745	81
1746	141
1747	83
1748	141
1749	61
1750	144
1751	77
1752	104
1753	72
1754	102
1755	90
1756	121
1757	138
1758	93
1759	62
1760	153
1761	66
1762	104
1763	103
1764	64
1765	105
1766	60
1767	97
1768	161
1769	50
1770	89
1771	153
1772	121
1773	108
1774	70
1775	65
1776	191
1777	111
1778	142
1779	142
1780	115
1781	127
1782	114
1783	70
1784	152
1785	120
1786	68
1787	104
1788	111
1789	90
1790	87
1791	93
1792	104
1793	90
1794	122
1795	153
1796	133
1797	109
1798	106
1799	93
1800	128
1801	107
1802	78
1803	90
1804	60
1805	148
1806	106
1807	63
1808	132
1809	58
1810	121
1811	79
1812	107
1813	67
1814	140
1815	136
1816	111
1817	160
1818	112
1819	132
1820	157
1821	131
1822	132
1823	118
1824	187
1825	138
1826	125
1827	100
1828	123
1829	92
1830	140
1831	94
1832	78
1833	144
1834	126
1835	93
1836	123
1837	149
1838	128
1839	122
1840	102
1841	120
1842	189
1843	58
1844	122
1845	124
1846	113
1847	92
1848	132
1849	110
1850	162
1851	93
1852	188
1853	199
1854	159
1855	118
1856	184
1857	166
1858	224
1859	173
1860	146
1861	156
1862	163
1863	202
1864	137
1865	194
1866	154
1867	180
1868	86
1869	234
1870	234
1871	191
1872	170
1873	231
1874	113
1875	173
1876	181
1877	144
1878	140
1879	136
1880	145
1881	211
1882	133
1883	192
1884	143
1885	115
1886	189
1887	131
1888	178
1889	107
1890	175
1891	147
1892	202
1893	167
1894	102
1895	197
1896	171
1897	211
1898	194
1899	209
1900	179
1901	178
1902	197
1903	187
1904	201
1905	204
1906	233
1907	198
1908	140
1909	252
1910	179
1911	137
1912	158
1913	180
1914	180
1915	183
1916	158
1917	185
1918	199
1919	244
1920	121
1921	115
1922	120
1923	110
1924	131
1925	87
1926	145
1927	282
1928	258
1929	172
1930	302
1931	199
1932	171
1933	143
1934	178
1935	213
1936	175
1937	244
1938	186
1939	228
1940	227
1941	171
1942	152
1943	207
1944	174
1945	216
1946	185
1947	180
1948	134
1949	203
1950	191
1951	170
1952	212
1953	233
1954	165
1955	206
1956	207
1957	127
1958	262
1959	246
1960	218
1961	326
1962	287
1963	194
1964	152
1965	194
1966	314
1967	149
1968	193
1969	203
1970	167
1971	231
1972	264
1973	217
1974	209
1975	230
1976	250
1977	231
1978	306
1979	194
1980	241
1981	240
1982	212
1983	235
1984	216
1985	288
1986	196
1987	197
1988	221
1989	157
1990	155
1991	229
1992	204
1993	158
1994	196
1995	179
1996	275
1997	156
1998	191
1999	260
2000	155
2001	157
2002	201
2003	94
2004	248
2005	229
2006	372
2007	193
2008	271
2009	167
2010	183
2011	272
2012	226
2013	213
2014	219
2015	213
2016	246
2017	190
2018	277
2019	242
2020	173
2021	310
2022	306
2023	223
2024	152
2025	155
2026	166
2027	186
2028	158
2029	246
2030	145
2031	119
2032	156
2033	146
2034	173
2035	135
2036	108
2037	86
2038	112
2039	110
2040	143
2041	118
2042	99
2043	145
2044	144
2045	170
2046	183
2047	258
