Instrument: Andor
X Size: 2048
Y Size: 64
Total Flux: 0.000
Total Counts: 462697
Background: 335.500000
Curvature: 0.0
Clipped to ROI: No
ROI: 1309 526 2539 1627
X	Counts
0	25
1	12
2	91
3	124
4	125
5	50
6	129
7	86
8	15
9	146
10	312
11	372
12	349
13	279
14	482
15	536
16	227
17	531
18	412
19	116
20	352
21	314
22	346
23	349
24	185
25	273
26	402
27	502
28	495
29	425
30	467
31	451
32	848
33	577
34	704
35	813
36	795
37	973
38	808
39	1132
40	1119
41	1514
42	1534
43	1505
44	1361
45	1263
46	890
47	1274
48	1065
49	1079
50	1253
51	1387
52	1240
53	1164
54	1139
55	1368
56	1426
57	1333
58	1654
59	1952
60	1927
61	1719
62	2099
63	2282
64	2363
65	2508
66	2913
67	3190
68	3291
69	3100
70	3881
71	3513
72	3950
73	4403
74	4859
75	4724
76	5332
77	5321
78	4277
79	5171
80	4701
81	4614
82	4995
83	4834
84	4472
85	4813
86	3184
87	2847
88	1896
89	1824
90	2284
91	2814
92	2900
93	2001
94	1517
95	1816
96	1618
97	1758
98	1329
99	1181
100	1191
101	1274
102	1323
103	926
104	752
105	752
106	467
107	1051
108	562
109	831
110	954
111	996
112	604
113	691
114	591
115	524
116	792
117	596
118	748
119	828
120	947
121	536
122	476
123	258
124	160
125	371
126	417
127	371
128	318
129	229
130	341
131	361
132	127
133	201
134	118
135	74
136	76
137	114
138	165
139	87
140	74
141	125
142	373
143	72
144	127
145	117
146	388
147	438
148	262
149	290
150	179
151	160
152	223
153	228
154	110
155	85
156	139
157	304
158	194
159	151
160	122
161	103
162	80
163	83
164	60
165	50
166	101
167	122
168	78
169	61
170	127
171	74
172	86
173	75
174	94
175	42
176	74
177	84
178	181
179	137
180	119
181	80
182	85
183	128
184	199
185	94
186	146
187	76
188	133
189	154
190	107
191	117
192	141
193	95
194	88
195	67
196	84
197	91
198	25
199	106
200	49
201	75
202	176
203	96
204	84
205	70
206	143
207	73
208	45
209	77
210	80
211	67
212	92
213	94
214	64
215	84
216	131
217	55
218	105
219	80
220	67
221	72
222	113
223	136
224	127
225	94
226	78
227	60
228	46
229	37
230	49
231	130
232	114
233	115
234	101
235	42
236	84
237	77
238	121
239	44
240	94
241	85
242	79
243	56
244	102
245	33
246	68
247	98
248	88
249	80
250	57
251	33
252	104
253	96
254	76
255	53
256	118
257	34
258	25
259	67
260	60
261	58
262	43
263	121
264	59
265	56
266	91
267	69
268	98
269	32
270	71
271	63
272	131
273	73
274	82
275	58
276	45
277	58
278	102
279	70
280	30
281	104
282	74
283	51
284	50
285	76
286	96
287	57
288	40
289	100
290	76
291	36
292	47
293	24
294	76
295	80
296	43
297	88
298	100
299	81
300	24
301	105
302	48
303	68
304	90
305	108
306	87
307	86
308	80
309	105
310	102
311	125
312	85
313	55
314	46
315	40
316	55
317	98
318	84
319	97
320	29
321	92
322	67
323	57
324	120
325	59
326	111
327	83
328	31
329	68
330	127
331	73
332	90
333	62
334	32
335	56
336	102
337	43
338	44
339	180
340	20
341	58
342	85
343	106
344	85
345	104
346	81
347	60
348	56
349	30
350	45
351	77
352	56
353	24
354	43
355	35
356	46
357	68
358	81
359	68
360	62
361	33
362	34
363	40
364	29
365	67
366	50
367	15
368	47
369	28
370	36
371	47
372	33
373	68
374	48
375	56
376	70
377	49
378	71
379	38
380	52
381	33
382	69
383	28
384	59
385	52
386	50
387	69
388	53
389	51
390	92
391	83
392	66
393	130
394	14
395	46
396	59
397	16
398	21
399	33
400	81
401	45
402	72
403	40
404	102
405	45
406	23
407	59
408	90
409	68
410	55
411	139
412	107
413	47
414	26
415	59
416	64
417	41
418	46
419	67
420	37
421	32
422	45
423	26
424	37
425	53
426	24
427	44
428	37
429	91
430	75
431	150
432	31
433	46
434	52
435	21
436	45
437	150
438	137
439	77
440	47
441	36
442	88
443	75
444	52
445	88
446	96
447	36
448	71
449	49
450	89
451	40
452	58
453	60
454	47
455	37
456	111
457	27
458	30
459	45
460	41
461	38
462	13
463	35
464	20
465	48
466	45
467	60
468	95
469	136
470	111
471	147
472	52
473	47
474	23
475	54
476	63
477	143
478	54
479	77
480	8
481	18
482	62
483	18
484	38
485	20
486	58
487	41
488	71
489	36
490	32
491	53
492	10
493	57
494	39
495	34
496	40
497	55
498	20
499	38
500	63
501	27
502	73
503	2
504	32
505	30
506	60
507	48
508	35
509	35
510	10
511	78
512	37
513	32
514	13
515	4
516	30
517	36
518	22
519	26
520	59
521	34
522	65
523	17
524	32
525	80
526	33
527	58
528	27
529	67
530	39
531	11
532	3
533	20
534	30
535	29
536	43
537	45
538	18
539	51
540	27
541	91
542	59
543	37
544	33
545	52
546	61
547	33
548	44
549	123
550	90
551	123
552	34
553	63
554	72
555	58
556	56
557	34
558	42
559	22
560	16
561	30
562	41
563	30
564	64
565	36
566	68
567	62
568	38
569	35
570	22
571	28
572	45
573	74
574	75
575	27
576	58
577	32
578	46
579	77
580	32
581	50
582	24
583	26
584	63
585	77
586	66
587	52
588	20
589	46
590	32
591	50
592	75
593	32
594	58
595	40
596	42
597	42
598	46
599	60
600	76
601	175
602	73
603	85
604	70
605	54
606	40
607	77
608	60
609	103
610	50
611	52
612	53
613	88
614	113
615	124
616	20
617	93
618	76
619	79
620	85
621	23
622	51
623	22
624	46
625	87
626	98
627	72
628	66
629	114
630	123
631	128
632	105
633	92
634	64
635	30
636	88
637	30
638	72
639	40
640	35
641	39
642	30
643	31
644	49
645	32
646	46
647	73
648	96
649	53
650	91
651	81
652	45
653	40
654	68
655	42
656	79
657	63
658	43
659	69
660	70
661	69
662	69
663	22
664	87
665	30
666	51
667	91
668	110
669	30
670	89
671	26
672	82
673	27
674	66
675	43
676	62
677	61
678	50
679	55
680	90
681	38
682	73
683	77
684	140
685	125
686	99
687	76
688	59
689	85
690	129
691	142
692	42
693	119
694	34
695	114
696	72
697	92
698	81
699	64
700	112
701	172
702	145
703	83
704	27
705	97
706	108
707	138
708	57
709	123
710	61
711	50
712	36
713	74
714	44
715	34
716	75
717	63
718	70
719	49
720	59
721	141
722	72
723	131
724	140
725	84
726	37
727	55
728	41
729	118
730	58
731	57
732	88
733	105
734	68
735	60
736	53
737	68
738	137
739	83
740	47
741	94
742	55
743	110
744	45
745	67
746	77
747	76
748	88
749	48
750	52
751	84
752	62
753	83
754	98
755	123
756	82
757	91
758	84
759	110
760	122
761	50
762	181
763	218
764	244
765	132
766	88
767	116
768	63
769	104
770	102
771	95
772	92
773	159
774	156
775	140
776	121
777	107
778	25
779	95
780	36
781	93
782	76
783	119
784	55
785	71
786	69
787	75
788	48
789	108
790	164
791	97
792	168
793	144
794	147
795	117
796	112
797	158
798	164
799	96
800	78
801	132
802	98
803	90
804	68
805	83
806	50
807	127
808	85
809	139
810	93
811	143
812	120
813	89
814	70
815	89
816	81
817	137
818	52
819	100
820	49
821	107
822	114
823	67
824	80
825	66
826	71
827	53
828	153
829	116
830	100
831	79
832	57
833	90
834	77
835	95
836	122
837	148
838	126
839	89
840	134
841	69
842	54
843	92
844	111
845	96
846	118
847	65
848	111
849	116
850	109
851	75
852	154
853	81
854	87
855	179
856	153
857	91
858	68
859	67
860	75
861	124
862	64
863	49
864	121
865	107
866	114
867	179
868	80
869	76
870	141
871	97
872	137
873	152
874	72
875	82
876	121
877	50
878	74
879	33
880	120
881	127
882	70
883	76
884	108
885	151
886	136
887	82
888	166
889	178
890	86
891	118
892	74
893	104
894	128
895	101
896	130
897	170
898	60
899	102
900	71
901	92
902	93
903	53
904	88
905	114
906	80
907	87
908	101
909	113
910	138
911	62
912	121
913	109
914	109
915	105
916	95
917	75
918	128
919	135
920	86
921	36
922	82
923	107
924	83
925	67
926	95
927	159
928	133
929	96
930	81
931	152
932	140
933	95
934	126
935	79
936	113
937	145
938	66
939	109
940	64
941	76
942	96
943	162
944	266
945	170
946	128
947	224
948	158
949	135
950	75
951	88
952	75
953	103
954	72
955	150
956	127
957	88
958	146
959	114
960	90
961	144
962	142
963	121
964	119
965	114
966	130
967	132
968	89
969	81
970	183
971	134
972	84
973	153
974	69
975	145
976	64
977	83
978	102
979	154
980	117
981	111
982	213
983	97
984	125
985	174
986	74
987	137
988	148
989	145
990	148
991	225
992	188
993	101
994	135
995	151
996	65
997	106
998	137
999	130
1000	133
1001	116
1002	127
1003	125
1004	163
1005	215
1006	166
1007	156
1008	102
1009	161
1010	186
1011	317
1012	259
1013	153
1014	122
1015	165
1016	162
1017	62
1018	157
1019	119
1020	156
1021	109
1022	130
1023	172
1024	212
1025	116
1026	155
1027	192
1028	94
1029	68
1030	191
1031	158
1032	498
1033	234
1034	285
1035	324
1036	175
1037	126
1038	143
1039	153
1040	201
1041	85
1042	168
1043	189
1044	362
1045	194
1046	127
1047	299
1048	326
1049	277
1050	314
1051	425
1052	311
1053	388
1054	280
1055	362
1056	156
1057	231
1058	506
1059	417
1060	483
1061	812
1062	768
1063	909
1064	951
1065	421
1066	235
1067	244
1068	204
1069	329
1070	234
1071	258
1072	479
1073	238
1074	261
1075	108
1076	244
1077	148
1078	169
1079	175
1080	133
1081	196
1082	156
1083	195
1084	121
1085	290
1086	276
1087	418
1088	170
1089	85
1090	119
1091	322
1092	204
1093	141
1094	95
1095	97
1096	118
1097	197
1098	133
1099	528
1100	274
1101	130
1102	127
1103	590
1104	377
1105	123
1106	113
1107	134
1108	205
1109	162
1110	190
1111	259
1112	144
1113	75
1114	101
1115	269
1116	149
1117	267
1118	569
1119	413
1120	280
1121	152
1122	70
1123	236
1124	155
1125	168
1126	92
1127	142
1128	120
1129	85
1130	91
1131	131
1132	171
1133	127
1134	202
1135	190
1136	278
1137	139
1138	56
1139	154
1140	179
1141	377
1142	191
1143	104
1144	103
1145	153
1146	156
1147	244
1148	84
1149	122
1150	62
1151	160
1152	122
1153	136
1154	358
1155	123
1156	135
1157	48
1158	84
1159	103
1160	122
1161	89
1162	108
1163	126
1164	245
1165	274
1166	229
1167	115
1168	154
1169	261
1170	164
1171	137
1172	145
1173	133
1174	236
1175	162
1176	128
1177	177
1178	366
1179	178
1180	164
1181	171
1182	160
1183	93
1184	211
1185	187
1186	139
1187	168
1188	72
1189	123
1190	148
1191	156
1192	115
1193	149
1194	273
1195	505
1196	337
1197	109
1198	151
1199	216
1200	241
1201	550
1202	203
1203	412
1204	563
1205	206
1206	245
1207	610
1208	736
1209	229
1210	397
1211	955
1212	742
1213	669
1214	545
1215	214
1216	348
1217	428
1218	698
1219	880
1220	813
1221	617
1222	604
1223	225
1224	136
1225	141
1226	121
1227	91
1228	121
1229	157
1230	80
1231	80
1232	121
1233	197
1234	447
1235	572
1236	76
1237	63
1238	63
1239	98
1240	79
1241	107
1242	75
1243	133
1244	131
1245	126
1246	242
1247	299
1248	447
1249	172
1250	151
1251	218
1252	122
1253	267
1254	123
1255	132
1256	94
1257	94
1258	108
1259	81
1260	135
1261	150
1262	105
1263	97
1264	92
1265	186
1266	124
1267	150
1268	111
1269	71
1270	67
1271	118
1272	98
1273	120
1274	159
1275	67
1276	92
1277	95
1278	106
1279	105
1280	91
1281	134
1282	89
1283	102
1284	129
1285	222
1286	205
1287	172
1288	119
1289	97
1290	116
1291	69
1292	99
1293	98
1294	109
1295	154
1296	401
1297	282
1298	138
1299	65
1300	121
1301	209
1302	90
1303	41
1304	82
1305	122
1306	439
1307	192
1308	194
1309	106
1310	121
1311	126
1312	77
1313	126
1314	49
1315	84
1316	78
1317	37
1318	64
1319	80
1320	59
1321	82
1322	134
1323	90
1324	135
1325	102
1326	87
1327	81
1328	64
1329	84
1330	70
1331	113
1332	96
1333	95
1334	37
1335	77
1336	130
1337	79
1338	55
1339	81
1340	92
1341	154
1342	82
1343	92
1344	77
1345	73
1346	84
1347	121
1348	79
1349	59
1350	23
1351	103
1352	65
1353	136
1354	114
1355	143
1356	75
1357	167
1358	150
1359	100
1360	92
1361	128
1362	113
1363	133
1364	100
1365	79
1366	105
1367	232
1368	166
1369	138
1370	47
1371	89
1372	130
1373	63
1374	78
1375	80
1376	82
1377	47
1378	115
1379	43
1380	100
1381	131
1382	90
1383	122
1384	161
1385	79
1386	101
1387	55
1388	80
1389	58
1390	99
1391	52
1392	109
1393	304
1394	603
1395	108
1396	121
1397	67
1398	108
1399	59
1400	80
1401	49
1402	86
1403	42
1404	64
1405	100
1406	65
1407	110
1408	75
1409	80
1410	72
1411	86
1412	123
1413	62
1414	80
1415	72
1416	202
1417	212
1418	69
1419	125
1420	51
1421	53
1422	54
1423	76
1424	92
1425	48
1426	88
1427	19
1428	66
1429	92
1430	81
1431	68
1432	49
1433	75
1434	69
1435	82
1436	50
1437	61
1438	57
1439	20
1440	90
1441	94
1442	31
1443	67
1444	75
1445	62
1446	177
1447	68
1448	89
1449	90
1450	97
1451	55
1452	47
1453	52
1454	62
1455	92
1456	62
1457	49
1458	31
1459	30
1460	62
1461	100
1462	128
1463	61
1464	101
1465	94
1466	64
1467	28
1468	46
1469	68
1470	76
1471	61
1472	92
1473	51
1474	64
1475	48
1476	73
1477	86
1478	105
1479	92
1480	60
1481	117
1482	267
1483	78
1484	95
1485	127
1486	141
1487	368
1488	349
1489	176
1490	171
1491	329
1492	312
1493	217
1494	185
1495	184
1496	475
1497	366
1498	284
1499	336
1500	319
1501	110
1502	173
1503	145
1504	239
1505	615
1506	467
1507	216
1508	222
1509	194
1510	544
1511	258
1512	179
1513	526
1514	352
1515	261
1516	916
1517	586
1518	287
1519	558
1520	275
1521	102
1522	65
1523	124
1524	93
1525	113
1526	243
1527	421
1528	1087
1529	1067
1530	1301
1531	959
1532	1104
1533	1688
1534	2162
1535	4660
1536	4850
1537	5581
1538	4844
1539	2800
1540	1018
1541	132
1542	14
1543	129
1544	155
1545	87
1546	124
1547	94
1548	74
1549	140
1550	164
1551	409
1552	240
1553	214
1554	180
1555	76
1556	138
1557	448
1558	134
1559	111
1560	94
1561	87
1562	102
1563	90
1564	94
1565	44
1566	100
1567	74
1568	46
1569	76
1570	97
1571	99
1572	78
1573	76
1574	51
1575	82
1576	89
1577	60
1578	64
1579	77
1580	65
1581	64
1582	86
1583	79
1584	45
1585	52
1586	76
1587	194
1588	221
1589	145
1590	193
1591	293
1592	256
1593	79
1594	60
1595	81
1596	130
1597	56
1598	47
1599	84
1600	92
1601	92
1602	89
1603	74
1604	68
1605	63
1606	73
1607	32
1608	126
1609	46
1610	116
1611	174
1612	203
1613	91
1614	77
1615	67
1616	45
1617	68
1618	157
1619	82
1620	49
1621	102
1622	103
1623	49
1624	47
1625	106
1626	84
1627	67
1628	66
1629	76
1630	147
1631	68
1632	181
1633	115
1634	128
1635	70
1636	97
1637	79
1638	140
1639	61
1640	147
1641	84
1642	92
1643	35
1644	73
1645	70
1646	72
1647	129
1648	115
1649	84
1650	125
1651	124
1652	67
1653	167
1654	96
1655	121
1656	98
1657	128
1658	96
1659	63
1660	86
1661	70
1662	93
1663	94
1664	96
1665	118
1666	79
1667	111
1668	156
1669	57
1670	94
1671	149
1672	141
1673	46
1674	72
1675	90
1676	180
1677	161
1678	73
1679	116
1680	197
1681	142
1682	83
1683	59
1684	63
1685	185
1686	79
1687	69
1688	107
1689	103
1690	98
1691	77
1692	93
1693	105
1694	48
1695	85
1696	143
1697	96
1698	182
1699	109
1700	51
1701	82
1702	138
1703	43
1704	108
1705	130
1706	85
1707	147
1708	113
1709	111
1710	83
1711	119
1712	114
1713	91
1714	133
1715	82
1716	116
1717	172
1718	94
1719	80
1720	85
1721	75
1722	108
1723	104
1724	112
1725	85
1726	91
1727	109
1728	107
1729	203
1730	128
1731	130
1732	38
1733	52
1734	101
1735	79
1736	72
1737	93
1738	129
1739	59
1740	82
1741	167
1742	146
1743	96
1744	119
1745	66
1746	157
1747	123
1748	122
1749	117
1750	70
1751	67
1752	118
1753	99
1754	80
1755	105
1756	102
1757	151
1758	99
1759	105
1760	162
1761	110
1762	115
1763	87
1764	78
1765	96
1766	130
1767	115
1768	126
1769	76
1770	108
1771	110
1772	68
1773	115
1774	66
1775	98
1776	136
1777	91
1778	90
1779	144
1780	112
1781	60
1782	117
1783	108
1784	154
1785	172
1786	164
1787	168
1788	145
1789	96
1790	126
1791	165
1792	94
1793	131
1794	108
1795	62
1796	117
1797	128
1798	149
1799	129
1800	100
1801	109
1802	93
1803	108
1804	68
1805	154
1806	81
1807	127
1808	86
1809	120
1810	176
1811	194
1812	157
1813	95
1814	112
1815	158
1816	128
1817	133
1818	123
1819	140
1820	166
1821	122
1822	173
1823	72
1824	107
1825	102
1826	120
1827	110
1828	171
1829	74
1830	133
1831	69
1832	125
1833	173
1834	166
1835	109
1836	196
1837	137
1838	169
1839	117
1840	153
1841	160
1842	58
1843	124
1844	104
1845	171
1846	107
1847	88
1848	110
1849	121
1850	99
1851	143
1852	110
1853	168
1854	223
1855	163
1856	150
1857	167
1858	252
1859	164
1860	164
1861	177
1862	169
1863	200
1864	209
1865	252
1866	155
1867	164
1868	124
1869	235
1870	154
1871	125
1872	155
1873	183
1874	154
1875	162
1876	241
1877	133
1878	175
1879	137
1880	149
1881	139
1882	194
1883	165
1884	161
1885	96
1886	149
1887	67
1888	178
1889	171
1890	241
1891	187
1892	213
1893	138
1894	99
1895	205
1896	168
1897	203
1898	168
1899	223
1900	167
1901	88
1902	198
1903	152
1904	203
1905	241
1906	316
1907	194
1908	144
1909	210
1910	206
1911	210
1912	142
1913	176
1914	171
1915	279
1916	313
1917	238
1918	294
1919	183
1920	167
1921	184
1922	177
1923	154
1924	182
1925	162
1926	114
1927	181
1928	197
1929	237
1930	177
1931	223
1932	188
1933	177
1934	171
1935	190
1936	256
1937	208
1938	169
1939	166
1940	328
1941	210
1942	156
1943	156
1944	279
1945	160
1946	216
1947	242
1948	187
1949	207
1950	236
1951	193
1952	225
1953	227
1954	250
1955	198
1956	274
1957	144
1958	235
1959	254
1960	267
1961	204
1962	178
1963	177
1964	153
1965	171
1966	209
1967	172
1968	184
1969	217
1970	202
1971	214
1972	280
1973	159
1974	150
1975	264
1976	201
1977	258
1978	256
1979	267
1980	267
1981	206
1982	167
1983	184
1984	204
1985	264
1986	190
1987	179
1988	182
1989	252
1990	129
1991	220
1992	198
1993	128
1994	186
1995	210
1996	230
1997	261
1998	197
1999	242
2000	141
2001	110
2002	185
2003	178
2004	183
2005	195
2006	280
2007	167
2008	262
2009	177
2010	238
2011	159
2012	199
2013	214
2014	163
2015	363
2016	176
2017	184
2018	239
2019	235
2020	176
2021	202
2022	176
2023	205
2024	199
2025	221
2026	177
2027	171
2028	224
2029	144
2030	217
2031	118
2032	163
2033	132
2034	87
2035	129
2036	149
2037	151
2038	139
2039	136
2040	193
2041	144
2042	144
2043	189
2044	133
2045	163
2046	182
2047	195
