Instrument: Andor
X Size: 2048
Y Size: 64
Total Flux: 0.000
Total Counts: 1919226
Background: 335.000000
Curvature: 0.0
Clipped to ROI: No
ROI: 1309 526 2539 1627
X	Counts
0	25
1	56
2	51
3	326
4	119
5	36
6	52
7	83
8	172
9	506
10	238
11	378
12	420
13	345
14	405
15	437
16	161
17	296
18	182
19	392
20	439
21	465
22	448
23	441
24	826
25	776
26	458
27	552
28	959
29	846
30	897
31	744
32	880
33	1052
34	1610
35	1678
36	1237
37	1173
38	1012
39	1208
40	1436
41	1309
42	1222
43	1592
44	1280
45	1537
46	1366
47	1135
48	911
49	1184
50	1284
51	1572
52	1683
53	1389
54	1934
55	2383
56	2300
57	1721
58	2042
59	2173
60	2545
61	2778
62	2848
63	3710
64	3840
65	3829
66	3073
67	3446
68	4029
69	4095
70	3639
71	3866
72	3332
73	3396
74	4090
75	3700
76	3637
77	2767
78	2319
79	2385
80	1946
81	1688
82	1648
83	1155
84	1051
85	1091
86	1803
87	1442
88	1057
89	1000
90	931
91	630
92	660
93	870
94	900
95	700
96	548
97	384
98	532
99	594
100	627
101	530
102	742
103	310
104	475
105	927
106	504
107	490
108	815
109	726
110	334
111	214
112	343
113	236
114	325
115	426
116	411
117	113
118	156
119	114
120	189
121	425
122	286
123	372
124	505
125	179
126	137
127	75
128	54
129	111
130	105
131	188
132	126
133	96
134	101
135	103
136	85
137	79
138	118
139	89
140	99
141	58
142	123
143	102
144	64
145	82
146	222
147	76
148	70
149	98
150	160
151	176
152	68
153	111
154	79
155	107
156	137
157	161
158	141
159	101
160	133
161	69
162	112
163	109
164	90
165	136
166	103
167	66
168	95
169	73
170	75
171	42
172	63
173	71
174	67
175	87
176	73
177	53
178	95
179	114
180	145
181	78
182	100
183	40
184	51
185	78
186	41
187	72
188	90
189	198
190	86
191	90
192	75
193	45
194	87
195	67
196	87
197	106
198	95
199	126
200	50
201	52
202	73
203	23
204	103
205	96
206	49
207	115
208	119
209	91
210	89
211	93
212	72
213	67
214	100
215	69
216	54
217	53
218	98
219	64
220	131
221	335
222	270
223	114
224	130
225	92
226	120
227	53
228	84
229	58
230	55
231	75
232	95
233	152
234	131
235	92
236	47
237	73
238	64
239	47
240	63
241	74
242	90
243	62
244	61
245	22
246	27
247	62
248	66
249	147
250	27
251	87
252	329
253	150
254	64
255	35
256	20
257	61
258	51
259	44
260	71
261	125
262	149
263	119
264	90
265	38
266	21
267	105
268	151
269	37
270	47
271	75
272	49
273	68
274	151
275	101
276	72
277	70
278	94
279	50
280	63
281	82
282	102
283	76
284	41
285	76
286	81
287	86
288	65
289	64
290	46
291	32
292	60
293	46
294	48
295	36
296	43
297	69
298	86
299	104
300	97
301	299
302	188
303	121
304	85
305	65
306	110
307	89
308	125
309	41
310	40
311	23
312	69
313	110
314	99
315	111
316	177
317	52
318	101
319	75
320	111
321	148
322	41
323	68
324	77
325	166
326	150
327	37
328	60
329	41
330	36
331	27
332	82
333	50
334	68
335	55
336	52
337	46
338	52
339	61
340	80
341	80
342	56
343	52
344	41
345	53
346	86
347	44
348	75
349	40
350	62
351	84
352	12
353	60
354	49
355	49
356	68
357	84
358	49
359	60
360	44
361	57
362	45
363	67
364	15
365	35
366	47
367	12
368	37
369	43
370	96
371	91
372	34
373	59
374	105
375	88
376	74
377	105
378	96
379	40
380	93
381	120
382	67
383	24
384	22
385	74
386	88
387	278
388	59
389	60
390	66
391	25
392	44
393	132
394	160
395	100
396	41
397	58
398	92
399	98
400	159
401	53
402	53
403	41
404	23
405	35
406	35
407	71
408	19
409	30
410	30
411	27
412	19
413	24
414	47
415	45
416	39
417	68
418	28
419	106
420	46
421	57
422	99
423	46
424	163
425	51
426	73
427	69
428	49
429	31
430	141
431	274
432	86
433	46
434	34
435	23
436	13
437	29
438	75
439	88
440	71
441	102
442	78
443	64
444	63
445	33
446	49
447	56
448	112
449	47
450	32
451	36
452	70
453	117
454	37
455	28
456	69
457	84
458	65
459	125
460	66
461	44
462	22
463	24
464	126
465	82
466	96
467	39
468	55
469	155
470	44
471	25
472	18
473	67
474	142
475	42
476	22
477	27
478	60
479	81
480	49
481	49
482	63
483	45
484	19
485	9
486	54
487	35
488	18
489	19
490	41
491	63
492	40
493	56
494	57
495	61
496	33
497	65
498	44
499	38
500	56
501	34
502	174
503	196
504	188
505	67
506	34
507	50
508	99
509	72
510	13
511	36
512	18
513	29
514	34
515	7
516	32
517	37
518	27
519	20
520	32
521	7
522	45
523	97
524	68
525	55
526	129
527	86
528	88
529	66
530	16
531	28
532	48
533	26
534	22
535	33
536	23
537	54
538	32
539	91
540	130
541	172
542	36
543	21
544	19
545	31
546	24
547	59
548	103
549	69
550	56
551	29
552	30
553	50
554	83
555	148
556	44
557	35
558	37
559	32
560	22
561	114
562	48
563	50
564	15
565	34
566	59
567	111
568	27
569	73
570	47
571	70
572	55
573	86
574	91
575	147
576	347
577	159
578	85
579	56
580	47
581	33
582	13
583	55
584	41
585	88
586	49
587	50
588	63
589	81
590	70
591	78
592	47
593	38
594	49
595	55
596	51
597	84
598	110
599	66
600	101
601	265
602	142
603	92
604	142
605	77
606	45
607	82
608	96
609	35
610	42
611	97
612	48
613	62
614	65
615	41
616	37
617	75
618	73
619	24
620	95
621	26
622	47
623	68
624	53
625	114
626	33
627	52
628	34
629	55
630	139
631	145
632	82
633	63
634	19
635	9
636	51
637	38
638	50
639	72
640	69
641	69
642	17
643	81
644	58
645	45
646	87
647	56
648	68
649	75
650	55
651	132
652	45
653	91
654	98
655	91
656	56
657	72
658	41
659	96
660	42
661	47
662	61
663	79
664	84
665	34
666	109
667	30
668	130
669	88
670	165
671	78
672	61
673	55
674	31
675	21
676	58
677	76
678	91
679	43
680	228
681	72
682	44
683	59
684	97
685	52
686	102
687	119
688	39
689	159
690	271
691	244
692	83
693	63
694	85
695	91
696	50
697	64
698	26
699	64
700	82
701	108
702	88
703	129
704	102
705	54
706	28
707	90
708	161
709	100
710	33
711	27
712	89
713	64
714	99
715	133
716	258
717	202
718	84
719	82
720	57
721	68
722	59
723	98
724	85
725	64
726	61
727	71
728	74
729	85
730	105
731	72
732	148
733	504
734	151
735	132
736	71
737	192
738	350
739	239
740	90
741	69
742	95
743	49
744	59
745	78
746	67
747	99
748	127
749	126
750	104
751	123
752	94
753	44
754	249
755	57
756	94
757	175
758	139
759	88
760	128
761	96
762	129
763	84
764	209
765	172
766	103
767	83
768	71
769	64
770	130
771	121
772	85
773	121
774	99
775	97
776	58
777	58
778	44
779	78
780	31
781	95
782	114
783	160
784	285
785	381
786	134
787	50
788	41
789	170
790	233
791	178
792	172
793	113
794	194
795	212
796	213
797	142
798	167
799	149
800	93
801	127
802	190
803	98
804	156
805	92
806	99
807	132
808	48
809	110
810	34
811	137
812	180
813	348
814	192
815	76
816	51
817	111
818	113
819	168
820	309
821	305
822	156
823	147
824	189
825	85
826	271
827	82
828	142
829	101
830	242
831	90
832	71
833	219
834	185
835	112
836	227
837	236
838	95
839	228
840	65
841	61
842	110
843	153
844	107
845	129
846	85
847	127
848	88
849	122
850	107
851	73
852	437
853	214
854	160
855	84
856	200
857	254
858	43
859	64
860	205
861	133
862	359
863	171
864	156
865	251
866	64
867	137
868	44
869	101
870	219
871	242
872	91
873	309
874	531
875	142
876	77
877	56
878	83
879	55
880	116
881	341
882	244
883	127
884	106
885	247
886	191
887	88
888	127
889	240
890	196
891	114
892	170
893	235
894	366
895	144
896	341
897	381
898	182
899	182
900	233
901	113
902	114
903	109
904	109
905	253
906	164
907	206
908	89
909	127
910	121
911	154
912	239
913	360
914	156
915	383
916	247
917	223
918	162
919	275
920	167
921	190
922	247
923	348
924	167
925	84
926	170
927	425
928	135
929	107
930	146
931	177
932	175
933	146
934	114
935	131
936	432
937	129
938	68
939	290
940	287
941	294
942	264
943	197
944	195
945	130
946	224
947	242
948	139
949	144
950	199
951	364
952	183
953	105
954	95
955	206
956	137
957	349
958	368
959	138
960	154
961	161
962	90
963	88
964	116
965	141
966	148
967	163
968	343
969	203
970	426
971	415
972	503
973	1318
974	536
975	223
976	192
977	125
978	146
979	104
980	41
981	140
982	123
983	101
984	458
985	365
986	258
987	355
988	535
989	633
990	327
991	261
992	255
993	371
994	208
995	533
996	220
997	197
998	220
999	435
1000	648
1001	454
1002	547
1003	403
1004	503
1005	196
1006	209
1007	325
1008	424
1009	465
1010	321
1011	503
1012	478
1013	494
1014	750
1015	515
1016	389
1017	350
1018	548
1019	351
1020	743
1021	685
1022	903
1023	629
1024	490
1025	441
1026	619
1027	916
1028	853
1029	876
1030	942
1031	1122
1032	1112
1033	1334
1034	1788
1035	1551
1036	2304
1037	2282
1038	2563
1039	2761
1040	2554
1041	2795
1042	2772
1043	2756
1044	3507
1045	4272
1046	4033
1047	3709
1048	4093
1049	4148
1050	5644
1051	5462
1052	5379
1053	5623
1054	5650
1055	6361
1056	8347
1057	7405
1058	6179
1059	6288
1060	6732
1061	6708
1062	6567
1063	6356
1064	4761
1065	4761
1066	4513
1067	4180
1068	3034
1069	2968
1070	2943
1071	2935
1072	2760
1073	2089
1074	1161
1075	714
1076	1213
1077	2005
1078	1486
1079	706
1080	1114
1081	1413
1082	578
1083	417
1084	337
1085	690
1086	901
1087	1172
1088	332
1089	234
1090	162
1091	377
1092	458
1093	577
1094	518
1095	684
1096	902
1097	674
1098	458
1099	120
1100	90
1101	253
1102	221
1103	164
1104	198
1105	214
1106	450
1107	253
1108	294
1109	239
1110	531
1111	177
1112	124
1113	108
1114	141
1115	179
1116	219
1117	554
1118	582
1119	265
1120	151
1121	161
1122	157
1123	168
1124	96
1125	71
1126	107
1127	132
1128	118
1129	232
1130	325
1131	348
1132	270
1133	292
1134	280
1135	161
1136	143
1137	171
1138	138
1139	180
1140	336
1141	188
1142	114
1143	126
1144	189
1145	283
1146	244
1147	469
1148	442
1149	254
1150	143
1151	174
1152	305
1153	104
1154	254
1155	334
1156	205
1157	285
1158	282
1159	115
1160	304
1161	313
1162	355
1163	371
1164	468
1165	134
1166	120
1167	145
1168	363
1169	407
1170	136
1171	267
1172	243
1173	142
1174	147
1175	163
1176	144
1177	193
1178	519
1179	218
1180	574
1181	331
1182	736
1183	482
1184	375
1185	679
1186	603
1187	382
1188	114
1189	515
1190	720
1191	970
1192	817
1193	491
1194	292
1195	251
1196	296
1197	142
1198	254
1199	277
1200	140
1201	241
1202	291
1203	556
1204	121
1205	287
1206	328
1207	330
1208	362
1209	216
1210	332
1211	502
1212	366
1213	105
1214	138
1215	151
1216	208
1217	141
1218	74
1219	333
1220	172
1221	183
1222	158
1223	145
1224	299
1225	186
1226	102
1227	110
1228	168
1229	192
1230	140
1231	109
1232	162
1233	177
1234	85
1235	102
1236	408
1237	239
1238	99
1239	83
1240	104
1241	184
1242	259
1243	81
1244	84
1245	98
1246	207
1247	224
1248	463
1249	184
1250	240
1251	234
1252	82
1253	217
1254	98
1255	108
1256	242
1257	218
1258	112
1259	223
1260	180
1261	456
1262	156
1263	199
1264	191
1265	159
1266	215
1267	467
1268	192
1269	183
1270	195
1271	314
1272	377
1273	482
1274	181
1275	301
1276	255
1277	184
1278	103
1279	225
1280	93
1281	44
1282	147
1283	190
1284	98
1285	175
1286	204
1287	373
1288	380
1289	148
1290	132
1291	258
1292	184
1293	144
1294	101
1295	155
1296	167
1297	271
1298	291
1299	447
1300	352
1301	102
1302	88
1303	171
1304	197
1305	156
1306	104
1307	178
1308	168
1309	331
1310	235
1311	481
1312	121
1313	158
1314	150
1315	170
1316	257
1317	120
1318	93
1319	220
1320	156
1321	163
1322	196
1323	266
1324	151
1325	240
1326	231
1327	124
1328	123
1329	110
1330	135
1331	164
1332	155
1333	140
1334	181
1335	159
1336	186
1337	76
1338	79
1339	218
1340	607
1341	191
1342	131
1343	64
1344	191
1345	170
1346	144
1347	163
1348	232
1349	163
1350	69
1351	161
1352	541
1353	420
1354	132
1355	335
1356	136
1357	149
1358	226
1359	249
1360	267
1361	247
1362	358
1363	442
1364	273
1365	82
1366	246
1367	175
1368	94
1369	739
1370	652
1371	153
1372	96
1373	143
1374	90
1375	244
1376	364
1377	177
1378	119
1379	68
1380	68
1381	426
1382	360
1383	309
1384	361
1385	367
1386	369
1387	658
1388	224
1389	84
1390	130
1391	678
1392	562
1393	497
1394	408
1395	107
1396	121
1397	238
1398	89
1399	109
1400	87
1401	114
1402	426
1403	290
1404	198
1405	80
1406	164
1407	120
1408	294
1409	325
1410	134
1411	152
1412	424
1413	247
1414	535
1415	475
1416	719
1417	433
1418	279
1419	172
1420	148
1421	89
1422	105
1423	203
1424	353
1425	274
1426	201
1427	514
1428	195
1429	117
1430	192
1431	294
1432	551
1433	463
1434	336
1435	135
1436	130
1437	697
1438	643
1439	609
1440	618
1441	361
1442	125
1443	554
1444	612
1445	356
1446	1000
1447	543
1448	987
1449	683
1450	516
1451	512
1452	651
1453	1097
1454	1106
1455	1127
1456	1246
1457	869
1458	765
1459	246
1460	402
1461	346
1462	749
1463	622
1464	918
1465	1073
1466	900
1467	953
1468	639
1469	1095
1470	904
1471	590
1472	272
1473	728
1474	607
1475	323
1476	714
1477	1069
1478	919
1479	1305
1480	932
1481	555
1482	851
1483	700
1484	1145
1485	1372
1486	1229
1487	872
1488	719
1489	1360
1490	1844
1491	1389
1492	981
1493	1032
1494	1000
1495	1241
1496	1102
1497	1466
1498	1888
1499	1735
1500	1703
1501	1962
1502	3017
1503	3903
1504	3451
1505	3299
1506	4053
1507	4419
1508	4845
1509	5328
1510	5021
1511	5791
1512	4855
1513	6410
1514	6093
1515	7413
1516	8064
1517	7134
1518	7879
1519	8982
1520	8977
1521	9213
1522	9523
1523	9959
1524	9250
1525	9193
1526	9976
1527	11453
1528	13130
1529	16063
1530	19245
1531	20333
1532	21817
1533	27924
1534	32190
1535	35894
1536	40636
1537	48768
1538	56182
1539	66940
1540	71298
1541	63003
1542	50541
1543	41079
1544	48960
1545	64205
1546	66835
1547	66229
1548	62734
1549	48495
1550	33207
1551	15729
1552	7831
1553	5021
1554	3046
1555	2320
1556	1761
1557	1811
1558	1632
1559	1149
1560	1273
1561	1044
1562	1428
1563	850
1564	931
1565	747
1566	468
1567	267
1568	348
1569	719
1570	564
1571	864
1572	646
1573	253
1574	170
1575	329
1576	543
1577	545
1578	284
1579	707
1580	256
1581	117
1582	321
1583	216
1584	163
1585	149
1586	150
1587	376
1588	537
1589	179
1590	196
1591	238
1592	161
1593	76
1594	99
1595	266
1596	474
1597	185
1598	279
1599	141
1600	175
1601	501
1602	460
1603	114
1604	110
1605	50
1606	54
1607	75
1608	99
1609	114
1610	150
1611	149
1612	209
1613	592
1614	184
1615	45
1616	99
1617	113
1618	139
1619	102
1620	34
1621	42
1622	130
1623	169
1624	225
1625	269
1626	103
1627	101
1628	81
1629	147
1630	160
1631	185
1632	258
1633	423
1634	246
1635	111
1636	126
1637	149
1638	134
1639	87
1640	141
1641	90
1642	33
1643	162
1644	356
1645	155
1646	70
1647	89
1648	77
1649	55
1650	60
1651	103
1652	101
1653	179
1654	106
1655	122
1656	50
1657	66
1658	114
1659	87
1660	153
1661	122
1662	77
1663	90
1664	117
1665	163
1666	157
1667	142
1668	228
1669	154
1670	75
1671	92
1672	86
1673	129
1674	107
1675	276
1676	195
1677	160
1678	99
1679	80
1680	194
1681	156
1682	76
1683	175
1684	93
1685	99
1686	85
1687	118
1688	86
1689	177
1690	80
1691	125
1692	117
1693	111
1694	63
1695	98
1696	135
1697	93
1698	184
1699	95
1700	87
1701	133
1702	233
1703	159
1704	135
1705	155
1706	82
1707	107
1708	110
1709	107
1710	59
1711	143
1712	103
1713	84
1714	137
1715	71
1716	130
1717	82
1718	105
1719	107
1720	75
1721	93
1722	88
1723	69
1724	106
1725	98
1726	154
1727	130
1728	141
1729	102
1730	88
1731	75
1732	68
1733	103
1734	152
1735	133
1736	157
1737	143
1738	227
1739	103
1740	131
1741	182
1742	198
1743	107
1744	132
1745	115
1746	207
1747	126
1748	134
1749	121
1750	102
1751	99
1752	110
1753	65
1754	95
1755	108
1756	116
1757	158
1758	102
1759	122
1760	85
1761	116
1762	94
1763	138
1764	76
1765	91
1766	48
1767	37
1768	70
1769	51
1770	156
1771	78
1772	106
1773	73
1774	98
1775	72
1776	184
1777	112
1778	59
1779	87
1780	155
1781	122
1782	112
1783	108
1784	125
1785	86
1786	166
1787	165
1788	274
1789	111
1790	104
1791	67
1792	105
1793	132
1794	100
1795	97
1796	121
1797	87
1798	118
1799	136
1800	89
1801	84
1802	104
1803	68
1804	66
1805	120
1806	62
1807	70
1808	109
1809	95
1810	137
1811	110
1812	134
1813	78
1814	168
1815	174
1816	171
1817	124
1818	95
1819	120
1820	104
1821	122
1822	164
1823	136
1824	169
1825	101
1826	95
1827	71
1828	160
1829	127
1830	149
1831	90
1832	129
1833	128
1834	102
1835	104
1836	187
1837	103
1838	140
1839	99
1840	149
1841	133
1842	127
1843	169
1844	149
1845	215
1846	70
1847	46
1848	127
1849	96
1850	129
1851	129
1852	176
1853	202
1854	142
1855	150
1856	170
1857	139
1858	193
1859	169
1860	147
1861	132
1862	225
1863	176
1864	171
1865	174
1866	187
1867	218
1868	188
1869	198
1870	188
1871	175
1872	142
1873	136
1874	164
1875	180
1876	162
1877	162
1878	128
1879	117
1880	118
1881	175
1882	118
1883	121
1884	142
1885	137
1886	119
1887	139
1888	145
1889	127
1890	203
1891	166
1892	194
1893	163
1894	142
1895	96
1896	196
1897	168
1898	148
1899	246
1900	264
1901	238
1902	233
1903	189
1904	188
1905	249
1906	235
1907	163
1908	133
1909	196
1910	161
1911	181
1912	257
1913	278
1914	133
1915	152
1916	137
1917	177
1918	223
1919	133
1920	186
1921	169
1922	130
1923	125
1924	141
1925	137
1926	247
1927	251
1928	251
1929	191
1930	232
1931	170
1932	243
1933	248
1934	166
1935	148
1936	169
1937	134
1938	228
1939	154
1940	302
1941	158
1942	195
1943	146
1944	164
1945	213
1946	207
1947	209
1948	199
1949	192
1950	174
1951	164
1952	176
1953	219
1954	167
1955	152
1956	226
1957	191
1958	175
1959	148
1960	253
1961	181
1962	192
1963	203
1964	236
1965	202
1966	294
1967	198
1968	185
1969	273
1970	250
1971	257
1972	273
1973	175
1974	229
1975	247
1976	234
1977	254
1978	173
1979	288
1980	222
1981	231
1982	155
1983	250
1984	247
1985	214
1986	182
1987	182
1988	193
1989	208
1990	227
1991	263
1992	208
1993	163
1994	211
1995	210
1996	250
1997	186
1998	145
1999	177
2000	161
2001	151
2002	137
2003	159
2004	296
2005	268
2006	292
2007	173
2008	252
2009	221
2010	167
2011	157
2012	244
2013	303
2014	219
2015	240
2016	265
2017	145
2018	235
2019	193
2020	239
2021	257
2022	221
2023	247
2024	177
2025	193
2026	166
2027	200
2028	185
2029	154
2030	171
2031	152
2032	175
2033	186
2034	132
2035	144
2036	201
2037	98
2038	134
2039	132
2040	168
2041	160
2042	146
2043	214
2044	182
2045	209
2046	229
2047	234
