Instrument: Andor
X Size: 2048
Y Size: 64
Total Flux: 0.000
Total Counts: 704861
Background: 335.000000
Curvature: 0.0
Clipped to ROI: No
ROI: 1309 526 2539 1627
X	Counts
0	330
1	135
2	224
3	330
4	229
5	91
6	212
7	154
8	323
9	319
10	422
11	310
12	349
13	613
14	330
15	329
16	746
17	556
18	621
19	735
20	1135
21	846
22	922
23	1344
24	1273
25	1145
26	1177
27	1528
28	1896
29	1922
30	1538
31	1596
32	1238
33	1642
34	1630
35	1948
36	1902
37	1907
38	2486
39	2913
40	2546
41	2002
42	2181
43	2771
44	2073
45	1905
46	1934
47	2557
48	2523
49	2322
50	2244
51	3178
52	3309
53	3058
54	4147
55	5218
56	4759
57	3761
58	4670
59	4793
60	3894
61	4718
62	6116
63	6485
64	5999
65	6184
66	6058
67	5986
68	6066
69	5852
70	6174
71	5694
72	5470
73	4556
74	4432
75	3542
76	3391
77	2846
78	2818
79	2777
80	2787
81	2269
82	2399
83	2044
84	1529
85	1801
86	1736
87	1841
88	1129
89	1312
90	1086
91	1073
92	1163
93	1339
94	1173
95	695
96	767
97	714
98	786
99	522
100	475
101	543
102	562
103	610
104	523
105	698
106	838
107	593
108	385
109	561
110	493
111	407
112	573
113	309
114	437
115	189
116	187
117	212
118	333
119	257
120	415
121	394
122	262
123	186
124	112
125	173
126	101
127	12
128	150
129	163
130	124
131	100
132	90
133	104
134	165
135	137
136	174
137	201
138	118
139	88
140	76
141	33
142	73
143	132
144	119
145	63
146	74
147	100
148	136
149	154
150	80
151	128
152	90
153	87
154	94
155	73
156	106
157	56
158	71
159	101
160	192
161	138
162	90
163	280
164	102
165	73
166	88
167	92
168	60
169	59
170	100
171	42
172	54
173	77
174	91
175	92
176	121
177	74
178	103
179	188
180	82
181	81
182	42
183	79
184	127
185	79
186	82
187	96
188	74
189	83
190	64
191	83
192	81
193	54
194	83
195	57
196	112
197	68
198	74
199	90
200	50
201	70
202	129
203	99
204	81
205	83
206	39
207	133
208	70
209	43
210	92
211	30
212	47
213	44
214	70
215	56
216	52
217	53
218	178
219	76
220	59
221	100
222	68
223	122
224	65
225	74
226	60
227	53
228	58
229	89
230	53
231	81
232	66
233	67
234	85
235	129
236	26
237	100
238	60
239	44
240	56
241	65
242	88
243	81
244	75
245	39
246	15
247	36
248	52
249	74
250	30
251	28
252	62
253	60
254	39
255	54
256	87
257	39
258	64
259	30
260	34
261	56
262	22
263	62
264	47
265	48
266	77
267	33
268	98
269	25
270	44
271	81
272	53
273	34
274	73
275	92
276	133
277	74
278	23
279	64
280	78
281	53
282	46
283	40
284	44
285	85
286	34
287	49
288	36
289	59
290	29
291	100
292	59
293	49
294	38
295	61
296	41
297	104
298	66
299	29
300	30
301	97
302	54
303	82
304	89
305	41
306	48
307	24
308	57
309	66
310	69
311	15
312	40
313	35
314	13
315	76
316	32
317	14
318	81
319	52
320	84
321	27
322	36
323	34
324	81
325	29
326	60
327	43
328	23
329	39
330	65
331	50
332	18
333	59
334	35
335	75
336	107
337	35
338	52
339	71
340	16
341	45
342	47
343	22
344	27
345	49
346	39
347	56
348	40
349	48
350	26
351	63
352	64
353	180
354	662
355	145
356	60
357	32
358	75
359	65
360	21
361	26
362	35
363	45
364	5
365	47
366	21
367	41
368	12
369	26
370	84
371	47
372	65
373	34
374	43
375	48
376	20
377	35
378	42
379	28
380	58
381	47
382	15
383	77
384	23
385	56
386	27
387	43
388	38
389	46
390	47
391	17
392	40
393	33
394	14
395	48
396	29
397	27
398	13
399	17
400	60
401	41
402	84
403	33
404	22
405	48
406	12
407	28
408	25
409	67
410	3
411	46
412	50
413	30
414	27
415	40
416	61
417	34
418	31
419	77
420	36
421	6
422	30
423	28
424	15
425	7
426	42
427	39
428	16
429	14
430	32
431	39
432	7
433	11
434	43
435	34
436	15
437	9
438	35
439	11
440	31
441	21
442	35
443	40
444	42
445	17
446	17
447	13
448	29
449	28
450	42
451	51
452	22
453	101
454	36
455	27
456	16
457	59
458	23
459	43
460	29
461	15
462	29
463	26
464	13
465	3
466	33
467	10
468	62
469	178
470	34
471	50
472	21
473	11
474	27
475	36
476	19
477	122
478	29
479	45
480	57
481	26
482	39
483	33
484	9
485	63
486	62
487	57
488	73
489	27
490	19
491	11
492	1
493	36
494	38
495	44
496	31
497	43
498	32
499	36
500	96
501	30
502	45
503	20
504	61
505	26
506	30
507	40
508	22
509	28
510	32
511	35
512	41
513	46
514	10
515	12
516	9
517	17
518	14
519	19
520	15
521	47
522	56
523	23
524	34
525	23
526	44
527	33
528	31
529	77
530	90
531	22
532	17
533	33
534	38
535	41
536	70
537	32
538	15
539	21
540	13
541	94
542	49
543	39
544	11
545	16
546	8
547	11
548	30
549	54
550	64
551	155
552	68
553	35
554	24
555	42
556	8
557	27
558	47
559	19
560	26
561	7
562	36
563	17
564	35
565	31
566	30
567	27
568	123
569	88
570	54
571	106
572	58
573	1
574	64
575	71
576	96
577	21
578	38
579	34
580	17
581	31
582	24
583	55
584	19
585	19
586	19
587	14
588	48
589	13
590	35
591	39
592	40
593	31
594	53
595	22
596	35
597	12
598	47
599	69
600	71
601	56
602	7
603	78
604	68
605	102
606	58
607	64
608	68
609	119
610	61
611	124
612	39
613	38
614	68
615	29
616	62
617	29
618	18
619	58
620	42
621	40
622	44
623	40
624	0
625	44
626	56
627	27
628	36
629	86
630	32
631	83
632	79
633	39
634	3
635	21
636	61
637	5
638	77
639	14
640	47
641	44
642	42
643	15
644	33
645	131
646	58
647	35
648	74
649	65
650	37
651	53
652	8
653	41
654	50
655	28
656	26
657	7
658	25
659	40
660	76
661	59
662	57
663	28
664	23
665	10
666	43
667	37
668	48
669	39
670	140
671	64
672	199
673	203
674	195
675	31
676	71
677	36
678	80
679	17
680	82
681	25
682	35
683	28
684	62
685	34
686	42
687	54
688	41
689	119
690	150
691	130
692	73
693	70
694	98
695	52
696	86
697	74
698	48
699	87
700	68
701	45
702	84
703	37
704	40
705	89
706	47
707	67
708	54
709	45
710	69
711	35
712	56
713	53
714	96
715	67
716	40
717	97
718	117
719	97
720	193
721	159
722	54
723	154
724	150
725	78
726	39
727	36
728	93
729	79
730	74
731	52
732	56
733	69
734	59
735	76
736	29
737	73
738	36
739	26
740	62
741	56
742	117
743	60
744	26
745	100
746	61
747	119
748	109
749	34
750	47
751	68
752	68
753	39
754	61
755	41
756	36
757	65
758	109
759	61
760	131
761	60
762	72
763	66
764	80
765	60
766	54
767	60
768	65
769	56
770	98
771	53
772	63
773	81
774	43
775	44
776	135
777	59
778	96
779	91
780	73
781	115
782	49
783	72
784	76
785	42
786	33
787	77
788	46
789	77
790	422
791	120
792	37
793	119
794	110
795	52
796	156
797	54
798	59
799	104
800	52
801	58
802	57
803	133
804	150
805	57
806	51
807	199
808	110
809	67
810	44
811	88
812	115
813	98
814	44
815	82
816	83
817	102
818	85
819	80
820	100
821	98
822	53
823	57
824	183
825	49
826	165
827	46
828	112
829	48
830	107
831	32
832	92
833	76
834	29
835	50
836	83
837	56
838	77
839	39
840	113
841	67
842	69
843	105
844	114
845	80
846	99
847	33
848	55
849	159
850	38
851	81
852	119
853	46
854	93
855	62
856	77
857	96
858	66
859	81
860	50
861	93
862	151
863	174
864	104
865	48
866	97
867	105
868	42
869	79
870	94
871	121
872	104
873	157
874	64
875	89
876	76
877	54
878	156
879	41
880	83
881	112
882	147
883	237
884	130
885	91
886	81
887	142
888	88
889	172
890	102
891	91
892	244
893	177
894	98
895	125
896	254
897	60
898	70
899	33
900	72
901	50
902	72
903	71
904	79
905	74
906	52
907	83
908	95
909	103
910	57
911	81
912	66
913	96
914	78
915	94
916	62
917	148
918	101
919	197
920	100
921	70
922	101
923	117
924	87
925	51
926	109
927	124
928	95
929	83
930	141
931	133
932	113
933	124
934	157
935	83
936	221
937	94
938	31
939	126
940	78
941	56
942	104
943	146
944	132
945	65
946	79
947	106
948	152
949	125
950	78
951	105
952	116
953	61
954	87
955	166
956	84
957	53
958	136
959	95
960	114
961	88
962	38
963	141
964	157
965	92
966	127
967	121
968	63
969	83
970	112
971	198
972	81
973	124
974	110
975	67
976	86
977	266
978	466
979	117
980	54
981	131
982	90
983	71
984	111
985	156
986	92
987	212
988	136
989	121
990	173
991	115
992	92
993	123
994	224
995	178
996	167
997	144
998	76
999	51
1000	173
1001	468
1002	216
1003	102
1004	105
1005	142
1006	146
1007	55
1008	59
1009	201
1010	112
1011	124
1012	139
1013	113
1014	201
1015	137
1016	161
1017	133
1018	248
1019	363
1020	402
1021	232
1022	220
1023	241
1024	184
1025	231
1026	168
1027	177
1028	231
1029	528
1030	751
1031	626
1032	501
1033	485
1034	587
1035	652
1036	559
1037	555
1038	603
1039	523
1040	803
1041	1156
1042	874
1043	1286
1044	1618
1045	1847
1046	1552
1047	1493
1048	1861
1049	1570
1050	1419
1051	1497
1052	1894
1053	2316
1054	2141
1055	1429
1056	927
1057	1225
1058	1661
1059	1384
1060	1158
1061	816
1062	643
1063	775
1064	615
1065	346
1066	685
1067	483
1068	428
1069	464
1070	585
1071	799
1072	932
1073	687
1074	281
1075	106
1076	119
1077	223
1078	640
1079	791
1080	440
1081	233
1082	175
1083	297
1084	267
1085	386
1086	269
1087	237
1088	429
1089	690
1090	496
1091	402
1092	472
1093	264
1094	125
1095	120
1096	102
1097	128
1098	293
1099	517
1100	122
1101	212
1102	95
1103	144
1104	196
1105	411
1106	225
1107	140
1108	156
1109	227
1110	99
1111	140
1112	139
1113	106
1114	112
1115	82
1116	93
1117	258
1118	269
1119	490
1120	212
1121	136
1122	113
1123	56
1124	85
1125	80
1126	81
1127	89
1128	112
1129	56
1130	65
1131	60
1132	83
1133	125
1134	131
1135	192
1136	108
1137	48
1138	113
1139	61
1140	138
1141	97
1142	192
1143	179
1144	69
1145	80
1146	146
1147	146
1148	261
1149	70
1150	69
1151	113
1152	84
1153	48
1154	100
1155	101
1156	61
1157	58
1158	71
1159	130
1160	63
1161	118
1162	98
1163	99
1164	226
1165	154
1166	59
1167	74
1168	171
1169	353
1170	112
1171	101
1172	235
1173	387
1174	318
1175	117
1176	204
1177	175
1178	358
1179	199
1180	181
1181	267
1182	196
1183	72
1184	100
1185	264
1186	511
1187	540
1188	693
1189	187
1190	89
1191	347
1192	517
1193	252
1194	183
1195	132
1196	355
1197	405
1198	305
1199	292
1200	50
1201	122
1202	56
1203	84
1204	114
1205	139
1206	154
1207	233
1208	205
1209	124
1210	75
1211	55
1212	92
1213	126
1214	97
1215	63
1216	222
1217	66
1218	107
1219	138
1220	138
1221	123
1222	99
1223	273
1224	340
1225	207
1226	172
1227	100
1228	75
1229	71
1230	77
1231	103
1232	58
1233	87
1234	115
1235	49
1236	210
1237	377
1238	93
1239	116
1240	44
1241	78
1242	58
1243	63
1244	57
1245	92
1246	180
1247	261
1248	116
1249	68
1250	61
1251	100
1252	110
1253	430
1254	376
1255	119
1256	95
1257	98
1258	51
1259	76
1260	74
1261	46
1262	99
1263	180
1264	98
1265	49
1266	37
1267	132
1268	149
1269	145
1270	95
1271	75
1272	70
1273	83
1274	24
1275	81
1276	69
1277	92
1278	39
1279	44
1280	59
1281	55
1282	71
1283	118
1284	70
1285	136
1286	110
1287	52
1288	135
1289	71
1290	125
1291	94
1292	83
1293	92
1294	67
1295	106
1296	101
1297	94
1298	85
1299	69
1300	107
1301	100
1302	75
1303	88
1304	57
1305	103
1306	101
1307	297
1308	78
1309	66
1310	161
1311	277
1312	82
1313	64
1314	40
1315	91
1316	61
1317	56
1318	50
1319	59
1320	85
1321	83
1322	89
1323	59
1324	117
1325	55
1326	73
1327	117
1328	66
1329	78
1330	115
1331	214
1332	1263
1333	438
1334	184
1335	149
1336	63
1337	44
1338	60
1339	66
1340	134
1341	97
1342	34
1343	38
1344	36
1345	45
1346	68
1347	86
1348	78
1349	34
1350	30
1351	50
1352	49
1353	109
1354	93
1355	124
1356	69
1357	38
1358	56
1359	103
1360	50
1361	43
1362	77
1363	204
1364	112
1365	46
1366	82
1367	37
1368	79
1369	135
1370	15
1371	134
1372	65
1373	71
1374	114
1375	51
1376	57
1377	68
1378	67
1379	16
1380	49
1381	82
1382	93
1383	94
1384	72
1385	57
1386	92
1387	32
1388	37
1389	57
1390	179
1391	184
1392	198
1393	72
1394	42
1395	60
1396	49
1397	80
1398	21
1399	82
1400	31
1401	37
1402	105
1403	95
1404	66
1405	59
1406	12
1407	53
1408	21
1409	77
1410	90
1411	276
1412	117
1413	57
1414	23
1415	75
1416	41
1417	133
1418	285
1419	81
1420	36
1421	77
1422	50
1423	70
1424	51
1425	50
1426	60
1427	45
1428	46
1429	64
1430	150
1431	75
1432	47
1433	68
1434	97
1435	107
1436	90
1437	25
1438	92
1439	58
1440	61
1441	70
1442	42
1443	115
1444	228
1445	224
1446	220
1447	66
1448	127
1449	190
1450	126
1451	157
1452	571
1453	365
1454	166
1455	186
1456	302
1457	122
1458	46
1459	90
1460	216
1461	78
1462	221
1463	93
1464	97
1465	397
1466	275
1467	100
1468	101
1469	143
1470	135
1471	64
1472	11
1473	48
1474	44
1475	59
1476	59
1477	74
1478	113
1479	256
1480	242
1481	290
1482	172
1483	65
1484	94
1485	67
1486	67
1487	266
1488	326
1489	775
1490	283
1491	66
1492	112
1493	466
1494	705
1495	494
1496	656
1497	882
1498	638
1499	535
1500	75
1501	344
1502	579
1503	1167
1504	1562
1505	1806
1506	1146
1507	913
1508	780
1509	985
1510	1168
1511	1219
1512	1141
1513	1293
1514	1842
1515	1932
1516	1979
1517	1197
1518	1546
1519	2038
1520	2477
1521	2191
1522	2340
1523	2630
1524	3025
1525	3539
1526	5015
1527	6202
1528	5460
1529	5337
1530	7508
1531	7402
1532	7974
1533	9263
1534	12098
1535	11240
1536	9997
1537	10182
1538	8394
1539	6612
1540	5788
1541	6078
1542	4866
1543	3905
1544	2885
1545	2962
1546	2984
1547	2589
1548	1896
1549	1915
1550	1591
1551	1849
1552	1344
1553	1416
1554	1977
1555	2005
1556	1733
1557	684
1558	1718
1559	1629
1560	2067
1561	2397
1562	2132
1563	1980
1564	1887
1565	2034
1566	1312
1567	1032
1568	1622
1569	1445
1570	1574
1571	2357
1572	2352
1573	1951
1574	895
1575	202
1576	138
1577	101
1578	52
1579	99
1580	56
1581	47
1582	196
1583	77
1584	40
1585	78
1586	48
1587	94
1588	184
1589	123
1590	90
1591	56
1592	49
1593	92
1594	155
1595	226
1596	150
1597	66
1598	100
1599	152
1600	35
1601	66
1602	59
1603	66
1604	85
1605	99
1606	49
1607	89
1608	42
1609	69
1610	179
1611	67
1612	137
1613	67
1614	60
1615	67
1616	81
1617	146
1618	118
1619	95
1620	22
1621	112
1622	34
1623	90
1624	42
1625	85
1626	46
1627	131
1628	66
1629	133
1630	138
1631	8
1632	79
1633	46
1634	79
1635	117
1636	81
1637	81
1638	41
1639	106
1640	72
1641	44
1642	65
1643	94
1644	78
1645	52
1646	28
1647	50
1648	81
1649	59
1650	84
1651	176
1652	88
1653	122
1654	98
1655	54
1656	79
1657	89
1658	71
1659	58
1660	53
1661	132
1662	114
1663	104
1664	77
1665	125
1666	88
1667	94
1668	73
1669	70
1670	69
1671	54
1672	39
1673	39
1674	44
1675	84
1676	129
1677	141
1678	52
1679	89
1680	111
1681	103
1682	43
1683	139
1684	80
1685	155
1686	51
1687	87
1688	129
1689	65
1690	40
1691	96
1692	71
1693	72
1694	120
1695	105
1696	120
1697	86
1698	110
1699	62
1700	106
1701	96
1702	55
1703	61
1704	120
1705	60
1706	63
1707	165
1708	83
1709	61
1710	70
1711	110
1712	65
1713	96
1714	109
1715	116
1716	138
1717	93
1718	107
1719	85
1720	79
1721	55
1722	39
1723	73
1724	87
1725	111
1726	133
1727	88
1728	92
1729	65
1730	49
1731	86
1732	65
1733	120
1734	149
1735	66
1736	83
1737	98
1738	79
1739	76
1740	49
1741	91
1742	165
1743	104
1744	159
1745	94
1746	128
1747	87
1748	130
1749	71
1750	122
1751	106
1752	91
1753	71
1754	89
1755	79
1756	125
1757	120
1758	71
1759	104
1760	96
1761	79
1762	54
1763	75
1764	28
1765	82
1766	63
1767	41
1768	70
1769	59
1770	75
1771	62
1772	38
1773	66
1774	101
1775	69
1776	78
1777	168
1778	49
1779	157
1780	76
1781	91
1782	107
1783	70
1784	103
1785	78
1786	85
1787	119
1788	101
1789	129
1790	37
1791	69
1792	73
1793	144
1794	118
1795	54
1796	63
1797	48
1798	87
1799	107
1800	122
1801	55
1802	52
1803	105
1804	59
1805	73
1806	94
1807	115
1808	89
1809	49
1810	140
1811	117
1812	105
1813	57
1814	107
1815	100
1816	90
1817	157
1818	89
1819	90
1820	169
1821	57
1822	95
1823	114
1824	153
1825	82
1826	118
1827	76
1828	120
1829	113
1830	162
1831	100
1832	110
1833	125
1834	151
1835	55
1836	196
1837	56
1838	155
1839	123
1840	122
1841	69
1842	101
1843	165
1844	80
1845	142
1846	112
1847	72
1848	154
1849	95
1850	177
1851	110
1852	87
1853	161
1854	102
1855	122
1856	179
1857	157
1858	146
1859	131
1860	134
1861	133
1862	208
1863	155
1864	101
1865	166
1866	82
1867	109
1868	130
1869	100
1870	181
1871	83
1872	91
1873	150
1874	114
1875	104
1876	97
1877	100
1878	99
1879	96
1880	90
1881	163
1882	109
1883	111
1884	135
1885	114
1886	111
1887	125
1888	170
1889	119
1890	198
1891	114
1892	106
1893	169
1894	117
1895	150
1896	187
1897	168
1898	151
1899	201
1900	169
1901	131
1902	149
1903	103
1904	188
1905	103
1906	231
1907	128
1908	176
1909	208
1910	140
1911	122
1912	137
1913	152
1914	79
1915	139
1916	156
1917	157
1918	147
1919	247
1920	146
1921	137
1922	109
1923	131
1924	138
1925	98
1926	186
1927	180
1928	192
1929	169
1930	188
1931	161
1932	282
1933	202
1934	221
1935	153
1936	164
1937	150
1938	201
1939	86
1940	211
1941	157
1942	181
1943	155
1944	191
1945	137
1946	201
1947	189
1948	179
1949	177
1950	173
1951	173
1952	204
1953	147
1954	209
1955	133
1956	724
1957	145
1958	234
1959	187
1960	222
1961	110
1962	179
1963	190
1964	162
1965	116
1966	222
1967	244
1968	214
1969	184
1970	183
1971	209
1972	172
1973	185
1974	120
1975	272
1976	153
1977	253
1978	140
1979	142
1980	172
1981	127
1982	134
1983	307
1984	230
1985	240
1986	222
1987	140
1988	172
1989	224
1990	103
1991	227
1992	142
1993	112
1994	146
1995	187
1996	256
1997	171
1998	122
1999	175
2000	167
2001	160
2002	180
2003	192
2004	228
2005	221
2006	342
2007	229
2008	236
2009	163
2010	182
2011	201
2012	223
2013	182
2014	187
2015	185
2016	258
2017	144
2018	235
2019	224
2020	177
2021	206
2022	183
2023	227
2024	210
2025	225
2026	172
2027	194
2028	183
2029	187
2030	151
2031	124
2032	166
2033	335
2034	193
2035	175
2036	142
2037	106
2038	112
2039	91
2040	122
2041	150
2042	174
2043	160
2044	157
2045	174
2046	205
2047	193
