Instrument: Andor
X Size: 2048
Y Size: 64
Total Flux: 0.000
Total Counts: 365444
Background: 335.000000
Curvature: 0.0
Clipped to ROI: No
ROI: 1309 526 2539 1627
X	Counts
0	0
1	2
2	2
3	2
4	0
5	3
6	31
7	43
8	8
9	16
10	0
11	2
12	3
13	4
14	4
15	36
16	10
17	16
18	9
19	1
20	72
21	0
22	12
23	28
24	2
25	4
26	0
27	0
28	5
29	1
30	1
31	0
32	40
33	9
34	19
35	12
36	17
37	20
38	11
39	26
40	22
41	10
42	10
43	42
44	9
45	5
46	8
47	55
48	12
49	27
50	12
51	34
52	6
53	81
54	29
55	15
56	47
57	11
58	1
59	13
60	42
61	5
62	26
63	12
64	8
65	5
66	60
67	2
68	5
69	21
70	36
71	10
72	23
73	41
74	35
75	12
76	17
77	12
78	60
79	48
80	37
81	105
82	64
83	8
84	0
85	17
86	21
87	42
88	53
89	14
90	19
91	31
92	34
93	27
94	76
95	90
96	49
97	17
98	40
99	39
100	39
101	49
102	29
103	44
104	2
105	5
106	8
107	10
108	80
109	31
110	52
111	54
112	28
113	34
114	25
115	22
116	49
117	40
118	23
119	20
120	27
121	40
122	7
123	19
124	37
125	57
126	41
127	7
128	7
129	70
130	23
131	19
132	48
133	53
134	43
135	39
136	26
137	43
138	25
139	26
140	20
141	15
142	30
143	48
144	13
145	8
146	47
147	75
148	36
149	46
150	26
151	21
152	24
153	28
154	21
155	6
156	22
157	19
158	33
159	56
160	28
161	18
162	16
163	82
164	15
165	33
166	11
167	0
168	7
169	17
170	85
171	15
172	13
173	47
174	40
175	35
176	24
177	31
178	7
179	20
180	20
181	23
182	6
183	6
184	8
185	29
186	23
187	38
188	49
189	43
190	14
191	42
192	17
193	27
194	25
195	35
196	21
197	26
198	1
199	14
200	43
201	42
202	11
203	9
204	19
205	20
206	2
207	66
208	19
209	14
210	35
211	11
212	21
213	15
214	40
215	50
216	13
217	31
218	99
219	10
220	42
221	24
222	76
223	56
224	64
225	80
226	104
227	39
228	21
229	36
230	31
231	33
232	32
233	58
234	53
235	32
236	44
237	1
238	9
239	4
240	52
241	8
242	5
243	32
244	15
245	45
246	19
247	31
248	12
249	44
250	16
251	10
252	11
253	11
254	20
255	19
256	7
257	31
258	1
259	22
260	15
261	40
262	46
263	79
264	34
265	24
266	30
267	3
268	39
269	32
270	48
271	33
272	5
273	9
274	16
275	22
276	23
277	45
278	45
279	14
280	27
281	10
282	19
283	11
284	45
285	14
286	12
287	10
288	11
289	10
290	43
291	7
292	17
293	4
294	1
295	21
296	39
297	5
298	37
299	37
300	32
301	54
302	14
303	26
304	45
305	43
306	15
307	6
308	7
309	7
310	3
311	5
312	15
313	7
314	9
315	2
316	4
317	23
318	8
319	31
320	28
321	10
322	10
323	29
324	22
325	19
326	6
327	15
328	22
329	36
330	21
331	1
332	13
333	12
334	2
335	20
336	23
337	15
338	14
339	16
340	25
341	11
342	10
343	1
344	45
345	14
346	24
347	20
348	26
349	24
350	34
351	34
352	14
353	27
354	61
355	12
356	13
357	8
358	13
359	15
360	35
361	20
362	13
363	23
364	7
365	4
366	17
367	30
368	23
369	99
370	211
371	651
372	187
373	74
374	36
375	53
376	7
377	23
378	21
379	10
380	11
381	13
382	2
383	20
384	17
385	38
386	14
387	15
388	29
389	0
390	5
391	25
392	6
393	62
394	161
395	242
396	51
397	14
398	25
399	8
400	15
401	6
402	4
403	16
404	3
405	17
406	41
407	7
408	7
409	1
410	0
411	2
412	6
413	23
414	24
415	22
416	15
417	18
418	18
419	83
420	53
421	10
422	5
423	5
424	2
425	7
426	20
427	25
428	74
429	44
430	14
431	15
432	3
433	8
434	2
435	41
436	27
437	50
438	22
439	9
440	17
441	8
442	11
443	46
444	165
445	53
446	1
447	2
448	77
449	76
450	14
451	10
452	54
453	57
454	6
455	7
456	5
457	22
458	8
459	15
460	18
461	34
462	33
463	34
464	17
465	0
466	11
467	19
468	49
469	117
470	20
471	1
472	213
473	92
474	0
475	3
476	9
477	8
478	12
479	62
480	45
481	9
482	8
483	10
484	39
485	151
486	247
487	129
488	26
489	15
490	1
491	9
492	7
493	112
494	166
495	18
496	1
497	8
498	12
499	39
500	121
501	141
502	53
503	12
504	10
505	9
506	34
507	25
508	124
509	91
510	18
511	3
512	14
513	16
514	6
515	22
516	17
517	40
518	3
519	15
520	14
521	35
522	65
523	85
524	143
525	116
526	133
527	78
528	13
529	3
530	5
531	22
532	24
533	113
534	185
535	290
536	489
537	262
538	77
539	27
540	92
541	226
542	33
543	11
544	107
545	306
546	83
547	66
548	205
549	45
550	194
551	215
552	34
553	221
554	44
555	99
556	290
557	413
558	342
559	685
560	287
561	224
562	362
563	490
564	569
565	472
566	460
567	534
568	391
569	186
570	647
571	480
572	499
573	533
574	887
575	525
576	626
577	607
578	483
579	651
580	846
581	1020
582	1032
583	953
584	1022
585	1351
586	1124
587	1008
588	529
589	783
590	1114
591	1642
592	1318
593	1066
594	1332
595	1077
596	1349
597	1954
598	2114
599	1928
600	2060
601	2673
602	2288
603	2505
604	2387
605	2350
606	2950
607	2515
608	2619
609	2625
610	2508
611	2550
612	2581
613	1969
614	2154
615	1890
616	1689
617	2078
618	1985
619	2106
620	1831
621	1586
622	2031
623	2181
624	1710
625	1786
626	1573
627	1658
628	1443
629	1526
630	1767
631	1261
632	1444
633	1067
634	484
635	621
636	907
637	1055
638	1084
639	1071
640	822
641	1073
642	971
643	492
644	746
645	946
646	754
647	671
648	782
649	738
650	556
651	318
652	353
653	278
654	319
655	178
656	190
657	184
658	72
659	41
660	97
661	257
662	90
663	249
664	260
665	154
666	305
667	111
668	77
669	68
670	387
671	149
672	297
673	202
674	210
675	294
676	134
677	249
678	45
679	37
680	60
681	29
682	26
683	6
684	23
685	27
686	23
687	25
688	31
689	34
690	45
691	30
692	73
693	91
694	6
695	132
696	349
697	672
698	159
699	39
700	58
701	10
702	20
703	29
704	19
705	29
706	25
707	28
708	92
709	15
710	21
711	49
712	165
713	97
714	48
715	50
716	12
717	32
718	10
719	29
720	37
721	20
722	35
723	24
724	30
725	64
726	9
727	42
728	0
729	59
730	13
731	8
732	62
733	18
734	8
735	12
736	19
737	30
738	27
739	20
740	16
741	13
742	30
743	34
744	11
745	22
746	39
747	24
748	9
749	35
750	37
751	40
752	18
753	42
754	32
755	10
756	16
757	31
758	20
759	15
760	83
761	60
762	52
763	53
764	114
765	166
766	53
767	39
768	76
769	65
770	34
771	39
772	56
773	101
774	65
775	22
776	41
777	11
778	12
779	5
780	26
781	20
782	22
783	14
784	45
785	7
786	23
787	11
788	13
789	81
790	65
791	38
792	36
793	16
794	10
795	6
796	37
797	17
798	110
799	116
800	66
801	52
802	41
803	39
804	26
805	22
806	25
807	23
808	26
809	35
810	49
811	49
812	48
813	47
814	32
815	20
816	29
817	23
818	37
819	25
820	27
821	26
822	15
823	26
824	133
825	29
826	51
827	56
828	40
829	33
830	19
831	30
832	49
833	22
834	22
835	23
836	33
837	108
838	16
839	25
840	52
841	10
842	36
843	1
844	39
845	22
846	28
847	34
848	13
849	31
850	19
851	10
852	76
853	34
854	28
855	41
856	34
857	29
858	14
859	32
860	36
861	19
862	57
863	10
864	42
865	116
866	16
867	74
868	17
869	15
870	90
871	75
872	32
873	33
874	23
875	15
876	59
877	32
878	48
879	34
880	24
881	57
882	32
883	23
884	15
885	39
886	55
887	60
888	52
889	75
890	28
891	69
892	37
893	29
894	48
895	45
896	102
897	33
898	57
899	64
900	62
901	117
902	58
903	127
904	71
905	63
906	94
907	80
908	89
909	60
910	99
911	116
912	82
913	63
914	68
915	86
916	64
917	87
918	88
919	49
920	117
921	104
922	101
923	85
924	68
925	70
926	94
927	52
928	52
929	119
930	52
931	100
932	61
933	90
934	46
935	58
936	78
937	44
938	50
939	56
940	48
941	14
942	48
943	85
944	103
945	36
946	43
947	25
948	56
949	44
950	42
951	48
952	45
953	37
954	101
955	49
956	34
957	41
958	48
959	43
960	42
961	69
962	54
963	34
964	32
965	55
966	49
967	46
968	41
969	55
970	85
971	39
972	26
973	47
974	52
975	49
976	12
977	16
978	43
979	47
980	49
981	54
982	20
983	48
984	29
985	64
986	42
987	62
988	58
989	81
990	61
991	121
992	46
993	46
994	46
995	46
996	39
997	41
998	53
999	57
1000	97
1001	56
1002	25
1003	63
1004	53
1005	87
1006	66
1007	72
1008	53
1009	58
1010	61
1011	36
1012	44
1013	42
1014	48
1015	9
1016	47
1017	53
1018	43
1019	62
1020	19
1021	38
1022	32
1023	33
1024	46
1025	49
1026	43
1027	48
1028	32
1029	23
1030	133
1031	65
1032	52
1033	10
1034	35
1035	42
1036	44
1037	93
1038	74
1039	41
1040	76
1041	47
1042	40
1043	31
1044	64
1045	208
1046	392
1047	103
1048	49
1049	35
1050	105
1051	139
1052	30
1053	97
1054	31
1055	70
1056	73
1057	48
1058	82
1059	24
1060	22
1061	46
1062	54
1063	82
1064	33
1065	86
1066	43
1067	31
1068	32
1069	79
1070	46
1071	93
1072	45
1073	68
1074	37
1075	28
1076	56
1077	36
1078	43
1079	23
1080	47
1081	95
1082	23
1083	44
1084	49
1085	45
1086	74
1087	91
1088	39
1089	35
1090	34
1091	26
1092	56
1093	29
1094	51
1095	62
1096	22
1097	14
1098	34
1099	80
1100	173
1101	48
1102	26
1103	31
1104	55
1105	48
1106	32
1107	39
1108	63
1109	37
1110	54
1111	15
1112	42
1113	62
1114	21
1115	31
1116	24
1117	41
1118	40
1119	30
1120	35
1121	59
1122	25
1123	24
1124	13
1125	25
1126	11
1127	18
1128	15
1129	47
1130	37
1131	35
1132	78
1133	34
1134	21
1135	48
1136	25
1137	85
1138	22
1139	28
1140	35
1141	60
1142	51
1143	24
1144	33
1145	10
1146	69
1147	47
1148	32
1149	48
1150	67
1151	32
1152	39
1153	31
1154	61
1155	33
1156	38
1157	47
1158	39
1159	53
1160	68
1161	102
1162	131
1163	27
1164	37
1165	47
1166	52
1167	28
1168	5
1169	71
1170	47
1171	26
1172	70
1173	19
1174	55
1175	12
1176	44
1177	47
1178	35
1179	41
1180	55
1181	24
1182	52
1183	43
1184	41
1185	31
1186	85
1187	139
1188	42
1189	74
1190	134
1191	52
1192	47
1193	33
1194	35
1195	7
1196	46
1197	14
1198	21
1199	68
1200	49
1201	8
1202	22
1203	63
1204	73
1205	12
1206	26
1207	52
1208	31
1209	29
1210	31
1211	40
1212	25
1213	50
1214	49
1215	32
1216	41
1217	32
1218	43
1219	30
1220	64
1221	40
1222	26
1223	14
1224	52
1225	40
1226	33
1227	31
1228	20
1229	30
1230	11
1231	11
1232	40
1233	52
1234	42
1235	32
1236	23
1237	37
1238	62
1239	54
1240	64
1241	9
1242	27
1243	39
1244	34
1245	98
1246	211
1247	81
1248	64
1249	12
1250	35
1251	42
1252	53
1253	227
1254	28
1255	22
1256	57
1257	42
1258	55
1259	117
1260	109
1261	140
1262	39
1263	25
1264	36
1265	89
1266	86
1267	32
1268	34
1269	23
1270	60
1271	5
1272	7
1273	21
1274	65
1275	21
1276	32
1277	36
1278	5
1279	10
1280	35
1281	25
1282	10
1283	39
1284	11
1285	38
1286	29
1287	60
1288	50
1289	30
1290	2
1291	34
1292	34
1293	36
1294	11
1295	42
1296	42
1297	87
1298	44
1299	47
1300	34
1301	18
1302	16
1303	27
1304	41
1305	13
1306	35
1307	259
1308	126
1309	64
1310	59
1311	75
1312	30
1313	26
1314	27
1315	5
1316	35
1317	19
1318	80
1319	27
1320	64
1321	24
1322	11
1323	36
1324	43
1325	12
1326	40
1327	37
1328	34
1329	30
1330	57
1331	20
1332	31
1333	13
1334	31
1335	44
1336	67
1337	20
1338	67
1339	45
1340	38
1341	102
1342	74
1343	21
1344	36
1345	15
1346	10
1347	1
1348	39
1349	21
1350	22
1351	36
1352	59
1353	75
1354	111
1355	71
1356	105
1357	146
1358	16
1359	50
1360	35
1361	33
1362	48
1363	105
1364	37
1365	81
1366	21
1367	18
1368	28
1369	98
1370	23
1371	61
1372	28
1373	13
1374	26
1375	16
1376	31
1377	10
1378	29
1379	13
1380	32
1381	20
1382	46
1383	37
1384	62
1385	28
1386	70
1387	62
1388	32
1389	22
1390	26
1391	8
1392	77
1393	165
1394	134
1395	43
1396	5
1397	34
1398	84
1399	82
1400	31
1401	13
1402	63
1403	45
1404	31
1405	88
1406	17
1407	18
1408	54
1409	68
1410	38
1411	122
1412	46
1413	73
1414	79
1415	18
1416	32
1417	59
1418	15
1419	36
1420	23
1421	53
1422	27
1423	68
1424	40
1425	18
1426	178
1427	161
1428	101
1429	127
1430	115
1431	23
1432	29
1433	9
1434	2
1435	52
1436	44
1437	42
1438	39
1439	41
1440	58
1441	30
1442	39
1443	28
1444	24
1445	45
1446	28
1447	17
1448	12
1449	18
1450	52
1451	49
1452	16
1453	29
1454	17
1455	8
1456	92
1457	148
1458	111
1459	18
1460	18
1461	30
1462	100
1463	23
1464	43
1465	51
1466	21
1467	8
1468	5
1469	12
1470	20
1471	54
1472	3
1473	34
1474	67
1475	67
1476	64
1477	32
1478	43
1479	95
1480	151
1481	177
1482	171
1483	11
1484	50
1485	33
1486	22
1487	27
1488	31
1489	78
1490	189
1491	66
1492	28
1493	48
1494	24
1495	16
1496	8
1497	39
1498	62
1499	73
1500	45
1501	66
1502	31
1503	23
1504	7
1505	20
1506	41
1507	13
1508	40
1509	22
1510	16
1511	24
1512	71
1513	65
1514	22
1515	7
1516	60
1517	8
1518	42
1519	173
1520	34
1521	79
1522	28
1523	43
1524	40
1525	59
1526	57
1527	38
1528	56
1529	25
1530	29
1531	86
1532	56
1533	36
1534	89
1535	114
1536	118
1537	87
1538	178
1539	84
1540	62
1541	82
1542	20
1543	44
1544	11
1545	41
1546	64
1547	87
1548	226
1549	351
1550	210
1551	446
1552	471
1553	47
1554	50
1555	304
1556	539
1557	515
1558	68
1559	257
1560	149
1561	463
1562	196
1563	75
1564	452
1565	406
1566	202
1567	168
1568	675
1569	625
1570	674
1571	746
1572	420
1573	661
1574	992
1575	528
1576	1013
1577	1194
1578	891
1579	994
1580	1089
1581	1078
1582	1145
1583	981
1584	1095
1585	1150
1586	1547
1587	1110
1588	1390
1589	1754
1590	1966
1591	2305
1592	2240
1593	2297
1594	2262
1595	2426
1596	2923
1597	2841
1598	2901
1599	3154
1600	2284
1601	2404
1602	2868
1603	2456
1604	2153
1605	1597
1606	1582
1607	2060
1608	1873
1609	2259
1610	2025
1611	1643
1612	1242
1613	680
1614	1154
1615	1854
1616	1833
1617	1343
1618	1514
1619	1219
1620	1026
1621	1011
1622	1189
1623	915
1624	391
1625	532
1626	657
1627	945
1628	623
1629	1051
1630	1066
1631	556
1632	906
1633	955
1634	909
1635	778
1636	318
1637	438
1638	167
1639	144
1640	191
1641	237
1642	634
1643	737
1644	206
1645	172
1646	176
1647	246
1648	104
1649	455
1650	293
1651	90
1652	71
1653	221
1654	395
1655	130
1656	0
1657	19
1658	40
1659	92
1660	136
1661	48
1662	111
1663	257
1664	403
1665	167
1666	38
1667	41
1668	38
1669	38
1670	42
1671	118
1672	178
1673	262
1674	128
1675	17
1676	69
1677	51
1678	43
1679	29
1680	63
1681	56
1682	51
1683	62
1684	47
1685	68
1686	35
1687	78
1688	87
1689	34
1690	36
1691	49
1692	37
1693	40
1694	106
1695	19
1696	11
1697	84
1698	176
1699	60
1700	78
1701	92
1702	85
1703	42
1704	66
1705	58
1706	25
1707	65
1708	35
1709	44
1710	41
1711	50
1712	40
1713	40
1714	48
1715	60
1716	86
1717	177
1718	59
1719	41
1720	51
1721	68
1722	10
1723	75
1724	70
1725	184
1726	95
1727	56
1728	99
1729	60
1730	34
1731	77
1732	22
1733	35
1734	40
1735	42
1736	31
1737	19
1738	32
1739	57
1740	42
1741	66
1742	180
1743	48
1744	42
1745	28
1746	53
1747	45
1748	164
1749	114
1750	129
1751	60
1752	24
1753	43
1754	49
1755	29
1756	44
1757	52
1758	20
1759	32
1760	40
1761	124
1762	85
1763	89
1764	26
1765	20
1766	19
1767	27
1768	43
1769	42
1770	36
1771	13
1772	52
1773	60
1774	47
1775	28
1776	68
1777	8
1778	36
1779	35
1780	41
1781	19
1782	27
1783	45
1784	44
1785	36
1786	64
1787	56
1788	103
1789	166
1790	31
1791	30
1792	41
1793	51
1794	27
1795	65
1796	22
1797	63
1798	66
1799	11
1800	31
1801	17
1802	56
1803	39
1804	32
1805	35
1806	45
1807	59
1808	7
1809	25
1810	64
1811	152
1812	138
1813	68
1814	72
1815	105
1816	265
1817	153
1818	36
1819	42
1820	68
1821	70
1822	59
1823	62
1824	111
1825	125
1826	42
1827	64
1828	63
1829	41
1830	53
1831	11
1832	65
1833	20
1834	24
1835	86
1836	295
1837	335
1838	112
1839	56
1840	37
1841	55
1842	97
1843	119
1844	214
1845	201
1846	87
1847	409
1848	217
1849	115
1850	159
1851	185
1852	103
1853	190
1854	273
1855	205
1856	170
1857	123
1858	122
1859	147
1860	336
1861	128
1862	199
1863	125
1864	100
1865	92
1866	46
1867	55
1868	34
1869	343
1870	321
1871	131
1872	101
1873	113
1874	90
1875	164
1876	174
1877	194
1878	205
1879	141
1880	70
1881	104
1882	47
1883	68
1884	66
1885	54
1886	34
1887	79
1888	53
1889	44
1890	70
1891	104
1892	150
1893	138
1894	178
1895	238
1896	63
1897	67
1898	135
1899	167
1900	90
1901	48
1902	102
1903	78
1904	103
1905	115
1906	86
1907	129
1908	182
1909	185
1910	66
1911	162
1912	126
1913	221
1914	29
1915	80
1916	48
1917	133
1918	333
1919	342
1920	199
1921	63
1922	61
1923	55
1924	189
1925	210
1926	95
1927	73
1928	100
1929	88
1930	64
1931	93
1932	490
1933	160
1934	75
1935	74
1936	117
1937	153
1938	175
1939	202
1940	258
1941	157
1942	113
1943	207
1944	87
1945	44
1946	66
1947	120
1948	173
1949	63
1950	98
1951	71
1952	146
1953	167
1954	309
1955	200
1956	165
1957	139
1958	204
1959	379
1960	237
1961	174
1962	443
1963	150
1964	127
1965	181
1966	319
1967	184
1968	126
1969	201
1970	457
1971	217
1972	150
1973	73
1974	84
1975	129
1976	183
1977	200
1978	125
1979	139
1980	54
1981	137
1982	166
1983	154
1984	60
1985	126
1986	63
1987	150
1988	354
1989	189
1990	321
1991	613
1992	504
1993	216
1994	265
1995	522
1996	194
1997	207
1998	195
1999	466
2000	543
2001	264
2002	600
2003	241
2004	244
2005	597
2006	429
2007	436
2008	390
2009	813
2010	735
2011	493
2012	401
2013	673
2014	968
2015	776
2016	738
2017	354
2018	158
2019	140
2020	427
2021	406
2022	1087
2023	841
2024	542
2025	606
2026	607
2027	800
2028	719
2029	755
2030	643
2031	537
2032	596
2033	462
2034	811
2035	771
2036	1036
2037	685
2038	1016
2039	545
2040	664
2041	1043
2042	1059
2043	793
2044	1091
2045	1004
2046	1608
2047	1992
