Instrument: Andor
X Size: 2048
Y Size: 64
Total Flux: 0.000
Total Counts: 387101
Background: 332.000000
Curvature: 0.0
Clipped to ROI: No
ROI: 1309 526 2539 1627
X	Counts
0	161
1	63
2	8
3	1
4	4
5	9
6	1
7	3
8	0
9	9
10	10
11	21
12	9
13	2
14	19
15	5
16	10
17	7
18	12
19	0
20	19
21	44
22	67
23	15
24	6
25	3
26	8
27	5
28	8
29	11
30	18
31	13
32	4
33	13
34	24
35	4
36	17
37	31
38	4
39	45
40	73
41	2
42	10
43	13
44	19
45	27
46	13
47	35
48	31
49	17
50	115
51	19
52	32
53	35
54	41
55	18
56	12
57	16
58	45
59	71
60	59
61	14
62	26
63	48
64	21
65	14
66	49
67	9
68	34
69	22
70	23
71	65
72	45
73	41
74	21
75	31
76	63
77	31
78	39
79	34
80	25
81	86
82	59
83	20
84	79
85	68
86	25
87	31
88	19
89	23
90	23
91	47
92	126
93	74
94	46
95	61
96	31
97	19
98	67
99	28
100	51
101	36
102	29
103	19
104	37
105	23
106	3
107	37
108	49
109	48
110	29
111	89
112	59
113	29
114	64
115	90
116	33
117	106
118	54
119	43
120	33
121	50
122	47
123	20
124	30
125	45
126	46
127	25
128	35
129	51
130	54
131	27
132	34
133	23
134	39
135	76
136	28
137	60
138	8
139	42
140	42
141	39
142	57
143	34
144	77
145	42
146	59
147	48
148	52
149	64
150	41
151	41
152	108
153	139
154	35
155	61
156	79
157	78
158	16
159	64
160	42
161	27
162	28
163	51
164	13
165	43
166	37
167	66
168	45
169	31
170	24
171	44
172	26
173	51
174	34
175	36
176	27
177	13
178	15
179	33
180	43
181	96
182	18
183	18
184	18
185	75
186	73
187	19
188	38
189	65
190	22
191	58
192	59
193	63
194	30
195	79
196	67
197	36
198	20
199	38
200	36
201	27
202	81
203	19
204	39
205	22
206	29
207	70
208	92
209	23
210	35
211	53
212	11
213	50
214	58
215	32
216	35
217	59
218	56
219	54
220	45
221	34
222	37
223	35
224	82
225	38
226	12
227	29
228	16
229	28
230	26
231	36
232	66
233	50
234	54
235	29
236	32
237	44
238	106
239	50
240	45
241	21
242	45
243	44
244	18
245	28
246	57
247	29
248	37
249	71
250	18
251	20
252	185
253	102
254	23
255	44
256	93
257	75
258	16
259	12
260	19
261	62
262	30
263	29
264	15
265	29
266	22
267	34
268	35
269	6
270	7
271	61
272	26
273	14
274	44
275	32
276	38
277	56
278	50
279	23
280	11
281	43
282	24
283	26
284	26
285	26
286	27
287	27
288	50
289	57
290	21
291	25
292	17
293	31
294	18
295	34
296	40
297	43
298	51
299	25
300	9
301	33
302	16
303	57
304	38
305	67
306	101
307	33
308	25
309	27
310	10
311	31
312	40
313	29
314	6
315	38
316	31
317	20
318	15
319	54
320	38
321	29
322	20
323	17
324	37
325	22
326	25
327	24
328	37
329	35
330	29
331	17
332	24
333	30
334	19
335	26
336	16
337	35
338	18
339	24
340	34
341	22
342	22
343	6
344	7
345	38
346	18
347	6
348	65
349	35
350	34
351	18
352	39
353	9
354	12
355	23
356	24
357	53
358	28
359	36
360	80
361	26
362	10
363	19
364	12
365	16
366	11
367	30
368	4
369	49
370	8
371	21
372	18
373	26
374	84
375	76
376	61
377	114
378	124
379	68
380	34
381	49
382	21
383	5
384	9
385	24
386	18
387	17
388	13
389	6
390	24
391	31
392	9
393	35
394	59
395	29
396	31
397	57
398	30
399	7
400	77
401	25
402	15
403	11
404	1
405	11
406	30
407	43
408	28
409	37
410	96
411	125
412	52
413	15
414	30
415	40
416	30
417	7
418	37
419	36
420	5
421	18
422	32
423	5
424	24
425	43
426	26
427	64
428	6
429	16
430	70
431	115
432	89
433	4
434	9
435	11
436	2
437	24
438	14
439	65
440	99
441	9
442	13
443	75
444	69
445	43
446	20
447	34
448	71
449	27
450	33
451	12
452	41
453	55
454	24
455	42
456	293
457	85
458	37
459	18
460	55
461	77
462	81
463	243
464	52
465	10
466	8
467	5
468	85
469	113
470	8
471	10
472	7
473	28
474	15
475	19
476	67
477	33
478	7
479	29
480	7
481	3
482	13
483	14
484	13
485	53
486	113
487	83
488	56
489	17
490	66
491	160
492	33
493	40
494	24
495	15
496	13
497	27
498	14
499	35
500	54
501	10
502	87
503	23
504	61
505	145
506	119
507	142
508	22
509	51
510	66
511	35
512	18
513	96
514	108
515	130
516	170
517	29
518	33
519	14
520	26
521	11
522	32
523	165
524	320
525	79
526	77
527	224
528	322
529	68
530	105
531	222
532	250
533	33
534	82
535	287
536	429
537	512
538	541
539	269
540	178
541	266
542	164
543	183
544	38
545	104
546	132
547	243
548	282
549	288
550	314
551	258
552	627
553	559
554	152
555	321
556	344
557	469
558	380
559	480
560	360
561	337
562	418
563	387
564	560
565	628
566	766
567	296
568	846
569	722
570	581
571	783
572	957
573	916
574	1112
575	1052
576	1143
577	1424
578	1421
579	1324
580	1249
581	987
582	1119
583	1349
584	949
585	979
586	658
587	1363
588	2224
589	2340
590	1301
591	1850
592	1825
593	2118
594	2242
595	2396
596	1759
597	1508
598	2659
599	3086
600	3372
601	3345
602	3075
603	2946
604	3270
605	3009
606	3121
607	3182
608	3347
609	2794
610	3370
611	3574
612	2677
613	3030
614	2939
615	2886
616	2846
617	3173
618	3106
619	2970
620	2066
621	2038
622	2713
623	2784
624	2141
625	1693
626	2238
627	2430
628	2293
629	1970
630	1665
631	1362
632	957
633	1202
634	1244
635	1260
636	1150
637	922
638	953
639	1166
640	1513
641	1497
642	1008
643	1086
644	1065
645	604
646	670
647	685
648	312
649	291
650	542
651	680
652	457
653	399
654	506
655	417
656	629
657	560
658	459
659	255
660	345
661	172
662	324
663	531
664	445
665	318
666	411
667	389
668	147
669	126
670	482
671	255
672	208
673	99
674	52
675	43
676	120
677	215
678	66
679	56
680	37
681	30
682	44
683	21
684	24
685	47
686	45
687	152
688	28
689	73
690	40
691	108
692	113
693	86
694	103
695	112
696	342
697	156
698	139
699	59
700	24
701	47
702	38
703	50
704	36
705	57
706	41
707	56
708	29
709	21
710	8
711	34
712	44
713	11
714	51
715	33
716	33
717	35
718	10
719	71
720	34
721	38
722	50
723	47
724	122
725	26
726	13
727	41
728	32
729	63
730	14
731	24
732	14
733	22
734	22
735	45
736	49
737	65
738	68
739	21
740	28
741	23
742	35
743	86
744	81
745	45
746	52
747	47
748	16
749	10
750	45
751	42
752	59
753	62
754	54
755	25
756	5
757	100
758	90
759	32
760	73
761	97
762	70
763	48
764	172
765	153
766	57
767	51
768	23
769	67
770	28
771	5
772	30
773	64
774	35
775	20
776	50
777	39
778	60
779	49
780	26
781	54
782	27
783	31
784	45
785	56
786	41
787	21
788	28
789	49
790	46
791	20
792	50
793	27
794	64
795	48
796	36
797	78
798	43
799	52
800	84
801	79
802	83
803	60
804	30
805	59
806	75
807	77
808	64
809	30
810	20
811	48
812	55
813	60
814	32
815	52
816	60
817	49
818	39
819	23
820	43
821	26
822	53
823	41
824	27
825	20
826	64
827	79
828	40
829	61
830	75
831	40
832	55
833	83
834	71
835	51
836	57
837	68
838	44
839	81
840	72
841	50
842	66
843	42
844	31
845	32
846	24
847	44
848	22
849	87
850	25
851	72
852	74
853	43
854	51
855	78
856	58
857	52
858	31
859	38
860	57
861	17
862	41
863	32
864	80
865	11
866	14
867	68
868	112
869	61
870	129
871	95
872	43
873	72
874	57
875	28
876	77
877	110
878	94
879	34
880	55
881	65
882	82
883	20
884	33
885	57
886	49
887	75
888	100
889	70
890	71
891	74
892	124
893	37
894	80
895	92
896	93
897	69
898	42
899	80
900	93
901	43
902	91
903	105
904	115
905	78
906	90
907	88
908	75
909	167
910	86
911	80
912	33
913	112
914	72
915	98
916	97
917	125
918	68
919	110
920	99
921	113
922	101
923	129
924	81
925	98
926	132
927	120
928	107
929	85
930	106
931	87
932	110
933	43
934	70
935	108
936	116
937	63
938	50
939	88
940	93
941	47
942	84
943	106
944	116
945	47
946	75
947	83
948	45
949	76
950	66
951	41
952	94
953	58
954	71
955	111
956	112
957	36
958	110
959	32
960	70
961	72
962	62
963	99
964	55
965	25
966	74
967	48
968	70
969	58
970	96
971	45
972	102
973	54
974	56
975	53
976	52
977	46
978	37
979	23
980	59
981	71
982	75
983	46
984	68
985	96
986	68
987	50
988	89
989	322
990	235
991	94
992	69
993	95
994	81
995	45
996	98
997	89
998	47
999	79
1000	83
1001	77
1002	37
1003	83
1004	73
1005	39
1006	79
1007	77
1008	33
1009	78
1010	43
1011	86
1012	59
1013	79
1014	84
1015	82
1016	78
1017	66
1018	88
1019	42
1020	103
1021	85
1022	47
1023	62
1024	110
1025	93
1026	89
1027	106
1028	98
1029	102
1030	149
1031	64
1032	105
1033	60
1034	64
1035	35
1036	41
1037	100
1038	85
1039	49
1040	100
1041	59
1042	53
1043	34
1044	39
1045	46
1046	75
1047	42
1048	87
1049	144
1050	92
1051	89
1052	83
1053	58
1054	114
1055	80
1056	63
1057	71
1058	82
1059	63
1060	73
1061	33
1062	83
1063	63
1064	50
1065	73
1066	46
1067	80
1068	82
1069	50
1070	52
1071	31
1072	60
1073	46
1074	81
1075	27
1076	45
1077	80
1078	94
1079	45
1080	69
1081	57
1082	30
1083	80
1084	70
1085	36
1086	177
1087	110
1088	35
1089	86
1090	49
1091	39
1092	21
1093	25
1094	50
1095	68
1096	25
1097	81
1098	43
1099	101
1100	75
1101	111
1102	64
1103	67
1104	63
1105	68
1106	32
1107	101
1108	55
1109	76
1110	52
1111	45
1112	55
1113	34
1114	22
1115	55
1116	35
1117	62
1118	95
1119	35
1120	87
1121	91
1122	69
1123	38
1124	40
1125	35
1126	50
1127	45
1128	26
1129	46
1130	68
1131	53
1132	71
1133	40
1134	22
1135	42
1136	45
1137	32
1138	93
1139	43
1140	68
1141	49
1142	35
1143	33
1144	86
1145	95
1146	70
1147	100
1148	80
1149	102
1150	140
1151	68
1152	42
1153	60
1154	70
1155	66
1156	64
1157	61
1158	49
1159	72
1160	35
1161	67
1162	46
1163	72
1164	71
1165	63
1166	22
1167	116
1168	10
1169	90
1170	33
1171	103
1172	54
1173	47
1174	70
1175	28
1176	118
1177	57
1178	28
1179	69
1180	223
1181	127
1182	48
1183	36
1184	57
1185	70
1186	57
1187	57
1188	67
1189	44
1190	51
1191	63
1192	47
1193	62
1194	78
1195	62
1196	38
1197	57
1198	47
1199	78
1200	43
1201	97
1202	29
1203	80
1204	49
1205	38
1206	55
1207	42
1208	69
1209	74
1210	54
1211	41
1212	49
1213	35
1214	54
1215	55
1216	53
1217	85
1218	42
1219	57
1220	73
1221	71
1222	73
1223	68
1224	41
1225	73
1226	53
1227	39
1228	42
1229	41
1230	27
1231	58
1232	33
1233	80
1234	31
1235	22
1236	47
1237	114
1238	62
1239	50
1240	8
1241	56
1242	42
1243	53
1244	30
1245	71
1246	29
1247	52
1248	50
1249	40
1250	7
1251	35
1252	71
1253	113
1254	39
1255	40
1256	67
1257	54
1258	39
1259	59
1260	66
1261	93
1262	106
1263	173
1264	29
1265	80
1266	57
1267	90
1268	32
1269	13
1270	44
1271	13
1272	24
1273	49
1274	29
1275	55
1276	12
1277	41
1278	79
1279	73
1280	40
1281	80
1282	49
1283	80
1284	118
1285	145
1286	75
1287	40
1288	66
1289	78
1290	50
1291	34
1292	24
1293	32
1294	68
1295	53
1296	109
1297	39
1298	27
1299	48
1300	35
1301	52
1302	34
1303	32
1304	49
1305	32
1306	43
1307	82
1308	49
1309	41
1310	53
1311	52
1312	41
1313	43
1314	34
1315	31
1316	38
1317	38
1318	34
1319	33
1320	86
1321	58
1322	29
1323	41
1324	37
1325	235
1326	273
1327	139
1328	58
1329	71
1330	57
1331	40
1332	80
1333	24
1334	49
1335	79
1336	39
1337	52
1338	25
1339	50
1340	36
1341	17
1342	59
1343	57
1344	26
1345	45
1346	47
1347	46
1348	24
1349	26
1350	89
1351	65
1352	21
1353	94
1354	47
1355	93
1356	42
1357	51
1358	37
1359	23
1360	94
1361	68
1362	32
1363	60
1364	31
1365	85
1366	60
1367	66
1368	82
1369	61
1370	48
1371	37
1372	10
1373	48
1374	43
1375	31
1376	55
1377	45
1378	90
1379	118
1380	100
1381	50
1382	12
1383	32
1384	101
1385	23
1386	101
1387	72
1388	33
1389	41
1390	10
1391	23
1392	52
1393	88
1394	75
1395	49
1396	68
1397	38
1398	27
1399	29
1400	88
1401	34
1402	23
1403	33
1404	11
1405	48
1406	48
1407	63
1408	48
1409	77
1410	81
1411	51
1412	68
1413	64
1414	24
1415	38
1416	50
1417	26
1418	24
1419	56
1420	16
1421	35
1422	46
1423	76
1424	5
1425	34
1426	17
1427	9
1428	28
1429	63
1430	20
1431	40
1432	36
1433	45
1434	19
1435	52
1436	69
1437	17
1438	42
1439	21
1440	33
1441	36
1442	36
1443	39
1444	22
1445	34
1446	86
1447	60
1448	24
1449	24
1450	59
1451	36
1452	61
1453	54
1454	47
1455	19
1456	22
1457	28
1458	13
1459	28
1460	47
1461	52
1462	64
1463	16
1464	19
1465	38
1466	26
1467	53
1468	45
1469	33
1470	89
1471	191
1472	37
1473	73
1474	169
1475	38
1476	24
1477	37
1478	17
1479	33
1480	13
1481	122
1482	131
1483	25
1484	43
1485	49
1486	28
1487	50
1488	30
1489	41
1490	75
1491	57
1492	25
1493	24
1494	37
1495	10
1496	46
1497	30
1498	53
1499	49
1500	16
1501	77
1502	29
1503	29
1504	33
1505	18
1506	11
1507	24
1508	19
1509	55
1510	12
1511	50
1512	21
1513	91
1514	14
1515	36
1516	61
1517	23
1518	44
1519	62
1520	16
1521	16
1522	71
1523	88
1524	49
1525	71
1526	34
1527	46
1528	63
1529	10
1530	63
1531	52
1532	42
1533	35
1534	89
1535	25
1536	40
1537	188
1538	151
1539	24
1540	35
1541	38
1542	175
1543	455
1544	140
1545	30
1546	63
1547	25
1548	7
1549	19
1550	34
1551	44
1552	68
1553	56
1554	62
1555	39
1556	77
1557	75
1558	80
1559	80
1560	227
1561	112
1562	38
1563	12
1564	65
1565	100
1566	54
1567	325
1568	382
1569	53
1570	168
1571	652
1572	408
1573	105
1574	33
1575	104
1576	455
1577	581
1578	879
1579	876
1580	1035
1581	1093
1582	1512
1583	1569
1584	1670
1585	1939
1586	2359
1587	2265
1588	2434
1589	2030
1590	2335
1591	2745
1592	2209
1593	1606
1594	2267
1595	2788
1596	1965
1597	1679
1598	1141
1599	1210
1600	1340
1601	1600
1602	1690
1603	1219
1604	1245
1605	1318
1606	1337
1607	1549
1608	1239
1609	1023
1610	1316
1611	1628
1612	1935
1613	1911
1614	1307
1615	1096
1616	1102
1617	624
1618	427
1619	1112
1620	1418
1621	1409
1622	1278
1623	703
1624	152
1625	552
1626	841
1627	599
1628	635
1629	544
1630	485
1631	471
1632	136
1633	299
1634	424
1635	393
1636	342
1637	189
1638	129
1639	174
1640	162
1641	115
1642	186
1643	291
1644	179
1645	141
1646	114
1647	47
1648	111
1649	65
1650	141
1651	107
1652	56
1653	60
1654	55
1655	25
1656	24
1657	96
1658	84
1659	67
1660	44
1661	87
1662	71
1663	178
1664	193
1665	119
1666	28
1667	72
1668	68
1669	26
1670	43
1671	49
1672	58
1673	99
1674	187
1675	160
1676	174
1677	132
1678	41
1679	77
1680	129
1681	73
1682	74
1683	95
1684	146
1685	73
1686	70
1687	70
1688	51
1689	44
1690	65
1691	44
1692	31
1693	82
1694	46
1695	74
1696	359
1697	114
1698	148
1699	52
1700	143
1701	97
1702	62
1703	71
1704	106
1705	66
1706	45
1707	84
1708	79
1709	127
1710	139
1711	78
1712	81
1713	18
1714	38
1715	40
1716	113
1717	181
1718	72
1719	77
1720	32
1721	76
1722	60
1723	46
1724	58
1725	82
1726	64
1727	94
1728	93
1729	109
1730	46
1731	179
1732	220
1733	61
1734	66
1735	70
1736	44
1737	107
1738	73
1739	52
1740	82
1741	58
1742	95
1743	48
1744	59
1745	58
1746	100
1747	72
1748	151
1749	71
1750	78
1751	47
1752	57
1753	42
1754	79
1755	47
1756	100
1757	54
1758	44
1759	125
1760	104
1761	54
1762	77
1763	78
1764	41
1765	55
1766	52
1767	31
1768	56
1769	60
1770	72
1771	62
1772	43
1773	26
1774	102
1775	36
1776	52
1777	43
1778	78
1779	74
1780	43
1781	46
1782	39
1783	77
1784	53
1785	85
1786	55
1787	71
1788	82
1789	57
1790	33
1791	84
1792	55
1793	67
1794	83
1795	195
1796	198
1797	143
1798	114
1799	102
1800	49
1801	57
1802	55
1803	49
1804	63
1805	74
1806	66
1807	34
1808	60
1809	40
1810	93
1811	60
1812	79
1813	47
1814	83
1815	141
1816	36
1817	81
1818	52
1819	52
1820	50
1821	62
1822	131
1823	123
1824	73
1825	91
1826	91
1827	96
1828	92
1829	93
1830	91
1831	49
1832	108
1833	35
1834	93
1835	55
1836	50
1837	110
1838	70
1839	104
1840	163
1841	94
1842	51
1843	79
1844	74
1845	147
1846	74
1847	52
1848	87
1849	82
1850	62
1851	92
1852	96
1853	59
1854	96
1855	75
1856	93
1857	136
1858	244
1859	126
1860	129
1861	150
1862	211
1863	214
1864	106
1865	143
1866	209
1867	399
1868	102
1869	57
1870	95
1871	80
1872	74
1873	92
1874	83
1875	63
1876	86
1877	111
1878	121
1879	74
1880	77
1881	92
1882	121
1883	113
1884	113
1885	76
1886	105
1887	62
1888	71
1889	75
1890	83
1891	64
1892	104
1893	84
1894	110
1895	126
1896	87
1897	102
1898	72
1899	140
1900	83
1901	70
1902	108
1903	95
1904	127
1905	144
1906	103
1907	130
1908	63
1909	117
1910	132
1911	157
1912	129
1913	54
1914	66
1915	101
1916	163
1917	114
1918	100
1919	95
1920	94
1921	87
1922	96
1923	34
1924	63
1925	86
1926	79
1927	168
1928	193
1929	130
1930	155
1931	123
1932	307
1933	210
1934	182
1935	101
1936	140
1937	87
1938	140
1939	206
1940	165
1941	100
1942	116
1943	222
1944	100
1945	47
1946	97
1947	63
1948	135
1949	56
1950	120
1951	107
1952	146
1953	141
1954	166
1955	49
1956	108
1957	124
1958	119
1959	71
1960	171
1961	91
1962	94
1963	146
1964	135
1965	99
1966	150
1967	80
1968	105
1969	113
1970	136
1971	83
1972	125
1973	137
1974	99
1975	63
1976	132
1977	172
1978	86
1979	141
1980	120
1981	104
1982	183
1983	102
1984	99
1985	183
1986	166
1987	109
1988	128
1989	103
1990	92
1991	239
1992	225
1993	101
1994	220
1995	244
1996	286
1997	196
1998	112
1999	289
2000	175
2001	182
2002	319
2003	216
2004	215
2005	556
2006	613
2007	237
2008	235
2009	244
2010	248
2011	149
2012	142
2013	257
2014	554
2015	206
2016	121
2017	130
2018	336
2019	320
2020	223
2021	103
2022	283
2023	137
2024	137
2025	241
2026	195
2027	192
2028	155
2029	312
2030	565
2031	244
2032	148
2033	255
2034	456
2035	808
2036	1077
2037	931
2038	870
2039	759
2040	854
2041	759
2042	939
2043	1315
2044	1150
2045	1249
2046	1568
2047	2093
