Instrument: Andor
X Size: 2048
Y Size: 64
Total Flux: 0.000
Total Counts: 430517
Background: 338.000000
Curvature: 0.0
Clipped to ROI: No
ROI: 1309 526 2539 1627
X	Counts
0	0
1	0
2	0
3	28
4	0
5	0
6	0
7	3
8	0
9	0
10	6
11	26
12	0
13	0
14	0
15	6
16	0
17	0
18	0
19	0
20	7
21	1
22	11
23	1
24	0
25	0
26	0
27	0
28	0
29	0
30	16
31	0
32	2
33	0
34	4
35	3
36	28
37	1
38	1
39	0
40	209
41	31
42	3
43	8
44	1
45	0
46	0
47	9
48	0
49	0
50	5
51	34
52	3
53	0
54	6
55	0
56	0
57	10
58	0
59	1
60	5
61	3
62	2
63	0
64	0
65	0
66	13
67	0
68	0
69	0
70	0
71	0
72	4
73	5
74	12
75	0
76	17
77	7
78	0
79	7
80	1
81	5
82	15
83	2
84	3
85	26
86	22
87	15
88	3
89	0
90	0
91	17
92	49
93	27
94	0
95	5
96	4
97	4
98	30
99	0
100	11
101	38
102	0
103	7
104	2
105	2
106	0
107	1
108	0
109	0
110	0
111	2
112	2
113	5
114	1
115	7
116	3
117	6
118	81
119	42
120	118
121	50
122	20
123	34
124	109
125	58
126	64
127	227
128	1078
129	599
130	98
131	20
132	9
133	3
134	2
135	0
136	7
137	11
138	2
139	3
140	0
141	0
142	0
143	10
144	0
145	10
146	33
147	18
148	2
149	4
150	14
151	1
152	2
153	9
154	4
155	2
156	1
157	6
158	0
159	4
160	2
161	12
162	14
163	11
164	0
165	1
166	7
167	0
168	1
169	0
170	23
171	1
172	0
173	2
174	1
175	0
176	0
177	0
178	0
179	6
180	61
181	21
182	1
183	0
184	0
185	0
186	9
187	0
188	4
189	4
190	9
191	4
192	0
193	6
194	3
195	0
196	58
197	6
198	10
199	0
200	3
201	24
202	108
203	2
204	2
205	3
206	0
207	0
208	9
209	6
210	8
211	1
212	3
213	0
214	3
215	10
216	30
217	8
218	0
219	0
220	14
221	19
222	8
223	10
224	22
225	1
226	1
227	8
228	9
229	2
230	13
231	31
232	32
233	1
234	14
235	7
236	0
237	0
238	0
239	0
240	6
241	4
242	2
243	5
244	0
245	2
246	0
247	55
248	22
249	1
250	0
251	0
252	44
253	21
254	0
255	0
256	0
257	3
258	30
259	0
260	0
261	22
262	2
263	32
264	5
265	4
266	1
267	1
268	8
269	2
270	0
271	3
272	0
273	0
274	0
275	3
276	8
277	0
278	0
279	0
280	2
281	0
282	16
283	3
284	0
285	15
286	20
287	0
288	2
289	0
290	3
291	0
292	0
293	1
294	0
295	0
296	5
297	1
298	27
299	0
300	2
301	22
302	6
303	0
304	1
305	7
306	0
307	0
308	0
309	0
310	5
311	0
312	0
313	0
314	0
315	0
316	0
317	0
318	6
319	12
320	0
321	0
322	3
323	0
324	0
325	0
326	0
327	17
328	1
329	0
330	0
331	0
332	0
333	5
334	10
335	23
336	1
337	1
338	13
339	17
340	31
341	0
342	0
343	0
344	3
345	7
346	2
347	5
348	2
349	0
350	0
351	0
352	5
353	9
354	74
355	1
356	0
357	24
358	0
359	3
360	0
361	0
362	0
363	2
364	0
365	0
366	23
367	27
368	0
369	3
370	2
371	3
372	5
373	3
374	18
375	45
376	1
377	4
378	0
379	26
380	0
381	12
382	44
383	69
384	62
385	53
386	1
387	5
388	1
389	12
390	0
391	0
392	0
393	0
394	6
395	36
396	26
397	6
398	0
399	0
400	6
401	128
402	67
403	0
404	0
405	0
406	3
407	0
408	6
409	0
410	0
411	0
412	0
413	0
414	0
415	0
416	15
417	59
418	0
419	9
420	0
421	12
422	1
423	0
424	3
425	0
426	0
427	3
428	1
429	0
430	0
431	10
432	0
433	0
434	42
435	20
436	8
437	84
438	44
439	0
440	1
441	0
442	7
443	0
444	0
445	0
446	0
447	2
448	29
449	0
450	0
451	1
452	7
453	40
454	1
455	8
456	4
457	0
458	2
459	3
460	4
461	41
462	1
463	2
464	0
465	0
466	20
467	2
468	3
469	1
470	1
471	1
472	0
473	0
474	3
475	15
476	23
477	39
478	7
479	56
480	4
481	0
482	5
483	9
484	19
485	7
486	8
487	3
488	0
489	0
490	16
491	7
492	6
493	37
494	21
495	2
496	0
497	9
498	8
499	0
500	7
501	15
502	44
503	21
504	39
505	19
506	52
507	48
508	13
509	5
510	0
511	6
512	2
513	8
514	0
515	6
516	6
517	11
518	20
519	0
520	0
521	1
522	22
523	3
524	1
525	24
526	91
527	241
528	65
529	91
530	21
531	47
532	19
533	41
534	77
535	47
536	129
537	101
538	73
539	80
540	0
541	136
542	1
543	0
544	0
545	87
546	174
547	91
548	143
549	68
550	3
551	5
552	0
553	220
554	275
555	25
556	181
557	308
558	90
559	147
560	132
561	95
562	123
563	310
564	192
565	100
566	50
567	334
568	302
569	348
570	178
571	479
572	511
573	325
574	506
575	323
576	259
577	131
578	107
579	249
580	650
581	345
582	647
583	919
584	762
585	750
586	758
587	173
588	304
589	335
590	539
591	536
592	494
593	559
594	750
595	592
596	741
597	712
598	1342
599	1705
600	1556
601	1659
602	1028
603	1171
604	1669
605	1617
606	1372
607	1558
608	1731
609	1831
610	1636
611	1712
612	1427
613	1592
614	1704
615	1536
616	925
617	777
618	911
619	780
620	1379
621	1579
622	1405
623	1017
624	572
625	972
626	1098
627	1136
628	859
629	605
630	655
631	604
632	965
633	1072
634	734
635	962
636	794
637	761
638	696
639	941
640	432
641	491
642	565
643	384
644	496
645	115
646	301
647	157
648	214
649	119
650	191
651	327
652	207
653	368
654	292
655	141
656	53
657	135
658	210
659	196
660	128
661	112
662	40
663	83
664	94
665	26
666	121
667	7
668	54
669	57
670	211
671	186
672	72
673	109
674	30
675	38
676	14
677	12
678	3
679	0
680	2
681	2
682	127
683	57
684	57
685	10
686	0
687	0
688	2
689	21
690	0
691	11
692	14
693	23
694	5
695	62
696	11
697	0
698	0
699	3
700	1
701	3
702	5
703	0
704	0
705	1
706	0
707	0
708	18
709	8
710	0
711	0
712	0
713	0
714	1
715	1
716	2
717	23
718	1
719	20
720	9
721	38
722	38
723	32
724	35
725	8
726	0
727	40
728	8
729	13
730	14
731	30
732	10
733	0
734	17
735	5
736	0
737	16
738	63
739	32
740	3
741	1
742	1
743	55
744	1
745	0
746	6
747	0
748	2
749	0
750	4
751	2
752	2
753	0
754	10
755	3
756	0
757	21
758	5
759	20
760	36
761	3
762	12
763	1
764	54
765	23
766	6
767	1
768	0
769	4
770	4
771	0
772	0
773	7
774	2
775	2
776	80
777	32
778	2
779	2
780	1
781	4
782	23
783	1
784	18
785	6
786	7
787	0
788	1
789	11
790	4
791	1
792	6
793	0
794	4
795	8
796	8
797	13
798	16
799	7
800	3
801	5
802	3
803	9
804	97
805	12
806	10
807	9
808	3
809	3
810	10
811	4
812	44
813	69
814	32
815	4
816	0
817	5
818	5
819	6
820	20
821	0
822	7
823	15
824	10
825	0
826	15
827	5
828	14
829	7
830	25
831	14
832	61
833	13
834	0
835	1
836	27
837	34
838	30
839	1
840	43
841	39
842	11
843	5
844	14
845	2
846	3
847	6
848	1
849	1
850	20
851	4
852	75
853	20
854	2
855	5
856	31
857	8
858	21
859	11
860	20
861	2
862	14
863	30
864	7
865	6
866	0
867	30
868	0
869	2
870	63
871	105
872	3
873	3
874	33
875	94
876	35
877	15
878	5
879	9
880	4
881	5
882	0
883	0
884	0
885	1
886	3
887	14
888	0
889	6
890	2
891	0
892	3
893	2
894	0
895	3
896	33
897	31
898	6
899	4
900	2
901	0
902	4
903	10
904	39
905	13
906	15
907	32
908	14
909	5
910	8
911	24
912	9
913	2
914	22
915	9
916	0
917	11
918	15
919	35
920	19
921	11
922	9
923	24
924	38
925	28
926	90
927	49
928	35
929	10
930	19
931	33
932	17
933	25
934	19
935	9
936	46
937	26
938	4
939	11
940	1
941	9
942	11
943	60
944	28
945	3
946	7
947	25
948	22
949	14
950	0
951	22
952	18
953	25
954	6
955	26
956	14
957	4
958	17
959	1
960	19
961	32
962	7
963	2
964	27
965	42
966	96
967	16
968	68
969	6
970	47
971	28
972	16
973	40
974	9
975	8
976	14
977	24
978	30
979	2
980	21
981	6
982	20
983	0
984	16
985	19
986	15
987	24
988	8
989	26
990	6
991	75
992	29
993	6
994	9
995	17
996	0
997	4
998	7
999	7
1000	41
1001	19
1002	7
1003	3
1004	0
1005	5
1006	3
1007	3
1008	3
1009	41
1010	19
1011	4
1012	2
1013	0
1014	22
1015	4
1016	4
1017	0
1018	20
1019	11
1020	16
1021	1
1022	3
1023	19
1024	7
1025	4
1026	6
1027	13
1028	19
1029	7
1030	26
1031	18
1032	0
1033	5
1034	6
1035	18
1036	5
1037	36
1038	8
1039	4
1040	23
1041	11
1042	9
1043	22
1044	14
1045	30
1046	7
1047	56
1048	58
1049	21
1050	19
1051	10
1052	6
1053	38
1054	2
1055	16
1056	0
1057	12
1058	7
1059	1
1060	4
1061	7
1062	22
1063	5
1064	4
1065	17
1066	25
1067	0
1068	7
1069	69
1070	55
1071	35
1072	0
1073	2
1074	6
1075	5
1076	3
1077	7
1078	24
1079	8
1080	15
1081	18
1082	6
1083	9
1084	10
1085	0
1086	26
1087	3
1088	5
1089	0
1090	2
1091	2
1092	2
1093	10
1094	8
1095	16
1096	8
1097	1
1098	0
1099	26
1100	4
1101	16
1102	23
1103	24
1104	41
1105	13
1106	4
1107	4
1108	0
1109	7
1110	4
1111	0
1112	1
1113	1
1114	0
1115	4
1116	1
1117	4
1118	32
1119	0
1120	23
1121	201
1122	79
1123	5
1124	1
1125	2
1126	6
1127	22
1128	42
1129	19
1130	6
1131	12
1132	5
1133	26
1134	2
1135	4
1136	0
1137	12
1138	2
1139	28
1140	38
1141	5
1142	11
1143	6
1144	10
1145	87
1146	51
1147	43
1148	12
1149	9
1150	17
1151	8
1152	14
1153	20
1154	1
1155	32
1156	39
1157	20
1158	8
1159	0
1160	7
1161	6
1162	17
1163	7
1164	10
1165	13
1166	0
1167	2
1168	22
1169	83
1170	23
1171	95
1172	58
1173	0
1174	80
1175	8
1176	0
1177	10
1178	6
1179	1
1180	80
1181	83
1182	14
1183	0
1184	3
1185	0
1186	0
1187	0
1188	3
1189	2
1190	5
1191	3
1192	1
1193	1
1194	2
1195	8
1196	10
1197	12
1198	39
1199	119
1200	10
1201	2
1202	0
1203	5
1204	3
1205	7
1206	0
1207	15
1208	15
1209	1
1210	0
1211	1
1212	0
1213	9
1214	4
1215	16
1216	0
1217	1
1218	19
1219	69
1220	37
1221	17
1222	0
1223	17
1224	27
1225	27
1226	32
1227	52
1228	4
1229	5
1230	0
1231	15
1232	3
1233	24
1234	3
1235	3
1236	16
1237	76
1238	96
1239	2
1240	0
1241	2
1242	1
1243	11
1244	0
1245	23
1246	4
1247	0
1248	3
1249	2
1250	11
1251	1
1252	14
1253	54
1254	14
1255	46
1256	12
1257	9
1258	6
1259	6
1260	15
1261	3
1262	1
1263	4
1264	28
1265	2
1266	17
1267	58
1268	10
1269	0
1270	27
1271	87
1272	0
1273	2
1274	0
1275	6
1276	2
1277	5
1278	2
1279	2
1280	0
1281	7
1282	0
1283	0
1284	3
1285	31
1286	20
1287	6
1288	13
1289	0
1290	26
1291	0
1292	0
1293	2
1294	9
1295	16
1296	5
1297	28
1298	6
1299	57
1300	3
1301	28
1302	2
1303	18
1304	9
1305	1
1306	49
1307	187
1308	57
1309	353
1310	252
1311	198
1312	29
1313	32
1314	32
1315	62
1316	62
1317	6
1318	13
1319	12
1320	3
1321	8
1322	13
1323	10
1324	39
1325	22
1326	75
1327	21
1328	0
1329	6
1330	9
1331	9
1332	36
1333	11
1334	41
1335	40
1336	3
1337	7
1338	40
1339	97
1340	29
1341	3
1342	4
1343	1
1344	4
1345	1
1346	0
1347	0
1348	0
1349	0
1350	1
1351	0
1352	0
1353	10
1354	34
1355	15
1356	0
1357	0
1358	4
1359	6
1360	16
1361	10
1362	11
1363	21
1364	0
1365	7
1366	0
1367	3
1368	3
1369	18
1370	0
1371	14
1372	4
1373	2
1374	73
1375	81
1376	27
1377	10
1378	7
1379	2
1380	16
1381	22
1382	25
1383	5
1384	5
1385	2
1386	31
1387	33
1388	27
1389	21
1390	17
1391	23
1392	33
1393	71
1394	163
1395	90
1396	79
1397	65
1398	0
1399	6
1400	2
1401	14
1402	8
1403	7
1404	9
1405	3
1406	8
1407	14
1408	44
1409	105
1410	13
1411	2
1412	15
1413	0
1414	4
1415	2
1416	6
1417	0
1418	0
1419	2
1420	7
1421	29
1422	2
1423	1
1424	3
1425	0
1426	10
1427	27
1428	0
1429	1
1430	19
1431	35
1432	33
1433	0
1434	26
1435	57
1436	17
1437	42
1438	7
1439	4
1440	10
1441	6
1442	56
1443	113
1444	48
1445	34
1446	372
1447	371
1448	215
1449	125
1450	66
1451	4
1452	0
1453	6
1454	139
1455	239
1456	62
1457	100
1458	16
1459	3
1460	19
1461	461
1462	250
1463	2
1464	39
1465	125
1466	13
1467	7
1468	0
1469	1
1470	19
1471	22
1472	0
1473	11
1474	7
1475	10
1476	144
1477	117
1478	95
1479	49
1480	137
1481	202
1482	419
1483	125
1484	10
1485	1
1486	51
1487	288
1488	118
1489	150
1490	100
1491	30
1492	11
1493	20
1494	2
1495	36
1496	7
1497	32
1498	27
1499	1
1500	30
1501	48
1502	3
1503	7
1504	2
1505	31
1506	43
1507	8
1508	14
1509	17
1510	10
1511	12
1512	53
1513	156
1514	91
1515	49
1516	89
1517	9
1518	4
1519	13
1520	8
1521	121
1522	135
1523	101
1524	25
1525	68
1526	106
1527	387
1528	343
1529	10
1530	53
1531	123
1532	62
1533	105
1534	216
1535	85
1536	36
1537	132
1538	171
1539	254
1540	117
1541	24
1542	94
1543	340
1544	218
1545	237
1546	230
1547	152
1548	226
1549	527
1550	424
1551	766
1552	711
1553	547
1554	180
1555	40
1556	311
1557	603
1558	394
1559	583
1560	481
1561	434
1562	377
1563	1023
1564	557
1565	961
1566	1025
1567	431
1568	56
1569	180
1570	739
1571	1078
1572	1435
1573	1489
1574	1270
1575	1351
1576	1145
1577	1222
1578	1595
1579	1668
1580	2524
1581	3130
1582	2770
1583	2515
1584	2469
1585	2436
1586	3813
1587	5095
1588	5302
1589	4849
1590	5042
1591	6106
1592	6771
1593	6559
1594	6313
1595	8060
1596	7334
1597	7404
1598	5898
1599	5311
1600	5435
1601	4737
1602	4269
1603	4026
1604	4711
1605	4435
1606	3719
1607	3371
1608	3096
1609	2827
1610	2827
1611	3161
1612	3316
1613	3509
1614	2724
1615	2138
1616	2610
1617	3552
1618	3219
1619	2112
1620	2932
1621	2562
1622	2764
1623	2593
1624	2403
1625	2013
1626	1572
1627	1207
1628	1166
1629	644
1630	528
1631	735
1632	1577
1633	1253
1634	1509
1635	1259
1636	717
1637	320
1638	915
1639	1169
1640	798
1641	693
1642	520
1643	812
1644	207
1645	257
1646	549
1647	661
1648	708
1649	109
1650	244
1651	91
1652	188
1653	283
1654	160
1655	52
1656	37
1657	165
1658	111
1659	73
1660	7
1661	41
1662	29
1663	194
1664	168
1665	195
1666	74
1667	11
1668	25
1669	8
1670	74
1671	405
1672	146
1673	77
1674	39
1675	253
1676	126
1677	57
1678	54
1679	51
1680	137
1681	56
1682	16
1683	13
1684	28
1685	132
1686	88
1687	6
1688	13
1689	0
1690	15
1691	9
1692	66
1693	10
1694	25
1695	36
1696	82
1697	4
1698	133
1699	44
1700	127
1701	15
1702	11
1703	11
1704	14
1705	74
1706	21
1707	7
1708	32
1709	199
1710	33
1711	56
1712	23
1713	26
1714	25
1715	31
1716	6
1717	77
1718	51
1719	18
1720	4
1721	29
1722	22
1723	62
1724	92
1725	46
1726	100
1727	121
1728	32
1729	26
1730	5
1731	255
1732	211
1733	66
1734	27
1735	8
1736	6
1737	12
1738	17
1739	37
1740	157
1741	19
1742	140
1743	151
1744	32
1745	2
1746	29
1747	88
1748	37
1749	10
1750	0
1751	6
1752	29
1753	14
1754	36
1755	13
1756	155
1757	280
1758	215
1759	26
1760	18
1761	57
1762	332
1763	211
1764	178
1765	45
1766	58
1767	100
1768	20
1769	27
1770	11
1771	16
1772	23
1773	3
1774	6
1775	5
1776	9
1777	43
1778	45
1779	4
1780	14
1781	35
1782	16
1783	1
1784	38
1785	198
1786	2
1787	7
1788	3
1789	40
1790	8
1791	52
1792	6
1793	71
1794	127
1795	102
1796	16
1797	22
1798	13
1799	22
1800	13
1801	68
1802	86
1803	9
1804	25
1805	17
1806	39
1807	2
1808	0
1809	0
1810	5
1811	14
1812	9
1813	25
1814	133
1815	259
1816	110
1817	92
1818	50
1819	40
1820	6
1821	12
1822	29
1823	157
1824	152
1825	32
1826	19
1827	11
1828	21
1829	9
1830	4
1831	0
1832	31
1833	0
1834	1
1835	17
1836	20
1837	36
1838	4
1839	7
1840	8
1841	1
1842	54
1843	57
1844	39
1845	11
1846	4
1847	58
1848	15
1849	0
1850	41
1851	432
1852	50
1853	17
1854	18
1855	80
1856	41
1857	11
1858	56
1859	29
1860	60
1861	197
1862	274
1863	122
1864	206
1865	84
1866	441
1867	161
1868	26
1869	20
1870	28
1871	81
1872	92
1873	164
1874	31
1875	9
1876	30
1877	28
1878	13
1879	9
1880	22
1881	92
1882	124
1883	35
1884	5
1885	13
1886	93
1887	250
1888	298
1889	188
1890	129
1891	103
1892	84
1893	71
1894	93
1895	142
1896	98
1897	131
1898	153
1899	276
1900	32
1901	377
1902	105
1903	80
1904	73
1905	271
1906	413
1907	27
1908	29
1909	185
1910	63
1911	432
1912	140
1913	444
1914	127
1915	36
1916	42
1917	24
1918	86
1919	189
1920	209
1921	29
1922	59
1923	151
1924	94
1925	197
1926	167
1927	103
1928	39
1929	160
1930	221
1931	74
1932	298
1933	349
1934	428
1935	190
1936	54
1937	81
1938	31
1939	62
1940	399
1941	440
1942	82
1943	108
1944	452
1945	248
1946	44
1947	199
1948	162
1949	17
1950	54
1951	97
1952	225
1953	44
1954	60
1955	264
1956	422
1957	473
1958	420
1959	360
1960	489
1961	272
1962	274
1963	231
1964	302
1965	218
1966	387
1967	130
1968	68
1969	142
1970	183
1971	245
1972	212
1973	168
1974	328
1975	253
1976	516
1977	734
1978	408
1979	1129
1980	629
1981	364
1982	237
1983	300
1984	713
1985	462
1986	45
1987	107
1988	111
1989	227
1990	200
1991	166
1992	283
1993	36
1994	64
1995	93
1996	326
1997	706
1998	402
1999	129
2000	177
2001	412
2002	93
2003	26
2004	191
2005	736
2006	408
2007	393
2008	764
2009	850
2010	917
2011	568
2012	601
2013	435
2014	973
2015	881
2016	428
2017	283
2018	625
2019	651
2020	746
2021	852
2022	1024
2023	670
2024	443
2025	774
2026	760
2027	1119
2028	1148
2029	998
2030	791
2031	789
2032	1132
2033	995
2034	1060
2035	1178
2036	1403
2037	1714
2038	2053
2039	2529
2040	2221
2041	2221
2042	2686
2043	2785
2044	2404
2045	2872
2046	4147
2047	4871
