Instrument: Andor
X Size: 2048
Y Size: 64
Total Flux: 0.000
Total Counts: 349347
Background: 333.000000
Curvature: 0.0
Clipped to ROI: No
ROI: 1309 526 2539 1627
X	Counts
0	0
1	1
2	0
3	6
4	12
5	10
6	4
7	6
8	15
9	59
10	8
11	35
12	1
13	4
14	15
15	17
16	6
17	19
18	6
19	0
20	23
21	2
22	0
23	0
24	3
25	2
26	45
27	5
28	7
29	40
30	56
31	0
32	1
33	3
34	17
35	0
36	17
37	18
38	34
39	34
40	8
41	35
42	30
43	16
44	10
45	11
46	36
47	52
48	18
49	5
50	17
51	17
52	7
53	38
54	34
55	8
56	33
57	6
58	2
59	19
60	8
61	10
62	5
63	2
64	1
65	6
66	25
67	2
68	13
69	16
70	41
71	39
72	23
73	28
74	55
75	19
76	13
77	25
78	19
79	39
80	14
81	28
82	27
83	31
84	25
85	33
86	62
87	20
88	26
89	42
90	16
91	10
92	42
93	35
94	1
95	26
96	23
97	19
98	19
99	20
100	11
101	34
102	29
103	6
104	13
105	44
106	29
107	4
108	16
109	24
110	39
111	45
112	26
113	1
114	39
115	41
116	54
117	18
118	72
119	59
120	27
121	10
122	36
123	31
124	100
125	38
126	85
127	30
128	11
129	35
130	58
131	2
132	57
133	50
134	21
135	39
136	59
137	60
138	10
139	39
140	15
141	28
142	5
143	19
144	7
145	14
146	87
147	173
148	51
149	37
150	29
151	15
152	21
153	49
154	10
155	41
156	65
157	59
158	2
159	7
160	22
161	21
162	14
163	47
164	38
165	32
166	62
167	34
168	17
169	2
170	30
171	45
172	34
173	20
174	5
175	3
176	16
177	14
178	37
179	15
180	10
181	18
182	13
183	35
184	68
185	69
186	29
187	23
188	31
189	79
190	38
191	45
192	28
193	52
194	43
195	33
196	27
197	25
198	23
199	27
200	19
201	15
202	31
203	8
204	30
205	36
206	23
207	37
208	48
209	41
210	13
211	4
212	25
213	50
214	55
215	12
216	23
217	6
218	24
219	18
220	30
221	68
222	46
223	64
224	75
225	14
226	11
227	22
228	26
229	33
230	32
231	0
232	41
233	46
234	60
235	18
236	35
237	22
238	26
239	14
240	61
241	45
242	62
243	30
244	16
245	17
246	6
247	24
248	15
249	28
250	36
251	2
252	44
253	3
254	19
255	26
256	36
257	7
258	6
259	6
260	31
261	78
262	73
263	52
264	10
265	20
266	40
267	40
268	89
269	55
270	18
271	6
272	12
273	9
274	41
275	9
276	8
277	43
278	15
279	17
280	28
281	9
282	54
283	38
284	10
285	14
286	14
287	14
288	28
289	17
290	13
291	5
292	0
293	23
294	40
295	17
296	15
297	0
298	23
299	48
300	16
301	50
302	7
303	8
304	24
305	34
306	23
307	20
308	28
309	20
310	29
311	19
312	13
313	6
314	2
315	33
316	24
317	23
318	29
319	61
320	9
321	15
322	47
323	12
324	17
325	20
326	16
327	28
328	13
329	12
330	2
331	27
332	6
333	13
334	2
335	21
336	9
337	13
338	27
339	27
340	19
341	5
342	6
343	4
344	6
345	9
346	32
347	19
348	25
349	19
350	28
351	35
352	14
353	16
354	63
355	26
356	25
357	19
358	14
359	22
360	57
361	90
362	62
363	40
364	17
365	12
366	28
367	34
368	57
369	45
370	22
371	11
372	10
373	16
374	13
375	26
376	2
377	6
378	18
379	23
380	7
381	18
382	34
383	22
384	7
385	1
386	4
387	23
388	10
389	15
390	10
391	41
392	24
393	29
394	17
395	2
396	19
397	8
398	9
399	33
400	22
401	14
402	1
403	22
404	3
405	8
406	43
407	39
408	5
409	7
410	26
411	14
412	14
413	36
414	31
415	11
416	21
417	2
418	6
419	4
420	22
421	4
422	24
423	7
424	7
425	7
426	11
427	101
428	84
429	43
430	22
431	79
432	36
433	13
434	9
435	42
436	21
437	224
438	218
439	50
440	12
441	10
442	59
443	21
444	26
445	16
446	1
447	1
448	12
449	27
450	34
451	13
452	25
453	64
454	9
455	15
456	67
457	23
458	6
459	5
460	4
461	27
462	43
463	28
464	0
465	3
466	4
467	25
468	12
469	34
470	2
471	0
472	8
473	20
474	44
475	63
476	8
477	6
478	31
479	30
480	6
481	5
482	21
483	26
484	10
485	3
486	39
487	34
488	99
489	21
490	16
491	104
492	242
493	25
494	12
495	19
496	13
497	79
498	36
499	3
500	23
501	37
502	193
503	96
504	333
505	104
506	20
507	93
508	280
509	49
510	48
511	57
512	61
513	62
514	97
515	41
516	31
517	6
518	124
519	59
520	11
521	5
522	67
523	107
524	63
525	66
526	252
527	118
528	55
529	87
530	319
531	462
532	134
533	72
534	23
535	16
536	11
537	26
538	222
539	415
540	145
541	197
542	150
543	75
544	61
545	99
546	287
547	195
548	166
549	569
550	239
551	69
552	62
553	219
554	429
555	195
556	441
557	389
558	492
559	270
560	352
561	349
562	317
563	188
564	126
565	420
566	817
567	1064
568	1055
569	808
570	604
571	690
572	1048
573	1066
574	1198
575	1018
576	976
577	1129
578	934
579	908
580	754
581	888
582	1012
583	945
584	694
585	1161
586	1539
587	1019
588	1547
589	1779
590	1788
591	2356
592	2443
593	3110
594	2870
595	2283
596	2405
597	1696
598	1952
599	2251
600	2925
601	2834
602	2678
603	3046
604	2751
605	2532
606	2766
607	3599
608	3265
609	2916
610	3118
611	3023
612	2778
613	2661
614	2378
615	2075
616	2017
617	2206
618	2384
619	3037
620	2723
621	2052
622	2402
623	1934
624	1683
625	1642
626	1993
627	1995
628	1761
629	1334
630	1608
631	1563
632	1849
633	1265
634	1271
635	1059
636	970
637	780
638	1135
639	921
640	756
641	742
642	1053
643	1214
644	1033
645	985
646	1127
647	912
648	581
649	545
650	606
651	906
652	612
653	407
654	394
655	379
656	472
657	336
658	186
659	377
660	169
661	81
662	124
663	71
664	149
665	298
666	446
667	217
668	278
669	196
670	282
671	76
672	238
673	278
674	23
675	59
676	70
677	126
678	44
679	116
680	62
681	6
682	21
683	48
684	87
685	14
686	36
687	42
688	23
689	119
690	76
691	27
692	5
693	35
694	27
695	74
696	169
697	164
698	49
699	71
700	33
701	44
702	15
703	2
704	42
705	35
706	11
707	18
708	44
709	15
710	16
711	10
712	39
713	36
714	42
715	46
716	10
717	2
718	22
719	63
720	62
721	80
722	20
723	31
724	65
725	35
726	14
727	91
728	23
729	22
730	11
731	50
732	51
733	45
734	3
735	24
736	17
737	8
738	56
739	29
740	8
741	21
742	16
743	63
744	23
745	14
746	48
747	44
748	29
749	3
750	23
751	30
752	34
753	31
754	71
755	11
756	29
757	43
758	31
759	21
760	32
761	8
762	41
763	2
764	40
765	27
766	35
767	108
768	38
769	39
770	29
771	19
772	17
773	80
774	31
775	28
776	24
777	18
778	46
779	22
780	6
781	23
782	32
783	29
784	34
785	47
786	37
787	15
788	12
789	6
790	35
791	32
792	39
793	53
794	60
795	5
796	31
797	29
798	90
799	73
800	37
801	36
802	6
803	68
804	39
805	37
806	20
807	18
808	20
809	21
810	33
811	37
812	75
813	23
814	4
815	46
816	42
817	63
818	27
819	58
820	30
821	26
822	20
823	8
824	9
825	4
826	44
827	50
828	64
829	36
830	34
831	23
832	20
833	35
834	24
835	50
836	21
837	58
838	8
839	3
840	9
841	45
842	45
843	87
844	60
845	67
846	8
847	21
848	5
849	37
850	10
851	9
852	71
853	32
854	29
855	38
856	10
857	59
858	35
859	23
860	10
861	67
862	57
863	69
864	60
865	31
866	39
867	70
868	29
869	8
870	47
871	108
872	32
873	84
874	30
875	55
876	21
877	6
878	66
879	27
880	23
881	52
882	15
883	26
884	27
885	20
886	47
887	57
888	43
889	57
890	53
891	4
892	37
893	52
894	40
895	62
896	56
897	45
898	53
899	29
900	37
901	23
902	43
903	44
904	51
905	57
906	39
907	38
908	103
909	71
910	66
911	119
912	55
913	85
914	74
915	61
916	71
917	63
918	44
919	59
920	37
921	81
922	79
923	79
924	71
925	42
926	105
927	29
928	60
929	67
930	65
931	95
932	36
933	50
934	43
935	31
936	94
937	51
938	30
939	27
940	88
941	213
942	840
943	137
944	61
945	43
946	48
947	88
948	34
949	41
950	29
951	32
952	48
953	74
954	51
955	45
956	12
957	22
958	32
959	27
960	36
961	42
962	125
963	147
964	57
965	26
966	39
967	26
968	35
969	46
970	45
971	42
972	18
973	40
974	34
975	40
976	84
977	37
978	45
979	33
980	44
981	76
982	36
983	52
984	70
985	66
986	59
987	29
988	37
989	33
990	45
991	66
992	45
993	61
994	52
995	78
996	39
997	44
998	50
999	38
1000	42
1001	38
1002	26
1003	19
1004	51
1005	54
1006	61
1007	22
1008	27
1009	55
1010	34
1011	47
1012	68
1013	18
1014	41
1015	46
1016	56
1017	26
1018	27
1019	40
1020	47
1021	31
1022	70
1023	66
1024	43
1025	31
1026	23
1027	52
1028	46
1029	76
1030	55
1031	45
1032	37
1033	36
1034	38
1035	4
1036	35
1037	53
1038	42
1039	54
1040	41
1041	8
1042	29
1043	31
1044	67
1045	67
1046	75
1047	65
1048	36
1049	33
1050	29
1051	85
1052	62
1053	35
1054	31
1055	68
1056	23
1057	28
1058	17
1059	49
1060	43
1061	45
1062	55
1063	41
1064	52
1065	57
1066	34
1067	20
1068	42
1069	60
1070	13
1071	26
1072	34
1073	56
1074	33
1075	39
1076	30
1077	70
1078	40
1079	55
1080	73
1081	65
1082	41
1083	78
1084	32
1085	41
1086	55
1087	37
1088	28
1089	58
1090	43
1091	20
1092	41
1093	26
1094	16
1095	41
1096	27
1097	46
1098	35
1099	42
1100	51
1101	30
1102	38
1103	26
1104	31
1105	24
1106	61
1107	31
1108	20
1109	37
1110	32
1111	38
1112	3
1113	26
1114	29
1115	23
1116	18
1117	12
1118	15
1119	16
1120	17
1121	28
1122	17
1123	25
1124	9
1125	57
1126	38
1127	35
1128	71
1129	54
1130	46
1131	45
1132	28
1133	52
1134	24
1135	26
1136	36
1137	20
1138	0
1139	56
1140	49
1141	21
1142	27
1143	107
1144	36
1145	52
1146	60
1147	38
1148	45
1149	41
1150	52
1151	21
1152	55
1153	20
1154	28
1155	28
1156	40
1157	20
1158	39
1159	38
1160	56
1161	20
1162	20
1163	42
1164	24
1165	25
1166	26
1167	72
1168	19
1169	58
1170	26
1171	57
1172	45
1173	52
1174	22
1175	14
1176	70
1177	62
1178	22
1179	21
1180	37
1181	43
1182	37
1183	38
1184	42
1185	50
1186	13
1187	67
1188	46
1189	59
1190	28
1191	13
1192	54
1193	33
1194	45
1195	2
1196	78
1197	39
1198	22
1199	96
1200	78
1201	78
1202	54
1203	111
1204	65
1205	50
1206	10
1207	28
1208	69
1209	7
1210	69
1211	42
1212	51
1213	24
1214	57
1215	40
1216	65
1217	43
1218	23
1219	38
1220	65
1221	124
1222	37
1223	32
1224	46
1225	40
1226	70
1227	23
1228	15
1229	21
1230	47
1231	21
1232	29
1233	16
1234	30
1235	4
1236	20
1237	37
1238	36
1239	18
1240	2
1241	36
1242	28
1243	33
1244	50
1245	19
1246	27
1247	51
1248	19
1249	22
1250	28
1251	66
1252	47
1253	101
1254	77
1255	9
1256	34
1257	27
1258	19
1259	28
1260	45
1261	26
1262	24
1263	33
1264	7
1265	35
1266	52
1267	40
1268	13
1269	21
1270	52
1271	14
1272	76
1273	37
1274	28
1275	27
1276	14
1277	45
1278	35
1279	32
1280	61
1281	35
1282	58
1283	57
1284	39
1285	103
1286	48
1287	4
1288	41
1289	8
1290	12
1291	33
1292	38
1293	22
1294	25
1295	51
1296	66
1297	19
1298	38
1299	16
1300	57
1301	36
1302	11
1303	9
1304	5
1305	27
1306	57
1307	50
1308	19
1309	22
1310	25
1311	45
1312	12
1313	39
1314	31
1315	62
1316	17
1317	3
1318	6
1319	17
1320	6
1321	28
1322	58
1323	29
1324	82
1325	26
1326	20
1327	55
1328	7
1329	38
1330	66
1331	55
1332	103
1333	28
1334	24
1335	38
1336	44
1337	104
1338	217
1339	212
1340	45
1341	28
1342	11
1343	10
1344	26
1345	56
1346	29
1347	48
1348	67
1349	53
1350	26
1351	20
1352	5
1353	35
1354	21
1355	36
1356	8
1357	10
1358	34
1359	39
1360	96
1361	30
1362	25
1363	62
1364	23
1365	12
1366	35
1367	57
1368	68
1369	67
1370	9
1371	20
1372	9
1373	15
1374	40
1375	6
1376	50
1377	23
1378	19
1379	4
1380	48
1381	57
1382	39
1383	33
1384	76
1385	15
1386	27
1387	36
1388	49
1389	9
1390	3
1391	21
1392	25
1393	34
1394	13
1395	21
1396	22
1397	12
1398	20
1399	28
1400	54
1401	30
1402	18
1403	18
1404	6
1405	24
1406	27
1407	28
1408	4
1409	27
1410	45
1411	31
1412	47
1413	47
1414	25
1415	17
1416	11
1417	28
1418	79
1419	329
1420	84
1421	41
1422	10
1423	59
1424	34
1425	9
1426	87
1427	68
1428	48
1429	20
1430	14
1431	15
1432	65
1433	76
1434	8
1435	13
1436	61
1437	82
1438	23
1439	44
1440	26
1441	27
1442	25
1443	67
1444	3
1445	12
1446	43
1447	9
1448	13
1449	57
1450	145
1451	38
1452	13
1453	24
1454	29
1455	22
1456	28
1457	3
1458	18
1459	13
1460	45
1461	29
1462	40
1463	15
1464	17
1465	11
1466	5
1467	45
1468	18
1469	21
1470	34
1471	52
1472	16
1473	8
1474	17
1475	27
1476	62
1477	84
1478	30
1479	55
1480	46
1481	87
1482	37
1483	5
1484	109
1485	167
1486	44
1487	9
1488	37
1489	9
1490	36
1491	17
1492	28
1493	46
1494	18
1495	6
1496	5
1497	30
1498	41
1499	14
1500	0
1501	24
1502	17
1503	42
1504	32
1505	165
1506	56
1507	22
1508	15
1509	35
1510	27
1511	28
1512	19
1513	150
1514	57
1515	38
1516	70
1517	41
1518	23
1519	74
1520	46
1521	43
1522	13
1523	41
1524	18
1525	26
1526	147
1527	48
1528	39
1529	103
1530	173
1531	28
1532	14
1533	16
1534	46
1535	64
1536	76
1537	27
1538	40
1539	71
1540	80
1541	31
1542	22
1543	74
1544	70
1545	65
1546	149
1547	70
1548	40
1549	48
1550	28
1551	44
1552	253
1553	45
1554	158
1555	198
1556	68
1557	20
1558	85
1559	371
1560	350
1561	347
1562	57
1563	321
1564	195
1565	82
1566	226
1567	539
1568	226
1569	464
1570	426
1571	485
1572	881
1573	405
1574	345
1575	424
1576	623
1577	916
1578	620
1579	581
1580	1131
1581	867
1582	864
1583	1478
1584	1447
1585	1269
1586	2439
1587	2978
1588	2884
1589	2771
1590	3409
1591	3276
1592	2928
1593	2943
1594	3590
1595	2946
1596	2461
1597	1878
1598	1036
1599	1288
1600	1137
1601	1825
1602	1727
1603	912
1604	929
1605	1070
1606	1276
1607	1375
1608	1503
1609	1087
1610	1425
1611	1086
1612	1336
1613	594
1614	1042
1615	865
1616	1058
1617	756
1618	789
1619	611
1620	792
1621	731
1622	672
1623	1086
1624	341
1625	282
1626	364
1627	601
1628	467
1629	395
1630	132
1631	582
1632	588
1633	276
1634	280
1635	111
1636	110
1637	44
1638	39
1639	56
1640	308
1641	499
1642	179
1643	117
1644	356
1645	179
1646	49
1647	18
1648	27
1649	24
1650	36
1651	95
1652	20
1653	60
1654	51
1655	31
1656	48
1657	13
1658	31
1659	36
1660	27
1661	80
1662	151
1663	128
1664	33
1665	126
1666	42
1667	76
1668	50
1669	53
1670	149
1671	113
1672	80
1673	172
1674	45
1675	13
1676	42
1677	55
1678	67
1679	76
1680	57
1681	68
1682	54
1683	24
1684	20
1685	33
1686	12
1687	47
1688	26
1689	54
1690	31
1691	31
1692	14
1693	23
1694	24
1695	34
1696	108
1697	96
1698	131
1699	17
1700	24
1701	42
1702	29
1703	73
1704	50
1705	42
1706	53
1707	50
1708	62
1709	49
1710	53
1711	89
1712	52
1713	62
1714	42
1715	25
1716	44
1717	86
1718	65
1719	34
1720	20
1721	43
1722	81
1723	39
1724	25
1725	114
1726	94
1727	31
1728	15
1729	70
1730	48
1731	41
1732	29
1733	19
1734	36
1735	43
1736	35
1737	83
1738	65
1739	55
1740	56
1741	52
1742	44
1743	28
1744	31
1745	44
1746	59
1747	136
1748	53
1749	71
1750	42
1751	21
1752	36
1753	25
1754	81
1755	32
1756	35
1757	65
1758	56
1759	38
1760	43
1761	19
1762	60
1763	34
1764	33
1765	14
1766	30
1767	21
1768	23
1769	74
1770	66
1771	56
1772	48
1773	37
1774	73
1775	30
1776	82
1777	69
1778	13
1779	25
1780	78
1781	55
1782	27
1783	33
1784	157
1785	214
1786	173
1787	68
1788	77
1789	36
1790	57
1791	43
1792	28
1793	28
1794	47
1795	47
1796	31
1797	37
1798	46
1799	27
1800	28
1801	84
1802	64
1803	38
1804	49
1805	55
1806	41
1807	21
1808	9
1809	27
1810	42
1811	12
1812	15
1813	6
1814	65
1815	150
1816	56
1817	79
1818	28
1819	22
1820	61
1821	104
1822	229
1823	130
1824	97
1825	116
1826	170
1827	77
1828	90
1829	128
1830	42
1831	55
1832	62
1833	65
1834	56
1835	32
1836	51
1837	34
1838	82
1839	66
1840	35
1841	49
1842	42
1843	86
1844	67
1845	77
1846	52
1847	21
1848	65
1849	100
1850	43
1851	140
1852	60
1853	102
1854	48
1855	85
1856	80
1857	65
1858	232
1859	182
1860	131
1861	62
1862	87
1863	85
1864	100
1865	154
1866	94
1867	85
1868	26
1869	71
1870	39
1871	23
1872	67
1873	87
1874	35
1875	42
1876	52
1877	45
1878	64
1879	97
1880	77
1881	51
1882	44
1883	43
1884	48
1885	71
1886	73
1887	51
1888	68
1889	36
1890	62
1891	28
1892	76
1893	74
1894	97
1895	220
1896	34
1897	74
1898	73
1899	90
1900	47
1901	93
1902	122
1903	119
1904	116
1905	76
1906	84
1907	49
1908	81
1909	158
1910	70
1911	72
1912	81
1913	113
1914	41
1915	72
1916	83
1917	114
1918	45
1919	102
1920	48
1921	114
1922	78
1923	53
1924	62
1925	86
1926	96
1927	51
1928	66
1929	48
1930	117
1931	84
1932	106
1933	136
1934	75
1935	85
1936	87
1937	225
1938	238
1939	127
1940	179
1941	162
1942	249
1943	98
1944	61
1945	30
1946	72
1947	137
1948	131
1949	137
1950	112
1951	97
1952	148
1953	99
1954	176
1955	94
1956	36
1957	106
1958	166
1959	92
1960	117
1961	110
1962	56
1963	81
1964	106
1965	92
1966	92
1967	104
1968	176
1969	86
1970	103
1971	93
1972	146
1973	72
1974	77
1975	125
1976	132
1977	109
1978	71
1979	189
1980	154
1981	169
1982	75
1983	103
1984	147
1985	194
1986	149
1987	187
1988	251
1989	119
1990	88
1991	118
1992	144
1993	70
1994	146
1995	441
1996	261
1997	120
1998	244
1999	567
2000	58
2001	56
2002	63
2003	68
2004	100
2005	151
2006	125
2007	133
2008	110
2009	94
2010	102
2011	179
2012	181
2013	121
2014	148
2015	77
2016	182
2017	176
2018	129
2019	105
2020	157
2021	281
2022	712
2023	344
2024	513
2025	407
2026	217
2027	221
2028	516
2029	773
2030	790
2031	267
2032	545
2033	709
2034	600
2035	469
2036	604
2037	894
2038	826
2039	460
2040	1061
2041	1274
2042	1495
2043	1070
2044	1309
2045	2079
2046	1841
2047	1606
