Instrument: Andor
X Size: 2048
Y Size: 64
Total Flux: 0.000
Total Counts: 357701
Background: 341.000000
Curvature: 0.0
Clipped to ROI: No
ROI: 1309 526 2539 1627
X	Counts
0	1
1	0
2	0
3	0
4	0
5	30
6	1
7	0
8	1
9	12
10	1
11	6
12	0
13	1
14	1
15	22
16	0
17	0
18	0
19	0
20	32
21	0
22	1
23	0
24	0
25	0
26	1
27	0
28	0
29	0
30	0
31	0
32	0
33	0
34	39
35	1
36	9
37	11
38	0
39	0
40	8
41	0
42	0
43	7
44	0
45	0
46	0
47	0
48	0
49	12
50	115
51	1
52	0
53	0
54	0
55	0
56	0
57	0
58	0
59	0
60	0
61	0
62	2
63	0
64	0
65	0
66	0
67	0
68	2
69	0
70	2
71	0
72	0
73	0
74	0
75	0
76	0
77	0
78	5
79	1
80	4
81	16
82	0
83	0
84	0
85	0
86	22
87	37
88	11
89	5
90	2
91	0
92	3
93	0
94	0
95	0
96	0
97	15
98	1
99	0
100	8
101	0
102	0
103	0
104	0
105	0
106	0
107	1
108	8
109	22
110	77
111	154
112	32
113	10
114	47
115	4
116	5
117	0
118	7
119	0
120	3
121	0
122	16
123	3
124	9
125	3
126	7
127	18
128	0
129	5
130	0
131	0
132	50
133	63
134	0
135	0
136	0
137	1
138	0
139	0
140	0
141	0
142	0
143	0
144	0
145	0
146	4
147	7
148	8
149	24
150	0
151	0
152	0
153	3
154	0
155	0
156	0
157	2
158	0
159	0
160	0
161	0
162	0
163	1
164	0
165	0
166	1
167	1
168	0
169	4
170	3
171	0
172	0
173	0
174	0
175	0
176	0
177	0
178	0
179	0
180	1
181	0
182	0
183	1
184	0
185	3
186	13
187	1
188	2
189	0
190	0
191	0
192	1
193	0
194	0
195	0
196	0
197	0
198	0
199	0
200	0
201	0
202	8
203	0
204	6
205	2
206	0
207	8
208	0
209	1
210	0
211	1
212	0
213	0
214	0
215	0
216	2
217	0
218	8
219	1
220	0
221	28
222	1
223	0
224	0
225	0
226	0
227	0
228	0
229	0
230	0
231	0
232	38
233	37
234	0
235	0
236	0
237	0
238	0
239	1
240	1
241	0
242	0
243	0
244	0
245	0
246	0
247	0
248	0
249	0
250	0
251	0
252	3
253	18
254	1
255	3
256	0
257	0
258	0
259	0
260	0
261	0
262	0
263	43
264	1
265	2
266	5
267	3
268	12
269	0
270	1
271	4
272	0
273	0
274	0
275	0
276	0
277	0
278	0
279	0
280	0
281	0
282	0
283	0
284	1
285	7
286	0
287	61
288	21
289	60
290	76
291	0
292	0
293	5
294	0
295	0
296	0
297	0
298	3
299	0
300	2
301	11
302	24
303	10
304	48
305	16
306	2
307	0
308	0
309	17
310	1
311	0
312	0
313	0
314	0
315	0
316	0
317	0
318	1
319	5
320	0
321	0
322	0
323	1
324	1
325	2
326	0
327	0
328	0
329	2
330	0
331	0
332	5
333	0
334	0
335	8
336	41
337	0
338	0
339	0
340	0
341	0
342	0
343	0
344	33
345	31
346	53
347	58
348	15
349	0
350	0
351	0
352	0
353	3
354	0
355	0
356	3
357	24
358	88
359	52
360	4
361	0
362	3
363	0
364	0
365	0
366	0
367	0
368	0
369	0
370	4
371	13
372	1
373	0
374	4
375	73
376	86
377	116
378	95
379	236
380	147
381	22
382	0
383	0
384	1
385	0
386	0
387	3
388	16
389	6
390	0
391	0
392	0
393	0
394	0
395	0
396	2
397	0
398	0
399	0
400	0
401	0
402	48
403	48
404	118
405	2
406	0
407	0
408	0
409	0
410	0
411	1
412	0
413	0
414	0
415	0
416	0
417	0
418	25
419	38
420	20
421	0
422	0
423	1
424	25
425	0
426	0
427	70
428	0
429	0
430	0
431	1
432	0
433	0
434	1
435	0
436	0
437	9
438	13
439	163
440	33
441	0
442	13
443	3
444	0
445	0
446	0
447	0
448	0
449	4
450	1
451	25
452	40
453	71
454	0
455	0
456	0
457	0
458	0
459	0
460	0
461	17
462	0
463	0
464	0
465	0
466	0
467	0
468	1
469	5
470	1
471	0
472	0
473	0
474	0
475	0
476	1
477	20
478	34
479	14
480	6
481	57
482	43
483	53
484	0
485	2
486	7
487	1
488	47
489	3
490	1
491	1
492	2
493	33
494	12
495	2
496	25
497	16
498	4
499	0
500	39
501	14
502	96
503	14
504	19
505	19
506	0
507	0
508	2
509	1
510	0
511	0
512	0
513	0
514	0
515	4
516	2
517	36
518	5
519	0
520	23
521	16
522	0
523	0
524	0
525	1
526	56
527	35
528	59
529	42
530	18
531	2
532	46
533	67
534	28
535	62
536	32
537	0
538	0
539	18
540	33
541	119
542	56
543	55
544	14
545	47
546	1
547	8
548	97
549	31
550	242
551	203
552	160
553	86
554	76
555	225
556	439
557	121
558	237
559	340
560	222
561	150
562	103
563	28
564	330
565	89
566	78
567	79
568	504
569	397
570	588
571	463
572	617
573	257
574	397
575	387
576	440
577	432
578	492
579	566
580	482
581	426
582	634
583	623
584	714
585	902
586	473
587	491
588	856
589	947
590	951
591	1001
592	967
593	900
594	951
595	1084
596	1183
597	683
598	1016
599	1228
600	1435
601	1942
602	1663
603	2532
604	1925
605	1128
606	1326
607	1799
608	1580
609	1670
610	1607
611	1484
612	1694
613	2112
614	1750
615	1573
616	1364
617	1096
618	1434
619	1241
620	1117
621	802
622	811
623	1244
624	1204
625	1316
626	1186
627	1174
628	1014
629	1056
630	604
631	665
632	834
633	699
634	563
635	854
636	744
637	607
638	631
639	361
640	339
641	368
642	307
643	146
644	281
645	120
646	206
647	93
648	29
649	267
650	67
651	82
652	81
653	331
654	105
655	86
656	0
657	6
658	80
659	93
660	108
661	281
662	106
663	4
664	1
665	0
666	78
667	15
668	173
669	253
670	193
671	57
672	41
673	8
674	8
675	14
676	0
677	58
678	30
679	107
680	148
681	4
682	1
683	4
684	98
685	0
686	1
687	1
688	28
689	5
690	0
691	8
692	0
693	25
694	1
695	0
696	5
697	0
698	4
699	0
700	0
701	2
702	2
703	0
704	1
705	10
706	0
707	1
708	1
709	0
710	0
711	0
712	19
713	14
714	4
715	0
716	59
717	71
718	14
719	1
720	0
721	0
722	0
723	36
724	18
725	8
726	1
727	0
728	1
729	16
730	0
731	0
732	1
733	1
734	0
735	1
736	8
737	1
738	14
739	0
740	0
741	0
742	4
743	102
744	0
745	2
746	0
747	1
748	1
749	1
750	3
751	1
752	0
753	1
754	29
755	4
756	107
757	44
758	0
759	4
760	31
761	10
762	24
763	0
764	0
765	4
766	0
767	0
768	0
769	0
770	0
771	0
772	0
773	54
774	16
775	0
776	4
777	71
778	12
779	0
780	0
781	2
782	0
783	0
784	2
785	0
786	0
787	0
788	0
789	19
790	16
791	0
792	0
793	5
794	1
795	7
796	0
797	0
798	2
799	5
800	0
801	13
802	1
803	5
804	4
805	7
806	4
807	15
808	1
809	7
810	0
811	0
812	5
813	4
814	0
815	4
816	5
817	0
818	0
819	0
820	0
821	2
822	13
823	0
824	0
825	0
826	1
827	5
828	32
829	17
830	1
831	1
832	0
833	25
834	7
835	1
836	0
837	66
838	118
839	0
840	0
841	0
842	0
843	1
844	3
845	0
846	0
847	0
848	0
849	1
850	0
851	0
852	120
853	1
854	0
855	1
856	27
857	0
858	0
859	4
860	3
861	0
862	0
863	13
864	0
865	0
866	0
867	7
868	0
869	0
870	2
871	58
872	23
873	3
874	1
875	37
876	18
877	1
878	6
879	0
880	1
881	1
882	7
883	2
884	10
885	0
886	8
887	7
888	0
889	0
890	4
891	8
892	1
893	9
894	0
895	1
896	34
897	8
898	0
899	0
900	35
901	3
902	6
903	8
904	0
905	8
906	0
907	12
908	15
909	4
910	20
911	31
912	0
913	3
914	7
915	0
916	17
917	5
918	1
919	3
920	2
921	1
922	0
923	13
924	3
925	1
926	2
927	57
928	1
929	0
930	2
931	19
932	42
933	29
934	4
935	2
936	124
937	27
938	0
939	0
940	0
941	0
942	0
943	2
944	56
945	10
946	66
947	47
948	12
949	5
950	3
951	0
952	1
953	1
954	2
955	4
956	7
957	7
958	3
959	0
960	0
961	0
962	0
963	33
964	12
965	0
966	3
967	0
968	0
969	2
970	15
971	4
972	1
973	1
974	0
975	6
976	0
977	0
978	0
979	2
980	10
981	0
982	1
983	3
984	27
985	18
986	7
987	0
988	3
989	1
990	15
991	0
992	0
993	1
994	1
995	2
996	2
997	42
998	5
999	0
1000	24
1001	17
1002	3
1003	2
1004	0
1005	10
1006	1
1007	0
1008	0
1009	8
1010	4
1011	1
1012	0
1013	0
1014	0
1015	0
1016	0
1017	0
1018	0
1019	0
1020	0
1021	2
1022	0
1023	0
1024	5
1025	3
1026	0
1027	28
1028	6
1029	0
1030	0
1031	0
1032	0
1033	0
1034	6
1035	0
1036	0
1037	3
1038	0
1039	0
1040	0
1041	0
1042	7
1043	0
1044	0
1045	0
1046	0
1047	0
1048	0
1049	0
1050	28
1051	24
1052	2
1053	0
1054	0
1055	4
1056	1
1057	48
1058	42
1059	9
1060	0
1061	0
1062	0
1063	2
1064	0
1065	0
1066	0
1067	1
1068	18
1069	17
1070	6
1071	10
1072	0
1073	0
1074	0
1075	0
1076	8
1077	0
1078	8
1079	0
1080	2
1081	10
1082	2
1083	3
1084	1
1085	4
1086	51
1087	38
1088	22
1089	33
1090	17
1091	57
1092	0
1093	0
1094	0
1095	0
1096	8
1097	1
1098	5
1099	6
1100	0
1101	8
1102	0
1103	0
1104	9
1105	0
1106	0
1107	0
1108	3
1109	2
1110	0
1111	1
1112	0
1113	0
1114	0
1115	0
1116	0
1117	0
1118	0
1119	7
1120	0
1121	2
1122	0
1123	0
1124	0
1125	0
1126	0
1127	1
1128	18
1129	26
1130	18
1131	6
1132	3
1133	0
1134	0
1135	0
1136	3
1137	0
1138	1
1139	0
1140	1
1141	2
1142	0
1143	0
1144	16
1145	4
1146	11
1147	4
1148	1
1149	0
1150	0
1151	0
1152	256
1153	33
1154	0
1155	11
1156	2
1157	23
1158	11
1159	3
1160	36
1161	5
1162	0
1163	0
1164	69
1165	112
1166	11
1167	0
1168	2
1169	24
1170	7
1171	0
1172	0
1173	5
1174	24
1175	0
1176	1
1177	2
1178	0
1179	7
1180	10
1181	7
1182	9
1183	0
1184	2
1185	0
1186	0
1187	0
1188	0
1189	2
1190	2
1191	3
1192	0
1193	2
1194	4
1195	6
1196	8
1197	44
1198	28
1199	0
1200	0
1201	26
1202	96
1203	0
1204	1
1205	10
1206	0
1207	10
1208	9
1209	21
1210	17
1211	10
1212	36
1213	0
1214	1
1215	3
1216	20
1217	118
1218	19
1219	0
1220	13
1221	12
1222	28
1223	53
1224	69
1225	20
1226	0
1227	1
1228	6
1229	1
1230	55
1231	2
1232	0
1233	1
1234	0
1235	0
1236	0
1237	0
1238	0
1239	1
1240	8
1241	60
1242	65
1243	22
1244	10
1245	0
1246	0
1247	39
1248	9
1249	2
1250	90
1251	39
1252	0
1253	14
1254	0
1255	8
1256	6
1257	7
1258	78
1259	12
1260	0
1261	71
1262	49
1263	5
1264	4
1265	30
1266	1
1267	2
1268	29
1269	12
1270	6
1271	6
1272	1
1273	74
1274	222
1275	191
1276	16
1277	38
1278	57
1279	4
1280	0
1281	8
1282	0
1283	0
1284	1
1285	0
1286	0
1287	1
1288	10
1289	11
1290	7
1291	5
1292	0
1293	1
1294	8
1295	0
1296	1
1297	17
1298	0
1299	0
1300	0
1301	0
1302	0
1303	17
1304	2
1305	0
1306	1
1307	169
1308	25
1309	5
1310	8
1311	55
1312	1
1313	3
1314	5
1315	0
1316	21
1317	6
1318	0
1319	0
1320	11
1321	68
1322	6
1323	0
1324	0
1325	0
1326	11
1327	0
1328	1
1329	17
1330	6
1331	4
1332	17
1333	41
1334	4
1335	15
1336	0
1337	0
1338	30
1339	2
1340	60
1341	64
1342	13
1343	16
1344	3
1345	1
1346	2
1347	1
1348	5
1349	0
1350	0
1351	0
1352	0
1353	16
1354	65
1355	73
1356	1
1357	8
1358	1
1359	3
1360	9
1361	0
1362	43
1363	108
1364	42
1365	57
1366	2
1367	6
1368	0
1369	1
1370	0
1371	7
1372	0
1373	29
1374	40
1375	37
1376	73
1377	9
1378	0
1379	1
1380	33
1381	92
1382	182
1383	46
1384	6
1385	13
1386	12
1387	51
1388	25
1389	5
1390	6
1391	0
1392	0
1393	7
1394	72
1395	3
1396	0
1397	90
1398	100
1399	2
1400	0
1401	7
1402	245
1403	15
1404	128
1405	98
1406	50
1407	15
1408	0
1409	12
1410	6
1411	12
1412	0
1413	97
1414	37
1415	0
1416	73
1417	222
1418	92
1419	14
1420	26
1421	10
1422	4
1423	2
1424	13
1425	1
1426	37
1427	0
1428	0
1429	66
1430	112
1431	64
1432	120
1433	11
1434	7
1435	13
1436	107
1437	36
1438	12
1439	219
1440	51
1441	26
1442	9
1443	30
1444	2
1445	75
1446	51
1447	0
1448	0
1449	1
1450	5
1451	2
1452	3
1453	47
1454	37
1455	90
1456	69
1457	133
1458	26
1459	3
1460	20
1461	46
1462	46
1463	0
1464	32
1465	104
1466	23
1467	59
1468	4
1469	9
1470	7
1471	39
1472	10
1473	4
1474	35
1475	56
1476	67
1477	56
1478	15
1479	2
1480	0
1481	47
1482	417
1483	293
1484	50
1485	42
1486	54
1487	58
1488	1
1489	0
1490	21
1491	10
1492	3
1493	72
1494	144
1495	89
1496	57
1497	0
1498	7
1499	0
1500	5
1501	68
1502	69
1503	34
1504	91
1505	240
1506	273
1507	28
1508	101
1509	125
1510	125
1511	26
1512	36
1513	210
1514	95
1515	131
1516	30
1517	222
1518	33
1519	2
1520	57
1521	78
1522	0
1523	11
1524	1
1525	7
1526	0
1527	0
1528	35
1529	208
1530	42
1531	44
1532	40
1533	77
1534	387
1535	28
1536	10
1537	159
1538	319
1539	177
1540	169
1541	77
1542	302
1543	93
1544	127
1545	191
1546	128
1547	128
1548	144
1549	158
1550	547
1551	476
1552	573
1553	420
1554	483
1555	542
1556	509
1557	715
1558	489
1559	219
1560	248
1561	393
1562	384
1563	688
1564	1058
1565	812
1566	534
1567	836
1568	657
1569	1096
1570	1273
1571	1319
1572	1225
1573	1257
1574	1027
1575	1278
1576	1633
1577	1747
1578	1829
1579	2279
1580	1957
1581	2059
1582	2208
1583	1946
1584	2411
1585	2517
1586	2704
1587	2353
1588	2778
1589	2577
1590	3730
1591	3904
1592	3784
1593	3371
1594	2976
1595	4231
1596	5445
1597	5827
1598	5429
1599	4986
1600	4472
1601	5201
1602	5041
1603	4437
1604	3278
1605	3640
1606	3248
1607	2214
1608	2661
1609	3001
1610	2314
1611	1890
1612	2413
1613	1927
1614	1880
1615	1790
1616	2319
1617	2159
1618	1998
1619	1163
1620	1009
1621	1518
1622	1230
1623	1188
1624	1100
1625	894
1626	608
1627	934
1628	1283
1629	725
1630	1075
1631	671
1632	920
1633	774
1634	864
1635	737
1636	586
1637	368
1638	131
1639	94
1640	414
1641	438
1642	252
1643	77
1644	68
1645	25
1646	160
1647	131
1648	99
1649	569
1650	313
1651	307
1652	111
1653	178
1654	45
1655	43
1656	68
1657	87
1658	86
1659	50
1660	36
1661	95
1662	65
1663	121
1664	1
1665	1
1666	35
1667	140
1668	84
1669	2
1670	32
1671	11
1672	45
1673	133
1674	161
1675	176
1676	111
1677	19
1678	0
1679	64
1680	520
1681	114
1682	5
1683	1
1684	16
1685	153
1686	11
1687	7
1688	0
1689	4
1690	2
1691	146
1692	530
1693	254
1694	116
1695	249
1696	155
1697	54
1698	272
1699	257
1700	218
1701	434
1702	59
1703	30
1704	81
1705	3
1706	7
1707	14
1708	51
1709	13
1710	66
1711	127
1712	52
1713	70
1714	9
1715	70
1716	30
1717	170
1718	79
1719	473
1720	235
1721	2
1722	6
1723	5
1724	17
1725	2
1726	21
1727	260
1728	380
1729	216
1730	39
1731	63
1732	0
1733	0
1734	3
1735	32
1736	68
1737	6
1738	2
1739	3
1740	1
1741	3
1742	43
1743	43
1744	21
1745	16
1746	25
1747	134
1748	106
1749	0
1750	4
1751	2
1752	0
1753	3
1754	3
1755	14
1756	283
1757	245
1758	2
1759	18
1760	7
1761	2
1762	10
1763	20
1764	0
1765	10
1766	2
1767	16
1768	24
1769	108
1770	443
1771	40
1772	31
1773	101
1774	39
1775	41
1776	0
1777	12
1778	5
1779	9
1780	28
1781	73
1782	128
1783	42
1784	13
1785	161
1786	37
1787	78
1788	83
1789	0
1790	0
1791	15
1792	2
1793	5
1794	139
1795	261
1796	41
1797	9
1798	61
1799	58
1800	22
1801	31
1802	415
1803	1077
1804	247
1805	232
1806	21
1807	0
1808	2
1809	22
1810	185
1811	134
1812	24
1813	13
1814	24
1815	55
1816	72
1817	6
1818	0
1819	0
1820	72
1821	26
1822	188
1823	254
1824	134
1825	324
1826	211
1827	2
1828	8
1829	0
1830	5
1831	0
1832	17
1833	0
1834	9
1835	25
1836	459
1837	75
1838	5
1839	35
1840	52
1841	12
1842	23
1843	9
1844	38
1845	23
1846	1
1847	2
1848	17
1849	1
1850	1
1851	13
1852	6
1853	46
1854	17
1855	50
1856	58
1857	54
1858	28
1859	33
1860	55
1861	201
1862	89
1863	37
1864	80
1865	104
1866	45
1867	36
1868	78
1869	314
1870	66
1871	27
1872	5
1873	111
1874	8
1875	23
1876	86
1877	13
1878	4
1879	16
1880	3
1881	7
1882	26
1883	318
1884	168
1885	171
1886	311
1887	428
1888	196
1889	37
1890	38
1891	13
1892	65
1893	103
1894	159
1895	118
1896	42
1897	18
1898	106
1899	140
1900	340
1901	309
1902	35
1903	11
1904	30
1905	389
1906	327
1907	137
1908	25
1909	14
1910	6
1911	156
1912	26
1913	97
1914	444
1915	240
1916	136
1917	18
1918	0
1919	7
1920	50
1921	136
1922	186
1923	41
1924	8
1925	121
1926	257
1927	223
1928	63
1929	103
1930	174
1931	37
1932	138
1933	143
1934	48
1935	28
1936	139
1937	326
1938	396
1939	131
1940	473
1941	386
1942	59
1943	58
1944	32
1945	335
1946	455
1947	148
1948	30
1949	157
1950	136
1951	167
1952	78
1953	9
1954	202
1955	217
1956	103
1957	48
1958	149
1959	297
1960	146
1961	23
1962	1
1963	85
1964	227
1965	40
1966	113
1967	229
1968	57
1969	93
1970	248
1971	141
1972	372
1973	94
1974	132
1975	194
1976	416
1977	460
1978	111
1979	108
1980	222
1981	157
1982	196
1983	224
1984	365
1985	140
1986	246
1987	437
1988	403
1989	219
1990	165
1991	346
1992	415
1993	447
1994	458
1995	645
1996	504
1997	154
1998	353
1999	325
2000	242
2001	470
2002	392
2003	540
2004	163
2005	121
2006	378
2007	230
2008	177
2009	106
2010	133
2011	339
2012	198
2013	459
2014	523
2015	314
2016	889
2017	733
2018	962
2019	686
2020	428
2021	494
2022	441
2023	132
2024	244
2025	567
2026	515
2027	865
2028	1037
2029	1466
2030	1136
2031	815
2032	1273
2033	878
2034	751
2035	908
2036	954
2037	1652
2038	1536
2039	1859
2040	2178
2041	2435
2042	1921
2043	2211
2044	1838
2045	2044
2046	2909
2047	3429
