Instrument: Andor
X Size: 2048
Y Size: 64
Total Flux: 0.000
Total Counts: 354684
Background: 339.000000
Curvature: 0.0
Clipped to ROI: No
ROI: 1309 526 2539 1627
X	Counts
0	0
1	0
2	0
3	0
4	0
5	0
6	7
7	14
8	5
9	16
10	0
11	1
12	0
13	0
14	1
15	6
16	0
17	0
18	0
19	0
20	50
21	30
22	14
23	0
24	0
25	0
26	0
27	0
28	0
29	0
30	0
31	0
32	7
33	28
34	27
35	0
36	0
37	13
38	0
39	0
40	6
41	0
42	0
43	10
44	0
45	0
46	0
47	7
48	0
49	2
50	0
51	0
52	0
53	0
54	0
55	4
56	3
57	1
58	0
59	0
60	0
61	0
62	0
63	0
64	0
65	0
66	0
67	0
68	0
69	0
70	3
71	3
72	0
73	0
74	1
75	0
76	0
77	6
78	36
79	26
80	3
81	32
82	0
83	0
84	0
85	0
86	6
87	0
88	3
89	8
90	2
91	6
92	0
93	8
94	30
95	0
96	3
97	0
98	10
99	0
100	0
101	0
102	0
103	0
104	0
105	0
106	0
107	0
108	0
109	0
110	1
111	1
112	0
113	0
114	0
115	2
116	0
117	0
118	2
119	4
120	45
121	3
122	0
123	2
124	34
125	0
126	2
127	0
128	0
129	0
130	0
131	1
132	11
133	0
134	5
135	9
136	63
137	5
138	12
139	1
140	0
141	0
142	0
143	0
144	0
145	0
146	18
147	66
148	8
149	46
150	40
151	0
152	0
153	14
154	0
155	1
156	2
157	2
158	0
159	0
160	3
161	0
162	0
163	0
164	0
165	1
166	1
167	2
168	63
169	9
170	15
171	5
172	64
173	2
174	0
175	0
176	1
177	0
178	1
179	0
180	0
181	1
182	1
183	0
184	0
185	0
186	1
187	0
188	0
189	0
190	0
191	0
192	0
193	5
194	0
195	0
196	0
197	0
198	0
199	14
200	26
201	24
202	60
203	0
204	0
205	0
206	0
207	0
208	0
209	1
210	1
211	0
212	0
213	0
214	0
215	0
216	0
217	0
218	0
219	0
220	0
221	0
222	0
223	0
224	22
225	0
226	0
227	1
228	1
229	1
230	0
231	0
232	27
233	19
234	23
235	1
236	0
237	0
238	0
239	0
240	0
241	0
242	3
243	0
244	0
245	1
246	2
247	2
248	0
249	0
250	4
251	0
252	8
253	3
254	0
255	0
256	0
257	3
258	0
259	0
260	0
261	1
262	0
263	2
264	8
265	0
266	0
267	0
268	0
269	0
270	0
271	0
272	0
273	4
274	0
275	0
276	0
277	0
278	6
279	29
280	5
281	0
282	30
283	0
284	0
285	0
286	0
287	0
288	0
289	1
290	1
291	0
292	1
293	1
294	64
295	416
296	185
297	1
298	0
299	5
300	0
301	26
302	42
303	25
304	2
305	0
306	0
307	0
308	0
309	0
310	0
311	0
312	0
313	2
314	1
315	38
316	39
317	8
318	3
319	8
320	0
321	0
322	0
323	0
324	0
325	38
326	8
327	28
328	0
329	0
330	16
331	16
332	4
333	0
334	0
335	0
336	0
337	0
338	0
339	0
340	0
341	0
342	0
343	0
344	0
345	0
346	0
347	0
348	6
349	12
350	70
351	9
352	0
353	0
354	27
355	25
356	2
357	0
358	0
359	2
360	0
361	0
362	0
363	0
364	0
365	0
366	0
367	0
368	0
369	0
370	3
371	0
372	0
373	0
374	1
375	27
376	2
377	7
378	0
379	3
380	0
381	0
382	0
383	0
384	19
385	1
386	0
387	3
388	0
389	0
390	0
391	0
392	0
393	0
394	0
395	0
396	0
397	0
398	0
399	20
400	0
401	4
402	0
403	0
404	6
405	0
406	0
407	0
408	1
409	0
410	0
411	0
412	0
413	0
414	0
415	0
416	0
417	1
418	0
419	26
420	12
421	14
422	64
423	60
424	29
425	1
426	0
427	1
428	0
429	2
430	7
431	0
432	0
433	2
434	0
435	1
436	14
437	6
438	0
439	52
440	55
441	0
442	4
443	35
444	32
445	0
446	0
447	0
448	0
449	0
450	0
451	0
452	1
453	3
454	0
455	0
456	0
457	0
458	0
459	29
460	37
461	6
462	0
463	0
464	31
465	50
466	0
467	0
468	5
469	2
470	0
471	0
472	0
473	9
474	18
475	17
476	122
477	13
478	0
479	15
480	2
481	29
482	1
483	50
484	80
485	0
486	0
487	0
488	22
489	1
490	0
491	43
492	0
493	0
494	3
495	48
496	16
497	0
498	0
499	0
500	0
501	0
502	30
503	0
504	0
505	13
506	1
507	0
508	10
509	52
510	1
511	18
512	0
513	0
514	1
515	1
516	0
517	10
518	111
519	14
520	27
521	0
522	6
523	4
524	5
525	268
526	291
527	13
528	15
529	46
530	28
531	3
532	53
533	2
534	55
535	34
536	213
537	133
538	143
539	182
540	290
541	181
542	282
543	88
544	41
545	299
546	120
547	0
548	149
549	9
550	4
551	51
552	27
553	97
554	255
555	225
556	101
557	42
558	221
559	263
560	222
561	167
562	85
563	185
564	229
565	253
566	434
567	597
568	191
569	205
570	362
571	413
572	314
573	93
574	171
575	191
576	442
577	216
578	158
579	136
580	297
581	269
582	408
583	635
584	430
585	406
586	431
587	743
588	722
589	611
590	1280
591	1339
592	804
593	465
594	614
595	870
596	900
597	1391
598	1412
599	1265
600	1246
601	1167
602	1068
603	994
604	1558
605	1591
606	1565
607	1327
608	1235
609	1740
610	1825
611	2033
612	2039
613	1338
614	1411
615	1803
616	1537
617	1519
618	851
619	773
620	1019
621	1114
622	912
623	670
624	708
625	732
626	490
627	878
628	822
629	575
630	599
631	762
632	749
633	565
634	311
635	380
636	565
637	308
638	309
639	565
640	407
641	378
642	607
643	423
644	456
645	280
646	238
647	195
648	258
649	75
650	146
651	359
652	255
653	21
654	295
655	26
656	42
657	326
658	128
659	72
660	60
661	37
662	55
663	110
664	23
665	25
666	228
667	67
668	83
669	6
670	37
671	0
672	27
673	7
674	26
675	18
676	31
677	25
678	0
679	44
680	1
681	0
682	0
683	49
684	17
685	0
686	0
687	0
688	0
689	0
690	2
691	5
692	3
693	6
694	12
695	90
696	36
697	0
698	0
699	0
700	0
701	0
702	0
703	0
704	0
705	41
706	5
707	0
708	0
709	0
710	3
711	0
712	1
713	1
714	1
715	0
716	5
717	161
718	75
719	97
720	5
721	0
722	0
723	30
724	33
725	1
726	0
727	1
728	0
729	0
730	0
731	0
732	0
733	0
734	0
735	0
736	0
737	13
738	18
739	14
740	0
741	0
742	0
743	3
744	0
745	0
746	0
747	0
748	0
749	0
750	0
751	17
752	2
753	22
754	30
755	0
756	1
757	1
758	0
759	0
760	1
761	1
762	9
763	0
764	2
765	1
766	0
767	0
768	0
769	0
770	2
771	0
772	0
773	4
774	0
775	0
776	6
777	1
778	1
779	0
780	0
781	1
782	0
783	3
784	53
785	12
786	1
787	0
788	0
789	1
790	8
791	2
792	0
793	0
794	0
795	2
796	1
797	28
798	2
799	0
800	0
801	0
802	2
803	2
804	5
805	0
806	0
807	0
808	0
809	0
810	0
811	0
812	26
813	5
814	0
815	0
816	0
817	0
818	1
819	0
820	9
821	2
822	0
823	0
824	65
825	5
826	0
827	11
828	3
829	7
830	1
831	0
832	3
833	6
834	0
835	0
836	8
837	119
838	14
839	0
840	0
841	0
842	0
843	0
844	7
845	0
846	0
847	0
848	0
849	0
850	0
851	3
852	29
853	12
854	1
855	12
856	50
857	6
858	2
859	0
860	3
861	0
862	0
863	37
864	1
865	0
866	0
867	6
868	0
869	5
870	24
871	9
872	6
873	0
874	0
875	0
876	0
877	0
878	6
879	2
880	10
881	0
882	0
883	0
884	0
885	0
886	1
887	0
888	0
889	3
890	0
891	0
892	0
893	0
894	2
895	1
896	19
897	3
898	34
899	15
900	9
901	0
902	0
903	5
904	6
905	0
906	19
907	42
908	43
909	2
910	9
911	2
912	9
913	0
914	30
915	2
916	1
917	0
918	0
919	32
920	36
921	6
922	5
923	6
924	4
925	1
926	4
927	15
928	19
929	20
930	12
931	18
932	0
933	0
934	10
935	13
936	19
937	18
938	2
939	8
940	5
941	0
942	0
943	9
944	0
945	0
946	7
947	0
948	12
949	0
950	1
951	2
952	3
953	1
954	10
955	2
956	0
957	0
958	0
959	0
960	3
961	19
962	1
963	2
964	0
965	0
966	0
967	6
968	0
969	8
970	7
971	4
972	0
973	12
974	2
975	2
976	15
977	33
978	5
979	0
980	1
981	6
982	10
983	18
984	18
985	68
986	53
987	4
988	1
989	11
990	0
991	6
992	1
993	1
994	0
995	5
996	1
997	2
998	0
999	0
1000	27
1001	7
1002	0
1003	2
1004	12
1005	0
1006	9
1007	4
1008	3
1009	70
1010	15
1011	2
1012	7
1013	1
1014	2
1015	1
1016	0
1017	0
1018	0
1019	5
1020	1
1021	1
1022	0
1023	4
1024	8
1025	23
1026	72
1027	27
1028	0
1029	0
1030	2
1031	20
1032	7
1033	0
1034	0
1035	5
1036	9
1037	8
1038	5
1039	2
1040	0
1041	0
1042	0
1043	0
1044	11
1045	4
1046	2
1047	1
1048	0
1049	0
1050	6
1051	7
1052	0
1053	1
1054	2
1055	7
1056	0
1057	60
1058	11
1059	3
1060	20
1061	24
1062	20
1063	29
1064	13
1065	1
1066	52
1067	0
1068	12
1069	12
1070	0
1071	21
1072	3
1073	6
1074	52
1075	1
1076	0
1077	1
1078	0
1079	0
1080	6
1081	12
1082	22
1083	1
1084	0
1085	0
1086	15
1087	77
1088	18
1089	62
1090	122
1091	121
1092	21
1093	5
1094	0
1095	0
1096	1
1097	1
1098	0
1099	6
1100	0
1101	0
1102	1
1103	1
1104	7
1105	0
1106	0
1107	0
1108	0
1109	1
1110	9
1111	16
1112	12
1113	114
1114	0
1115	0
1116	0
1117	0
1118	0
1119	0
1120	2
1121	3
1122	0
1123	0
1124	5
1125	0
1126	0
1127	6
1128	29
1129	9
1130	0
1131	2
1132	0
1133	0
1134	0
1135	12
1136	12
1137	6
1138	37
1139	1
1140	5
1141	2
1142	0
1143	0
1144	0
1145	0
1146	0
1147	2
1148	0
1149	0
1150	0
1151	0
1152	5
1153	2
1154	1
1155	2
1156	0
1157	5
1158	59
1159	3
1160	2
1161	8
1162	2
1163	0
1164	8
1165	22
1166	4
1167	38
1168	2
1169	5
1170	2
1171	0
1172	12
1173	0
1174	22
1175	0
1176	0
1177	24
1178	16
1179	5
1180	8
1181	0
1182	5
1183	1
1184	0
1185	9
1186	5
1187	0
1188	0
1189	9
1190	25
1191	29
1192	7
1193	1
1194	0
1195	1
1196	24
1197	78
1198	25
1199	9
1200	0
1201	0
1202	43
1203	1
1204	0
1205	0
1206	0
1207	0
1208	3
1209	31
1210	18
1211	0
1212	1
1213	10
1214	4
1215	7
1216	45
1217	0
1218	0
1219	0
1220	3
1221	0
1222	6
1223	0
1224	38
1225	8
1226	0
1227	0
1228	43
1229	68
1230	67
1231	51
1232	7
1233	28
1234	0
1235	0
1236	0
1237	1
1238	1
1239	7
1240	0
1241	0
1242	4
1243	2
1244	2
1245	1
1246	0
1247	19
1248	0
1249	0
1250	1
1251	0
1252	3
1253	8
1254	0
1255	0
1256	0
1257	0
1258	0
1259	0
1260	0
1261	104
1262	1
1263	5
1264	132
1265	26
1266	0
1267	3
1268	0
1269	9
1270	3
1271	0
1272	34
1273	1
1274	9
1275	40
1276	2
1277	75
1278	176
1279	75
1280	61
1281	29
1282	51
1283	11
1284	8
1285	134
1286	65
1287	34
1288	82
1289	14
1290	0
1291	0
1292	5
1293	1
1294	0
1295	1
1296	2
1297	14
1298	2
1299	0
1300	0
1301	0
1302	0
1303	5
1304	9
1305	3
1306	2
1307	4
1308	0
1309	10
1310	2
1311	12
1312	0
1313	0
1314	0
1315	0
1316	0
1317	0
1318	0
1319	0
1320	3
1321	2
1322	3
1323	0
1324	4
1325	45
1326	6
1327	1
1328	56
1329	30
1330	0
1331	18
1332	5
1333	0
1334	0
1335	11
1336	269
1337	22
1338	0
1339	0
1340	2
1341	2
1342	0
1343	5
1344	73
1345	1
1346	0
1347	0
1348	10
1349	0
1350	0
1351	4
1352	0
1353	1
1354	0
1355	14
1356	2
1357	0
1358	0
1359	0
1360	1
1361	0
1362	1
1363	150
1364	84
1365	6
1366	46
1367	64
1368	2
1369	15
1370	0
1371	42
1372	11
1373	18
1374	40
1375	0
1376	2
1377	19
1378	5
1379	6
1380	54
1381	18
1382	43
1383	7
1384	15
1385	0
1386	42
1387	66
1388	0
1389	0
1390	2
1391	1
1392	23
1393	0
1394	2
1395	0
1396	0
1397	0
1398	1
1399	2
1400	86
1401	31
1402	2
1403	1
1404	1
1405	9
1406	43
1407	23
1408	44
1409	29
1410	1
1411	1
1412	0
1413	1
1414	24
1415	144
1416	13
1417	90
1418	6
1419	1
1420	17
1421	1
1422	3
1423	118
1424	23
1425	0
1426	1
1427	0
1428	0
1429	12
1430	97
1431	130
1432	88
1433	38
1434	0
1435	159
1436	1
1437	0
1438	1
1439	6
1440	0
1441	0
1442	0
1443	24
1444	6
1445	1
1446	10
1447	11
1448	20
1449	63
1450	112
1451	73
1452	1
1453	7
1454	1
1455	1
1456	9
1457	0
1458	0
1459	0
1460	0
1461	0
1462	7
1463	55
1464	44
1465	69
1466	121
1467	86
1468	30
1469	0
1470	0
1471	136
1472	97
1473	1
1474	0
1475	8
1476	66
1477	62
1478	2
1479	25
1480	9
1481	34
1482	2
1483	201
1484	82
1485	60
1486	64
1487	83
1488	17
1489	51
1490	35
1491	62
1492	0
1493	0
1494	65
1495	150
1496	63
1497	68
1498	9
1499	13
1500	20
1501	2
1502	5
1503	9
1504	74
1505	129
1506	122
1507	8
1508	1
1509	25
1510	8
1511	7
1512	47
1513	445
1514	151
1515	27
1516	54
1517	12
1518	12
1519	62
1520	76
1521	96
1522	5
1523	3
1524	143
1525	202
1526	134
1527	100
1528	112
1529	77
1530	71
1531	4
1532	63
1533	38
1534	326
1535	539
1536	338
1537	256
1538	181
1539	71
1540	8
1541	138
1542	142
1543	152
1544	107
1545	178
1546	139
1547	307
1548	98
1549	128
1550	115
1551	389
1552	210
1553	103
1554	271
1555	210
1556	102
1557	182
1558	302
1559	620
1560	364
1561	436
1562	540
1563	576
1564	707
1565	531
1566	395
1567	562
1568	882
1569	1203
1570	821
1571	586
1572	1093
1573	1182
1574	1021
1575	1043
1576	1569
1577	1719
1578	1589
1579	1650
1580	1650
1581	1760
1582	2154
1583	2378
1584	2406
1585	2444
1586	2503
1587	2328
1588	3409
1589	3270
1590	4157
1591	4796
1592	5210
1593	5752
1594	4505
1595	4800
1596	4516
1597	5293
1598	6024
1599	5414
1600	4510
1601	4712
1602	4286
1603	3581
1604	3855
1605	3288
1606	2468
1607	2265
1608	1881
1609	2073
1610	2407
1611	2383
1612	2566
1613	1842
1614	1789
1615	1910
1616	2149
1617	1947
1618	2136
1619	2276
1620	1434
1621	1177
1622	1777
1623	2076
1624	1637
1625	1750
1626	1405
1627	2081
1628	1953
1629	750
1630	735
1631	656
1632	718
1633	540
1634	438
1635	230
1636	79
1637	169
1638	355
1639	533
1640	588
1641	486
1642	189
1643	254
1644	302
1645	70
1646	52
1647	97
1648	177
1649	107
1650	152
1651	303
1652	164
1653	108
1654	64
1655	47
1656	165
1657	245
1658	295
1659	83
1660	36
1661	392
1662	147
1663	16
1664	0
1665	60
1666	30
1667	49
1668	134
1669	26
1670	102
1671	672
1672	284
1673	346
1674	167
1675	73
1676	40
1677	232
1678	49
1679	20
1680	127
1681	95
1682	287
1683	271
1684	36
1685	163
1686	90
1687	34
1688	24
1689	1
1690	19
1691	22
1692	9
1693	1
1694	10
1695	81
1696	22
1697	0
1698	56
1699	15
1700	0
1701	0
1702	10
1703	33
1704	22
1705	3
1706	9
1707	0
1708	9
1709	1
1710	0
1711	0
1712	0
1713	0
1714	23
1715	188
1716	184
1717	7
1718	19
1719	11
1720	38
1721	61
1722	2
1723	2
1724	23
1725	53
1726	30
1727	3
1728	1
1729	0
1730	0
1731	0
1732	0
1733	0
1734	68
1735	45
1736	12
1737	15
1738	10
1739	21
1740	85
1741	43
1742	15
1743	20
1744	5
1745	2
1746	3
1747	2
1748	7
1749	0
1750	2
1751	229
1752	129
1753	15
1754	269
1755	87
1756	83
1757	0
1758	5
1759	46
1760	37
1761	0
1762	4
1763	6
1764	0
1765	0
1766	73
1767	28
1768	3
1769	0
1770	0
1771	4
1772	4
1773	13
1774	31
1775	2
1776	8
1777	50
1778	366
1779	172
1780	11
1781	1
1782	5
1783	0
1784	4
1785	7
1786	5
1787	24
1788	6
1789	50
1790	265
1791	105
1792	146
1793	120
1794	34
1795	30
1796	2
1797	3
1798	4
1799	11
1800	35
1801	14
1802	25
1803	0
1804	3
1805	32
1806	17
1807	0
1808	0
1809	19
1810	41
1811	64
1812	41
1813	1
1814	0
1815	34
1816	30
1817	43
1818	4
1819	4
1820	5
1821	9
1822	56
1823	203
1824	29
1825	1
1826	0
1827	0
1828	1
1829	22
1830	24
1831	118
1832	70
1833	3
1834	0
1835	0
1836	27
1837	122
1838	175
1839	100
1840	129
1841	211
1842	65
1843	109
1844	23
1845	22
1846	13
1847	23
1848	28
1849	88
1850	29
1851	31
1852	35
1853	53
1854	184
1855	298
1856	69
1857	4
1858	56
1859	10
1860	4
1861	56
1862	139
1863	60
1864	17
1865	106
1866	66
1867	70
1868	58
1869	44
1870	50
1871	147
1872	183
1873	124
1874	444
1875	357
1876	52
1877	85
1878	28
1879	67
1880	0
1881	1
1882	2
1883	13
1884	6
1885	74
1886	176
1887	352
1888	219
1889	30
1890	293
1891	558
1892	258
1893	339
1894	509
1895	162
1896	32
1897	9
1898	22
1899	46
1900	24
1901	17
1902	6
1903	14
1904	7
1905	15
1906	188
1907	137
1908	39
1909	26
1910	16
1911	135
1912	27
1913	95
1914	51
1915	36
1916	39
1917	154
1918	83
1919	79
1920	12
1921	41
1922	103
1923	121
1924	318
1925	418
1926	301
1927	34
1928	103
1929	79
1930	25
1931	16
1932	63
1933	131
1934	55
1935	16
1936	75
1937	99
1938	371
1939	242
1940	311
1941	112
1942	448
1943	341
1944	252
1945	91
1946	122
1947	157
1948	388
1949	254
1950	409
1951	393
1952	221
1953	16
1954	204
1955	467
1956	409
1957	123
1958	16
1959	58
1960	194
1961	67
1962	66
1963	132
1964	175
1965	100
1966	511
1967	159
1968	57
1969	23
1970	15
1971	20
1972	24
1973	73
1974	304
1975	166
1976	241
1977	166
1978	17
1979	57
1980	123
1981	340
1982	77
1983	32
1984	24
1985	27
1986	252
1987	878
1988	3240
1989	319
1990	112
1991	40
1992	321
1993	422
1994	179
1995	732
1996	270
1997	31
1998	52
1999	117
2000	126
2001	24
2002	52
2003	166
2004	118
2005	501
2006	655
2007	425
2008	111
2009	139
2010	577
2011	582
2012	478
2013	522
2014	413
2015	365
2016	170
2017	261
2018	264
2019	629
2020	718
2021	991
2022	1090
2023	1655
2024	1472
2025	978
2026	1559
2027	1513
2028	1082
2029	804
2030	1157
2031	1402
2032	1014
2033	1002
2034	1212
2035	1394
2036	1825
2037	2023
2038	1582
2039	1537
2040	1695
2041	2306
2042	2092
2043	1805
2044	2110
2045	3393
2046	3485
2047	3495
