Instrument: Andor
X Size: 2048
Y Size: 64
Total Flux: 0.000
Total Counts: 330636
Background: 333.000000
Curvature: 0.0
Clipped to ROI: No
ROI: 1309 526 2539 1627
X	Counts
0	0
1	0
2	0
3	7
4	0
5	9
6	0
7	3
8	0
9	23
10	263
11	181
12	25
13	0
14	32
15	39
16	1
17	0
18	0
19	0
20	56
21	1
22	9
23	11
24	12
25	2
26	5
27	0
28	1
29	4
30	9
31	0
32	25
33	18
34	31
35	9
36	19
37	33
38	10
39	10
40	9
41	6
42	7
43	17
44	9
45	15
46	3
47	25
48	1
49	37
50	8
51	1
52	6
53	15
54	24
55	6
56	5
57	31
58	17
59	5
60	56
61	9
62	24
63	14
64	55
65	115
66	72
67	12
68	0
69	9
70	51
71	42
72	53
73	29
74	95
75	17
76	21
77	21
78	36
79	21
80	18
81	101
82	21
83	1
84	19
85	49
86	76
87	77
88	23
89	9
90	13
91	44
92	19
93	44
94	9
95	26
96	35
97	31
98	34
99	11
100	30
101	55
102	50
103	7
104	26
105	5
106	7
107	34
108	31
109	37
110	24
111	22
112	49
113	13
114	38
115	32
116	45
117	66
118	54
119	23
120	85
121	28
122	24
123	68
124	32
125	46
126	29
127	25
128	9
129	30
130	37
131	203
132	121
133	59
134	2
135	38
136	45
137	51
138	9
139	40
140	2
141	44
142	33
143	25
144	35
145	15
146	32
147	47
148	48
149	33
150	20
151	25
152	27
153	64
154	55
155	7
156	24
157	47
158	49
159	48
160	29
161	27
162	19
163	47
164	10
165	14
166	51
167	14
168	26
169	33
170	27
171	19
172	20
173	34
174	10
175	30
176	8
177	10
178	12
179	15
180	10
181	45
182	9
183	38
184	15
185	25
186	31
187	32
188	2
189	25
190	40
191	28
192	69
193	34
194	22
195	29
196	39
197	22
198	3
199	18
200	18
201	27
202	65
203	16
204	33
205	15
206	11
207	54
208	40
209	12
210	5
211	26
212	7
213	12
214	27
215	22
216	15
217	9
218	18
219	5
220	14
221	23
222	3
223	21
224	43
225	7
226	30
227	15
228	17
229	6
230	0
231	8
232	40
233	27
234	56
235	35
236	7
237	20
238	16
239	24
240	22
241	20
242	32
243	32
244	9
245	3
246	21
247	122
248	129
249	43
250	36
251	4
252	73
253	215
254	18
255	8
256	7
257	57
258	9
259	9
260	32
261	569
262	35
263	104
264	40
265	77
266	15
267	5
268	22
269	2
270	3
271	10
272	10
273	5
274	5
275	14
276	3
277	4
278	8
279	38
280	23
281	0
282	38
283	22
284	34
285	11
286	10
287	4
288	20
289	5
290	7
291	3
292	21
293	30
294	12
295	24
296	37
297	33
298	51
299	13
300	7
301	131
302	36
303	23
304	22
305	6
306	42
307	11
308	9
309	60
310	53
311	9
312	4
313	18
314	21
315	33
316	3
317	21
318	13
319	37
320	33
321	9
322	16
323	40
324	36
325	31
326	15
327	39
328	9
329	3
330	18
331	29
332	17
333	24
334	4
335	14
336	19
337	25
338	7
339	26
340	17
341	15
342	11
343	18
344	16
345	4
346	16
347	10
348	52
349	32
350	77
351	62
352	35
353	13
354	30
355	9
356	11
357	65
358	41
359	69
360	8
361	2
362	0
363	10
364	2
365	13
366	4
367	31
368	9
369	18
370	1
371	6
372	13
373	13
374	3
375	28
376	34
377	43
378	36
379	3
380	10
381	25
382	8
383	6
384	2
385	7
386	16
387	65
388	30
389	18
390	10
391	13
392	4
393	21
394	22
395	35
396	10
397	3
398	7
399	12
400	10
401	31
402	14
403	0
404	0
405	9
406	51
407	0
408	0
409	3
410	9
411	27
412	6
413	10
414	8
415	20
416	14
417	4
418	1
419	35
420	45
421	10
422	9
423	40
424	35
425	14
426	1
427	26
428	12
429	9
430	7
431	45
432	10
433	25
434	0
435	0
436	28
437	54
438	44
439	88
440	49
441	11
442	29
443	19
444	10
445	1
446	3
447	112
448	92
449	22
450	11
451	19
452	12
453	22
454	91
455	131
456	39
457	19
458	101
459	142
460	2
461	39
462	3
463	15
464	17
465	9
466	7
467	4
468	85
469	225
470	39
471	12
472	21
473	15
474	10
475	38
476	90
477	104
478	5
479	54
480	26
481	175
482	67
483	5
484	1
485	6
486	24
487	16
488	38
489	48
490	1
491	58
492	1
493	8
494	7
495	16
496	19
497	101
498	245
499	184
500	149
501	38
502	70
503	16
504	54
505	77
506	9
507	1
508	5
509	23
510	4
511	78
512	115
513	35
514	11
515	0
516	15
517	4
518	3
519	0
520	88
521	300
522	85
523	284
524	199
525	44
526	47
527	25
528	18
529	68
530	173
531	262
532	42
533	18
534	21
535	78
536	179
537	126
538	282
539	117
540	209
541	102
542	221
543	282
544	239
545	23
546	108
547	336
548	215
549	159
550	202
551	184
552	276
553	185
554	414
555	172
556	309
557	172
558	210
559	328
560	399
561	657
562	371
563	510
564	540
565	567
566	603
567	774
568	623
569	632
570	843
571	1122
572	793
573	798
574	846
575	759
576	867
577	1099
578	1223
579	1108
580	1081
581	935
582	881
583	788
584	597
585	575
586	1204
587	1711
588	1359
589	1317
590	1662
591	1785
592	1503
593	1879
594	2103
595	2015
596	1603
597	2210
598	2629
599	2383
600	1900
601	2244
602	2608
603	4197
604	3183
605	2914
606	2825
607	2798
608	3131
609	3360
610	3436
611	3579
612	3383
613	2889
614	3006
615	1824
616	2020
617	1812
618	1893
619	2035
620	2172
621	2088
622	1707
623	1204
624	1385
625	1648
626	1457
627	1657
628	1087
629	877
630	1127
631	1201
632	1431
633	1392
634	1564
635	1724
636	1628
637	1133
638	1192
639	1070
640	1228
641	763
642	536
643	899
644	656
645	581
646	844
647	634
648	628
649	273
650	312
651	357
652	448
653	329
654	313
655	338
656	538
657	524
658	144
659	205
660	111
661	137
662	108
663	153
664	334
665	397
666	352
667	378
668	150
669	97
670	162
671	90
672	71
673	29
674	223
675	84
676	44
677	56
678	28
679	17
680	25
681	18
682	7
683	11
684	28
685	9
686	14
687	55
688	17
689	11
690	11
691	142
692	95
693	54
694	4
695	33
696	25
697	19
698	10
699	38
700	11
701	47
702	143
703	56
704	51
705	101
706	46
707	21
708	17
709	13
710	11
711	9
712	31
713	24
714	22
715	38
716	23
717	39
718	0
719	22
720	56
721	40
722	7
723	38
724	31
725	45
726	12
727	17
728	4
729	59
730	16
731	17
732	7
733	20
734	23
735	36
736	6
737	15
738	45
739	12
740	27
741	35
742	31
743	39
744	8
745	20
746	12
747	4
748	24
749	16
750	23
751	26
752	14
753	48
754	56
755	13
756	13
757	86
758	24
759	4
760	29
761	3
762	44
763	7
764	14
765	53
766	7
767	29
768	32
769	29
770	42
771	38
772	21
773	53
774	31
775	20
776	22
777	32
778	31
779	23
780	13
781	39
782	19
783	9
784	15
785	33
786	8
787	19
788	20
789	2
790	40
791	29
792	43
793	3
794	11
795	51
796	45
797	73
798	25
799	21
800	37
801	18
802	38
803	19
804	47
805	56
806	52
807	48
808	36
809	22
810	32
811	2
812	53
813	46
814	50
815	28
816	3
817	36
818	33
819	27
820	12
821	47
822	36
823	26
824	26
825	16
826	19
827	19
828	35
829	17
830	12
831	23
832	12
833	15
834	27
835	7
836	62
837	21
838	20
839	54
840	63
841	11
842	15
843	54
844	23
845	39
846	24
847	11
848	21
849	36
850	51
851	16
852	47
853	19
854	10
855	56
856	41
857	32
858	7
859	39
860	27
861	13
862	49
863	22
864	11
865	15
866	28
867	87
868	35
869	2
870	23
871	27
872	27
873	26
874	33
875	19
876	71
877	12
878	49
879	40
880	5
881	57
882	24
883	31
884	6
885	21
886	50
887	29
888	42
889	4
890	87
891	19
892	21
893	5
894	29
895	33
896	47
897	22
898	41
899	31
900	31
901	47
902	84
903	49
904	78
905	70
906	97
907	41
908	49
909	46
910	43
911	42
912	68
913	89
914	75
915	67
916	36
917	47
918	87
919	50
920	62
921	85
922	58
923	49
924	126
925	69
926	32
927	61
928	110
929	111
930	38
931	85
932	48
933	55
934	20
935	74
936	69
937	77
938	59
939	11
940	57
941	46
942	55
943	61
944	56
945	46
946	83
947	30
948	96
949	20
950	40
951	66
952	37
953	38
954	26
955	72
956	39
957	24
958	79
959	50
960	142
961	92
962	42
963	93
964	75
965	24
966	46
967	46
968	26
969	48
970	78
971	58
972	50
973	12
974	22
975	30
976	11
977	36
978	30
979	7
980	75
981	35
982	46
983	18
984	41
985	39
986	32
987	52
988	61
989	70
990	48
991	89
992	12
993	73
994	73
995	60
996	29
997	35
998	38
999	15
1000	57
1001	42
1002	13
1003	45
1004	17
1005	50
1006	43
1007	21
1008	47
1009	92
1010	33
1011	42
1012	18
1013	26
1014	14
1015	67
1016	27
1017	34
1018	71
1019	6
1020	50
1021	28
1022	39
1023	55
1024	86
1025	78
1026	34
1027	73
1028	41
1029	20
1030	111
1031	79
1032	33
1033	36
1034	35
1035	47
1036	195
1037	172
1038	190
1039	170
1040	49
1041	60
1042	67
1043	37
1044	29
1045	30
1046	43
1047	57
1048	55
1049	46
1050	51
1051	92
1052	17
1053	78
1054	15
1055	39
1056	14
1057	33
1058	51
1059	64
1060	75
1061	49
1062	60
1063	30
1064	48
1065	3
1066	35
1067	72
1068	52
1069	63
1070	22
1071	27
1072	24
1073	61
1074	13
1075	6
1076	14
1077	32
1078	25
1079	43
1080	39
1081	97
1082	14
1083	54
1084	21
1085	6
1086	35
1087	42
1088	51
1089	72
1090	13
1091	21
1092	12
1093	26
1094	48
1095	57
1096	52
1097	51
1098	25
1099	64
1100	23
1101	76
1102	14
1103	25
1104	13
1105	14
1106	18
1107	53
1108	60
1109	34
1110	48
1111	7
1112	20
1113	67
1114	72
1115	30
1116	10
1117	18
1118	14
1119	34
1120	68
1121	40
1122	18
1123	11
1124	22
1125	40
1126	65
1127	22
1128	20
1129	20
1130	28
1131	14
1132	34
1133	17
1134	35
1135	23
1136	39
1137	41
1138	51
1139	29
1140	45
1141	20
1142	8
1143	38
1144	58
1145	8
1146	31
1147	65
1148	76
1149	55
1150	43
1151	25
1152	78
1153	31
1154	34
1155	114
1156	59
1157	72
1158	155
1159	54
1160	200
1161	63
1162	70
1163	85
1164	52
1165	71
1166	16
1167	4
1168	48
1169	50
1170	25
1171	47
1172	4
1173	39
1174	84
1175	52
1176	34
1177	72
1178	30
1179	42
1180	46
1181	2
1182	22
1183	69
1184	11
1185	41
1186	9
1187	8
1188	30
1189	15
1190	33
1191	17
1192	21
1193	30
1194	100
1195	29
1196	51
1197	23
1198	9
1199	49
1200	32
1201	40
1202	24
1203	26
1204	37
1205	23
1206	33
1207	39
1208	22
1209	50
1210	35
1211	22
1212	50
1213	29
1214	62
1215	33
1216	58
1217	44
1218	17
1219	37
1220	40
1221	48
1222	22
1223	96
1224	116
1225	32
1226	34
1227	47
1228	6
1229	19
1230	41
1231	50
1232	20
1233	27
1234	41
1235	33
1236	23
1237	55
1238	40
1239	21
1240	15
1241	52
1242	36
1243	18
1244	18
1245	34
1246	57
1247	43
1248	57
1249	34
1250	60
1251	23
1252	20
1253	43
1254	39
1255	13
1256	30
1257	50
1258	34
1259	23
1260	18
1261	26
1262	61
1263	22
1264	16
1265	26
1266	16
1267	46
1268	23
1269	32
1270	27
1271	13
1272	14
1273	29
1274	32
1275	9
1276	56
1277	28
1278	18
1279	20
1280	91
1281	34
1282	68
1283	45
1284	53
1285	100
1286	48
1287	14
1288	33
1289	32
1290	22
1291	14
1292	25
1293	41
1294	46
1295	46
1296	79
1297	162
1298	60
1299	28
1300	6
1301	0
1302	6
1303	22
1304	12
1305	39
1306	27
1307	43
1308	11
1309	16
1310	18
1311	64
1312	21
1313	29
1314	9
1315	39
1316	2
1317	3
1318	32
1319	22
1320	18
1321	40
1322	18
1323	28
1324	26
1325	11
1326	41
1327	25
1328	43
1329	25
1330	7
1331	56
1332	32
1333	22
1334	7
1335	28
1336	33
1337	33
1338	37
1339	43
1340	19
1341	12
1342	20
1343	9
1344	12
1345	22
1346	11
1347	11
1348	42
1349	48
1350	38
1351	15
1352	11
1353	73
1354	16
1355	54
1356	77
1357	73
1358	110
1359	78
1360	12
1361	24
1362	31
1363	85
1364	26
1365	64
1366	45
1367	5
1368	65
1369	82
1370	19
1371	30
1372	32
1373	40
1374	109
1375	94
1376	86
1377	18
1378	31
1379	19
1380	54
1381	41
1382	18
1383	26
1384	91
1385	25
1386	33
1387	58
1388	80
1389	31
1390	33
1391	24
1392	14
1393	15
1394	23
1395	14
1396	2
1397	12
1398	29
1399	29
1400	20
1401	29
1402	16
1403	35
1404	27
1405	27
1406	50
1407	29
1408	16
1409	21
1410	62
1411	55
1412	76
1413	3
1414	41
1415	45
1416	38
1417	43
1418	21
1419	40
1420	111
1421	87
1422	35
1423	25
1424	25
1425	30
1426	27
1427	8
1428	24
1429	20
1430	48
1431	9
1432	31
1433	41
1434	35
1435	26
1436	25
1437	40
1438	44
1439	31
1440	54
1441	10
1442	52
1443	54
1444	84
1445	79
1446	48
1447	20
1448	11
1449	47
1450	36
1451	18
1452	7
1453	65
1454	39
1455	13
1456	14
1457	6
1458	19
1459	20
1460	25
1461	28
1462	52
1463	19
1464	21
1465	28
1466	71
1467	124
1468	26
1469	10
1470	14
1471	69
1472	32
1473	27
1474	49
1475	10
1476	32
1477	21
1478	35
1479	4
1480	8
1481	62
1482	164
1483	13
1484	80
1485	11
1486	12
1487	25
1488	6
1489	16
1490	33
1491	24
1492	18
1493	7
1494	33
1495	37
1496	174
1497	52
1498	31
1499	5
1500	15
1501	22
1502	20
1503	12
1504	0
1505	18
1506	17
1507	19
1508	70
1509	36
1510	39
1511	125
1512	17
1513	55
1514	16
1515	105
1516	301
1517	115
1518	59
1519	53
1520	3
1521	30
1522	33
1523	83
1524	103
1525	40
1526	14
1527	11
1528	31
1529	42
1530	86
1531	49
1532	28
1533	34
1534	79
1535	43
1536	58
1537	180
1538	85
1539	405
1540	617
1541	142
1542	29
1543	125
1544	44
1545	30
1546	35
1547	13
1548	36
1549	20
1550	20
1551	39
1552	33
1553	61
1554	32
1555	9
1556	60
1557	66
1558	68
1559	166
1560	47
1561	90
1562	170
1563	170
1564	251
1565	63
1566	170
1567	179
1568	97
1569	401
1570	210
1571	451
1572	353
1573	328
1574	714
1575	879
1576	711
1577	694
1578	644
1579	707
1580	631
1581	844
1582	547
1583	1035
1584	817
1585	1201
1586	1467
1587	2070
1588	2152
1589	1893
1590	1261
1591	1849
1592	1620
1593	1403
1594	1932
1595	1950
1596	1636
1597	1255
1598	1134
1599	1429
1600	1378
1601	1638
1602	1325
1603	1705
1604	1599
1605	1499
1606	1208
1607	1422
1608	2140
1609	1723
1610	1278
1611	884
1612	1124
1613	1272
1614	1086
1615	1012
1616	1180
1617	921
1618	765
1619	648
1620	983
1621	660
1622	794
1623	788
1624	912
1625	1023
1626	1149
1627	780
1628	732
1629	755
1630	1060
1631	444
1632	253
1633	106
1634	260
1635	229
1636	470
1637	175
1638	171
1639	261
1640	436
1641	151
1642	62
1643	90
1644	70
1645	127
1646	439
1647	131
1648	52
1649	195
1650	473
1651	252
1652	92
1653	69
1654	18
1655	71
1656	35
1657	27
1658	47
1659	34
1660	30
1661	14
1662	37
1663	189
1664	29
1665	24
1666	47
1667	57
1668	70
1669	31
1670	33
1671	121
1672	136
1673	93
1674	23
1675	49
1676	78
1677	85
1678	114
1679	127
1680	85
1681	69
1682	60
1683	72
1684	108
1685	49
1686	45
1687	74
1688	95
1689	24
1690	36
1691	27
1692	57
1693	24
1694	64
1695	35
1696	12
1697	10
1698	63
1699	28
1700	63
1701	85
1702	59
1703	143
1704	107
1705	75
1706	54
1707	45
1708	24
1709	33
1710	25
1711	170
1712	248
1713	45
1714	90
1715	35
1716	34
1717	82
1718	49
1719	53
1720	90
1721	51
1722	45
1723	31
1724	89
1725	54
1726	92
1727	83
1728	42
1729	47
1730	48
1731	135
1732	246
1733	56
1734	97
1735	15
1736	18
1737	29
1738	50
1739	33
1740	30
1741	41
1742	61
1743	44
1744	16
1745	15
1746	34
1747	27
1748	56
1749	15
1750	35
1751	34
1752	56
1753	31
1754	80
1755	52
1756	40
1757	133
1758	31
1759	89
1760	25
1761	39
1762	39
1763	56
1764	34
1765	19
1766	67
1767	85
1768	70
1769	20
1770	22
1771	38
1772	40
1773	18
1774	55
1775	28
1776	103
1777	40
1778	18
1779	43
1780	78
1781	35
1782	56
1783	39
1784	67
1785	175
1786	31
1787	33
1788	29
1789	67
1790	117
1791	70
1792	48
1793	36
1794	26
1795	32
1796	15
1797	58
1798	55
1799	50
1800	30
1801	27
1802	137
1803	114
1804	43
1805	169
1806	79
1807	133
1808	77
1809	22
1810	32
1811	74
1812	21
1813	16
1814	45
1815	58
1816	75
1817	197
1818	106
1819	51
1820	48
1821	162
1822	95
1823	98
1824	88
1825	25
1826	63
1827	52
1828	15
1829	53
1830	53
1831	32
1832	139
1833	59
1834	67
1835	14
1836	34
1837	75
1838	69
1839	133
1840	87
1841	96
1842	177
1843	117
1844	187
1845	224
1846	159
1847	84
1848	71
1849	79
1850	308
1851	157
1852	80
1853	127
1854	243
1855	154
1856	141
1857	164
1858	69
1859	57
1860	63
1861	39
1862	99
1863	85
1864	38
1865	59
1866	45
1867	106
1868	42
1869	119
1870	87
1871	91
1872	51
1873	113
1874	22
1875	91
1876	95
1877	59
1878	47
1879	94
1880	34
1881	89
1882	70
1883	55
1884	31
1885	48
1886	92
1887	68
1888	252
1889	205
1890	95
1891	100
1892	123
1893	62
1894	117
1895	249
1896	85
1897	47
1898	91
1899	127
1900	49
1901	64
1902	95
1903	73
1904	65
1905	119
1906	117
1907	40
1908	27
1909	72
1910	76
1911	66
1912	78
1913	227
1914	347
1915	184
1916	128
1917	117
1918	81
1919	67
1920	83
1921	150
1922	82
1923	41
1924	59
1925	102
1926	129
1927	57
1928	122
1929	217
1930	411
1931	166
1932	149
1933	142
1934	137
1935	159
1936	215
1937	107
1938	150
1939	388
1940	316
1941	50
1942	79
1943	130
1944	200
1945	231
1946	152
1947	199
1948	238
1949	101
1950	271
1951	126
1952	105
1953	67
1954	76
1955	53
1956	62
1957	90
1958	60
1959	121
1960	144
1961	114
1962	112
1963	44
1964	93
1965	117
1966	88
1967	45
1968	109
1969	112
1970	103
1971	114
1972	140
1973	136
1974	94
1975	118
1976	117
1977	218
1978	412
1979	237
1980	112
1981	118
1982	172
1983	146
1984	165
1985	261
1986	198
1987	111
1988	130
1989	74
1990	157
1991	185
1992	705
1993	279
1994	452
1995	347
1996	275
1997	177
1998	84
1999	90
2000	74
2001	40
2002	224
2003	127
2004	212
2005	287
2006	365
2007	176
2008	608
2009	533
2010	173
2011	244
2012	180
2013	269
2014	245
2015	93
2016	123
2017	140
2018	240
2019	107
2020	131
2021	188
2022	332
2023	307
2024	298
2025	633
2026	641
2027	176
2028	79
2029	133
2030	221
2031	686
2032	760
2033	942
2034	701
2035	371
2036	533
2037	1179
2038	1427
2039	866
2040	822
2041	680
2042	385
2043	970
2044	774
2045	913
2046	1336
2047	873
