Instrument: Andor
X Size: 2048
Y Size: 64
Total Flux: 0.000
Total Counts: 358551
Background: 331.000000
Curvature: 0.0
Clipped to ROI: No
ROI: 1309 526 2539 1627
X	Counts
0	1
1	10
2	0
3	103
4	4
5	7
6	4
7	12
8	9
9	3
10	14
11	78
12	2
13	3
14	60
15	76
16	19
17	24
18	26
19	10
20	61
21	0
22	48
23	7
24	9
25	19
26	7
27	29
28	12
29	17
30	28
31	17
32	31
33	15
34	25
35	21
36	55
37	113
38	42
39	50
40	282
41	65
42	48
43	84
44	21
45	69
46	79
47	116
48	69
49	65
50	28
51	37
52	51
53	76
54	93
55	59
56	52
57	104
58	126
59	58
60	60
61	50
62	97
63	101
64	32
65	21
66	44
67	23
68	24
69	8
70	34
71	42
72	74
73	59
74	89
75	25
76	42
77	44
78	47
79	101
80	39
81	99
82	43
83	24
84	38
85	47
86	40
87	39
88	46
89	97
90	24
91	55
92	47
93	69
94	15
95	40
96	48
97	59
98	56
99	42
100	28
101	59
102	67
103	44
104	46
105	11
106	23
107	60
108	59
109	43
110	52
111	59
112	73
113	40
114	28
115	68
116	64
117	21
118	53
119	92
120	66
121	46
122	17
123	30
124	42
125	40
126	53
127	20
128	34
129	46
130	81
131	39
132	97
133	49
134	28
135	58
136	46
137	51
138	22
139	49
140	20
141	45
142	45
143	42
144	21
145	21
146	83
147	50
148	55
149	59
150	26
151	40
152	40
153	101
154	44
155	44
156	41
157	53
158	65
159	54
160	64
161	27
162	35
163	89
164	52
165	24
166	21
167	29
168	46
169	38
170	48
171	19
172	54
173	22
174	64
175	39
176	38
177	57
178	50
179	15
180	27
181	35
182	14
183	46
184	42
185	76
186	88
187	58
188	96
189	62
190	42
191	84
192	48
193	81
194	51
195	17
196	51
197	21
198	14
199	31
200	71
201	13
202	61
203	22
204	64
205	43
206	58
207	96
208	26
209	32
210	32
211	33
212	65
213	63
214	96
215	30
216	63
217	16
218	43
219	16
220	38
221	13
222	25
223	42
224	89
225	26
226	36
227	37
228	21
229	44
230	89
231	22
232	56
233	44
234	83
235	49
236	27
237	8
238	116
239	48
240	128
241	166
242	46
243	48
244	64
245	37
246	11
247	51
248	33
249	128
250	40
251	12
252	45
253	75
254	32
255	51
256	28
257	36
258	32
259	14
260	48
261	47
262	18
263	44
264	40
265	60
266	103
267	12
268	65
269	196
270	924
271	835
272	238
273	45
274	50
275	56
276	13
277	39
278	49
279	38
280	38
281	30
282	39
283	36
284	30
285	18
286	35
287	38
288	37
289	17
290	61
291	135
292	25
293	66
294	68
295	26
296	45
297	49
298	73
299	69
300	45
301	77
302	23
303	50
304	53
305	36
306	31
307	34
308	49
309	65
310	54
311	7
312	20
313	12
314	12
315	69
316	160
317	170
318	20
319	51
320	27
321	28
322	27
323	59
324	41
325	39
326	23
327	15
328	88
329	50
330	68
331	54
332	70
333	87
334	29
335	62
336	51
337	32
338	26
339	57
340	46
341	16
342	18
343	23
344	22
345	55
346	51
347	53
348	41
349	38
350	14
351	34
352	17
353	16
354	58
355	34
356	36
357	63
358	5
359	53
360	58
361	18
362	7
363	28
364	10
365	14
366	19
367	45
368	28
369	59
370	42
371	41
372	87
373	35
374	23
375	36
376	52
377	37
378	76
379	69
380	23
381	25
382	9
383	12
384	10
385	10
386	30
387	63
388	28
389	34
390	58
391	114
392	33
393	42
394	41
395	29
396	19
397	55
398	63
399	57
400	80
401	56
402	40
403	93
404	35
405	30
406	10
407	9
408	10
409	18
410	20
411	43
412	9
413	25
414	39
415	24
416	30
417	35
418	19
419	58
420	136
421	73
422	31
423	107
424	61
425	29
426	34
427	71
428	21
429	47
430	64
431	260
432	190
433	44
434	82
435	61
436	24
437	44
438	19
439	60
440	69
441	67
442	117
443	246
444	152
445	34
446	18
447	89
448	331
449	68
450	11
451	21
452	44
453	73
454	56
455	89
456	102
457	52
458	25
459	37
460	59
461	75
462	44
463	66
464	137
465	226
466	31
467	20
468	22
469	48
470	43
471	62
472	12
473	121
474	57
475	35
476	98
477	207
478	91
479	67
480	13
481	6
482	38
483	51
484	4
485	25
486	33
487	133
488	138
489	69
490	44
491	137
492	18
493	14
494	32
495	4
496	3
497	50
498	84
499	86
500	73
501	28
502	60
503	35
504	41
505	75
506	66
507	42
508	2
509	14
510	19
511	25
512	85
513	224
514	95
515	16
516	23
517	13
518	11
519	40
520	57
521	31
522	3
523	28
524	6
525	18
526	104
527	114
528	124
529	69
530	41
531	19
532	19
533	93
534	77
535	197
536	110
537	8
538	93
539	144
540	124
541	196
542	331
543	325
544	428
545	192
546	292
547	444
548	694
549	561
550	506
551	323
552	110
553	150
554	385
555	548
556	302
557	84
558	212
559	524
560	632
561	668
562	795
563	715
564	776
565	524
566	337
567	537
568	780
569	804
570	524
571	684
572	812
573	1193
574	1359
575	1228
576	1462
577	1055
578	1184
579	1292
580	1252
581	1349
582	1152
583	1317
584	1536
585	1402
586	1726
587	1815
588	1277
589	1658
590	2728
591	1732
592	1795
593	1434
594	1620
595	2309
596	2276
597	2246
598	2834
599	3407
600	3557
601	3118
602	3361
603	3344
604	3474
605	2983
606	2941
607	3563
608	3518
609	3036
610	3288
611	3318
612	3236
613	3393
614	3620
615	3596
616	2889
617	2526
618	2380
619	2453
620	2256
621	2002
622	2153
623	2417
624	2250
625	2040
626	2075
627	2215
628	2071
629	2051
630	1541
631	1809
632	1966
633	1690
634	1545
635	1301
636	729
637	1244
638	1312
639	781
640	888
641	849
642	485
643	389
644	684
645	912
646	727
647	613
648	470
649	341
650	226
651	335
652	206
653	325
654	490
655	550
656	160
657	141
658	400
659	357
660	373
661	135
662	167
663	139
664	155
665	359
666	165
667	115
668	382
669	263
670	79
671	26
672	32
673	26
674	36
675	72
676	82
677	152
678	79
679	43
680	37
681	141
682	183
683	95
684	109
685	82
686	48
687	104
688	23
689	113
690	138
691	77
692	73
693	85
694	26
695	73
696	71
697	201
698	42
699	48
700	80
701	138
702	21
703	38
704	90
705	50
706	126
707	47
708	22
709	25
710	27
711	47
712	26
713	55
714	188
715	206
716	135
717	56
718	24
719	12
720	41
721	43
722	46
723	87
724	118
725	107
726	109
727	174
728	40
729	54
730	41
731	48
732	61
733	40
734	32
735	52
736	65
737	32
738	97
739	28
740	45
741	65
742	54
743	73
744	75
745	17
746	75
747	76
748	52
749	11
750	50
751	13
752	26
753	80
754	82
755	43
756	44
757	74
758	44
759	38
760	70
761	44
762	58
763	35
764	71
765	29
766	32
767	46
768	68
769	82
770	70
771	41
772	46
773	29
774	64
775	64
776	61
777	52
778	58
779	69
780	33
781	36
782	48
783	60
784	62
785	76
786	31
787	7
788	40
789	40
790	45
791	14
792	38
793	37
794	53
795	34
796	48
797	47
798	60
799	50
800	41
801	51
802	26
803	51
804	44
805	101
806	72
807	42
808	62
809	24
810	86
811	123
812	69
813	48
814	19
815	44
816	29
817	47
818	64
819	27
820	79
821	27
822	46
823	25
824	51
825	128
826	96
827	69
828	42
829	62
830	63
831	44
832	22
833	64
834	40
835	45
836	56
837	73
838	41
839	52
840	40
841	28
842	48
843	100
844	59
845	74
846	23
847	38
848	26
849	53
850	34
851	26
852	94
853	37
854	25
855	66
856	36
857	68
858	37
859	58
860	52
861	54
862	46
863	25
864	82
865	66
866	184
867	165
868	53
869	16
870	77
871	81
872	38
873	69
874	40
875	79
876	120
877	69
878	62
879	37
880	59
881	82
882	42
883	27
884	59
885	34
886	44
887	103
888	102
889	86
890	48
891	76
892	81
893	47
894	92
895	98
896	101
897	68
898	88
899	60
900	85
901	50
902	88
903	126
904	150
905	116
906	110
907	35
908	103
909	131
910	130
911	94
912	81
913	74
914	111
915	49
916	96
917	145
918	92
919	93
920	77
921	90
922	103
923	102
924	113
925	88
926	62
927	139
928	135
929	153
930	136
931	116
932	72
933	74
934	124
935	71
936	110
937	113
938	61
939	54
940	101
941	104
942	70
943	130
944	101
945	90
946	98
947	90
948	72
949	89
950	82
951	63
952	67
953	70
954	105
955	72
956	75
957	72
958	73
959	39
960	39
961	185
962	73
963	79
964	90
965	40
966	55
967	43
968	51
969	93
970	89
971	73
972	80
973	74
974	48
975	44
976	55
977	45
978	21
979	47
980	66
981	38
982	73
983	28
984	70
985	120
986	71
987	49
988	69
989	133
990	63
991	211
992	103
993	76
994	59
995	28
996	52
997	80
998	46
999	28
1000	62
1001	32
1002	81
1003	79
1004	93
1005	100
1006	60
1007	31
1008	56
1009	135
1010	69
1011	55
1012	41
1013	56
1014	62
1015	43
1016	85
1017	105
1018	144
1019	28
1020	74
1021	57
1022	74
1023	106
1024	76
1025	68
1026	104
1027	69
1028	44
1029	56
1030	116
1031	176
1032	78
1033	93
1034	64
1035	44
1036	101
1037	147
1038	75
1039	62
1040	100
1041	45
1042	64
1043	22
1044	98
1045	76
1046	27
1047	44
1048	49
1049	127
1050	228
1051	132
1052	114
1053	110
1054	81
1055	74
1056	86
1057	114
1058	96
1059	78
1060	117
1061	82
1062	61
1063	67
1064	53
1065	52
1066	96
1067	35
1068	73
1069	145
1070	105
1071	82
1072	67
1073	112
1074	131
1075	114
1076	78
1077	67
1078	149
1079	63
1080	84
1081	124
1082	94
1083	252
1084	94
1085	65
1086	86
1087	52
1088	37
1089	77
1090	48
1091	29
1092	73
1093	49
1094	73
1095	86
1096	68
1097	50
1098	58
1099	41
1100	87
1101	100
1102	60
1103	61
1104	73
1105	60
1106	42
1107	87
1108	153
1109	41
1110	57
1111	73
1112	43
1113	59
1114	49
1115	50
1116	24
1117	54
1118	105
1119	36
1120	33
1121	50
1122	73
1123	49
1124	42
1125	43
1126	41
1127	77
1128	113
1129	102
1130	94
1131	68
1132	40
1133	31
1134	80
1135	66
1136	28
1137	42
1138	53
1139	19
1140	39
1141	48
1142	49
1143	40
1144	48
1145	60
1146	50
1147	41
1148	95
1149	32
1150	98
1151	95
1152	62
1153	76
1154	41
1155	84
1156	55
1157	106
1158	91
1159	42
1160	35
1161	48
1162	91
1163	35
1164	71
1165	125
1166	25
1167	81
1168	31
1169	110
1170	55
1171	76
1172	44
1173	73
1174	41
1175	33
1176	74
1177	108
1178	69
1179	80
1180	57
1181	84
1182	36
1183	56
1184	62
1185	93
1186	36
1187	22
1188	32
1189	79
1190	50
1191	36
1192	42
1193	68
1194	70
1195	64
1196	96
1197	34
1198	61
1199	25
1200	31
1201	82
1202	45
1203	41
1204	52
1205	90
1206	36
1207	51
1208	73
1209	44
1210	77
1211	42
1212	24
1213	45
1214	47
1215	79
1216	68
1217	54
1218	48
1219	88
1220	61
1221	83
1222	53
1223	64
1224	111
1225	69
1226	32
1227	22
1228	56
1229	69
1230	74
1231	58
1232	50
1233	20
1234	49
1235	37
1236	48
1237	57
1238	55
1239	57
1240	18
1241	5
1242	49
1243	50
1244	69
1245	41
1246	51
1247	145
1248	38
1249	61
1250	49
1251	53
1252	58
1253	94
1254	40
1255	46
1256	70
1257	66
1258	22
1259	50
1260	61
1261	227
1262	79
1263	59
1264	14
1265	54
1266	70
1267	62
1268	40
1269	52
1270	71
1271	69
1272	54
1273	24
1274	20
1275	76
1276	50
1277	42
1278	75
1279	38
1280	24
1281	60
1282	37
1283	58
1284	30
1285	44
1286	47
1287	65
1288	87
1289	74
1290	55
1291	58
1292	52
1293	68
1294	26
1295	52
1296	118
1297	34
1298	140
1299	39
1300	77
1301	83
1302	56
1303	44
1304	34
1305	47
1306	35
1307	152
1308	57
1309	44
1310	77
1311	78
1312	32
1313	13
1314	59
1315	61
1316	34
1317	20
1318	34
1319	65
1320	43
1321	55
1322	83
1323	48
1324	90
1325	43
1326	26
1327	36
1328	66
1329	67
1330	69
1331	39
1332	45
1333	34
1334	77
1335	58
1336	77
1337	45
1338	36
1339	47
1340	40
1341	55
1342	84
1343	25
1344	57
1345	63
1346	34
1347	33
1348	52
1349	59
1350	64
1351	21
1352	54
1353	74
1354	70
1355	94
1356	34
1357	35
1358	40
1359	95
1360	64
1361	47
1362	46
1363	66
1364	67
1365	55
1366	29
1367	57
1368	61
1369	81
1370	68
1371	20
1372	49
1373	77
1374	60
1375	50
1376	88
1377	92
1378	109
1379	44
1380	70
1381	51
1382	58
1383	23
1384	84
1385	47
1386	38
1387	68
1388	40
1389	9
1390	50
1391	57
1392	32
1393	16
1394	13
1395	41
1396	46
1397	29
1398	31
1399	32
1400	41
1401	32
1402	27
1403	52
1404	54
1405	72
1406	32
1407	81
1408	33
1409	55
1410	60
1411	48
1412	71
1413	38
1414	73
1415	8
1416	53
1417	40
1418	39
1419	48
1420	62
1421	39
1422	48
1423	66
1424	53
1425	64
1426	51
1427	40
1428	24
1429	44
1430	30
1431	22
1432	27
1433	14
1434	43
1435	64
1436	138
1437	90
1438	38
1439	50
1440	51
1441	78
1442	32
1443	46
1444	37
1445	29
1446	25
1447	61
1448	55
1449	29
1450	65
1451	30
1452	41
1453	100
1454	61
1455	31
1456	77
1457	32
1458	47
1459	31
1460	37
1461	73
1462	111
1463	65
1464	21
1465	138
1466	70
1467	33
1468	21
1469	17
1470	31
1471	65
1472	10
1473	40
1474	36
1475	50
1476	26
1477	71
1478	124
1479	49
1480	37
1481	143
1482	241
1483	27
1484	35
1485	38
1486	36
1487	35
1488	44
1489	6
1490	44
1491	51
1492	37
1493	36
1494	43
1495	40
1496	17
1497	66
1498	50
1499	47
1500	22
1501	23
1502	58
1503	41
1504	20
1505	47
1506	29
1507	89
1508	103
1509	18
1510	15
1511	29
1512	64
1513	77
1514	20
1515	29
1516	60
1517	28
1518	30
1519	31
1520	38
1521	56
1522	31
1523	36
1524	36
1525	53
1526	54
1527	61
1528	58
1529	16
1530	39
1531	49
1532	38
1533	48
1534	59
1535	42
1536	32
1537	59
1538	13
1539	33
1540	52
1541	32
1542	41
1543	80
1544	30
1545	54
1546	26
1547	12
1548	22
1549	35
1550	38
1551	40
1552	28
1553	89
1554	40
1555	87
1556	149
1557	72
1558	23
1559	40
1560	35
1561	46
1562	31
1563	48
1564	143
1565	77
1566	116
1567	177
1568	170
1569	85
1570	146
1571	171
1572	520
1573	358
1574	361
1575	432
1576	338
1577	291
1578	249
1579	167
1580	163
1581	349
1582	732
1583	610
1584	601
1585	872
1586	1054
1587	982
1588	1117
1589	1315
1590	1471
1591	1193
1592	1432
1593	922
1594	848
1595	1011
1596	1344
1597	1560
1598	1179
1599	797
1600	1265
1601	1085
1602	850
1603	606
1604	886
1605	1225
1606	1019
1607	1103
1608	1141
1609	674
1610	429
1611	430
1612	945
1613	1052
1614	911
1615	945
1616	1070
1617	435
1618	394
1619	297
1620	444
1621	188
1622	296
1623	577
1624	242
1625	281
1626	135
1627	437
1628	330
1629	211
1630	305
1631	231
1632	128
1633	119
1634	526
1635	203
1636	60
1637	53
1638	89
1639	65
1640	124
1641	94
1642	183
1643	266
1644	95
1645	136
1646	117
1647	158
1648	95
1649	80
1650	136
1651	104
1652	116
1653	218
1654	62
1655	50
1656	66
1657	195
1658	231
1659	94
1660	62
1661	59
1662	73
1663	119
1664	65
1665	104
1666	49
1667	68
1668	73
1669	41
1670	52
1671	75
1672	39
1673	114
1674	86
1675	89
1676	111
1677	119
1678	31
1679	78
1680	120
1681	105
1682	64
1683	58
1684	91
1685	320
1686	174
1687	65
1688	83
1689	92
1690	82
1691	106
1692	351
1693	124
1694	57
1695	58
1696	42
1697	28
1698	102
1699	38
1700	83
1701	59
1702	72
1703	63
1704	173
1705	180
1706	127
1707	66
1708	46
1709	53
1710	74
1711	92
1712	90
1713	33
1714	53
1715	85
1716	64
1717	115
1718	50
1719	69
1720	49
1721	64
1722	62
1723	39
1724	79
1725	80
1726	69
1727	70
1728	40
1729	57
1730	54
1731	87
1732	68
1733	61
1734	108
1735	77
1736	78
1737	65
1738	75
1739	55
1740	146
1741	82
1742	97
1743	48
1744	83
1745	44
1746	73
1747	89
1748	87
1749	75
1750	60
1751	112
1752	82
1753	85
1754	56
1755	75
1756	98
1757	155
1758	70
1759	75
1760	88
1761	77
1762	58
1763	84
1764	34
1765	44
1766	28
1767	51
1768	54
1769	48
1770	100
1771	84
1772	66
1773	30
1774	68
1775	60
1776	89
1777	65
1778	63
1779	35
1780	101
1781	80
1782	48
1783	42
1784	48
1785	50
1786	16
1787	45
1788	70
1789	81
1790	38
1791	43
1792	31
1793	71
1794	142
1795	146
1796	94
1797	52
1798	59
1799	68
1800	59
1801	48
1802	48
1803	82
1804	118
1805	68
1806	36
1807	70
1808	48
1809	93
1810	74
1811	61
1812	30
1813	46
1814	90
1815	81
1816	52
1817	121
1818	58
1819	77
1820	99
1821	119
1822	124
1823	122
1824	106
1825	74
1826	68
1827	67
1828	92
1829	65
1830	119
1831	48
1832	67
1833	71
1834	62
1835	54
1836	50
1837	90
1838	69
1839	85
1840	58
1841	77
1842	74
1843	109
1844	80
1845	90
1846	53
1847	92
1848	113
1849	43
1850	47
1851	63
1852	84
1853	116
1854	120
1855	69
1856	151
1857	86
1858	119
1859	128
1860	66
1861	137
1862	137
1863	137
1864	140
1865	122
1866	160
1867	177
1868	104
1869	66
1870	95
1871	134
1872	146
1873	263
1874	161
1875	116
1876	52
1877	114
1878	77
1879	201
1880	94
1881	67
1882	86
1883	42
1884	82
1885	115
1886	117
1887	100
1888	76
1889	101
1890	120
1891	71
1892	101
1893	139
1894	107
1895	186
1896	117
1897	123
1898	189
1899	201
1900	79
1901	195
1902	99
1903	107
1904	123
1905	118
1906	102
1907	107
1908	24
1909	142
1910	101
1911	146
1912	242
1913	371
1914	84
1915	112
1916	181
1917	153
1918	350
1919	215
1920	100
1921	64
1922	134
1923	103
1924	57
1925	88
1926	124
1927	194
1928	149
1929	158
1930	117
1931	110
1932	123
1933	130
1934	97
1935	170
1936	206
1937	177
1938	142
1939	183
1940	229
1941	162
1942	137
1943	225
1944	138
1945	78
1946	141
1947	130
1948	86
1949	100
1950	165
1951	74
1952	175
1953	119
1954	113
1955	148
1956	141
1957	133
1958	101
1959	75
1960	196
1961	59
1962	98
1963	115
1964	118
1965	117
1966	155
1967	118
1968	154
1969	210
1970	153
1971	127
1972	198
1973	109
1974	132
1975	169
1976	138
1977	179
1978	130
1979	232
1980	200
1981	236
1982	93
1983	138
1984	118
1985	151
1986	152
1987	203
1988	427
1989	311
1990	588
1991	233
1992	170
1993	139
1994	235
1995	264
1996	264
1997	318
1998	195
1999	333
2000	161
2001	149
2002	134
2003	167
2004	321
2005	277
2006	154
2007	127
2008	132
2009	163
2010	128
2011	168
2012	487
2013	249
2014	278
2015	574
2016	287
2017	334
2018	225
2019	208
2020	322
2021	438
2022	280
2023	199
2024	504
2025	382
2026	283
2027	394
2028	795
2029	289
2030	150
2031	251
2032	273
2033	425
2034	624
2035	705
2036	493
2037	237
2038	621
2039	669
2040	290
2041	188
2042	110
2043	260
2044	816
2045	1380
2046	1010
2047	730
