Instrument: Andor
X Size: 2048
Y Size: 64
Total Flux: 0.000
Total Counts: 637647
Background: 333.500000
Curvature: 0.0
Clipped to ROI: No
ROI: 1309 526 2539 1627
X	Counts
0	98
1	55
2	146
3	138
4	190
5	311
6	412
7	239
8	396
9	537
10	261
11	264
12	741
13	451
14	615
15	627
16	419
17	527
18	736
19	621
20	619
21	452
22	867
23	865
24	765
25	849
26	941
27	1170
28	833
29	1099
30	1489
31	1787
32	1574
33	888
34	943
35	1181
36	1124
37	930
38	870
39	1313
40	1003
41	1674
42	1589
43	1204
44	1577
45	1622
46	1573
47	2214
48	1986
49	1876
50	2286
51	2148
52	1980
53	2092
54	2964
55	2959
56	2895
57	3342
58	3102
59	3464
60	3975
61	3724
62	4029
63	3418
64	3770
65	3619
66	3204
67	3495
68	3391
69	3692
70	3532
71	2937
72	2680
73	2733
74	2667
75	2683
76	2484
77	1954
78	1791
79	1362
80	1322
81	1793
82	1340
83	1095
84	993
85	1163
86	1026
87	846
88	936
89	717
90	642
91	977
92	875
93	616
94	425
95	609
96	393
97	523
98	418
99	474
100	240
101	547
102	434
103	414
104	618
105	667
106	644
107	612
108	363
109	209
110	466
111	350
112	180
113	159
114	62
115	195
116	275
117	218
118	105
119	179
120	226
121	108
122	99
123	160
124	138
125	226
126	106
127	124
128	158
129	101
130	130
131	101
132	102
133	192
134	104
135	146
136	221
137	89
138	85
139	164
140	101
141	84
142	93
143	79
144	129
145	88
146	176
147	249
148	106
149	62
150	86
151	43
152	76
153	89
154	62
155	82
156	75
157	133
158	75
159	116
160	54
161	91
162	55
163	85
164	29
165	63
166	97
167	126
168	76
169	42
170	58
171	64
172	74
173	37
174	68
175	37
176	65
177	70
178	41
179	57
180	149
181	103
182	59
183	39
184	73
185	84
186	108
187	40
188	64
189	112
190	69
191	82
192	112
193	41
194	36
195	82
196	82
197	54
198	24
199	53
200	87
201	77
202	109
203	58
204	57
205	83
206	78
207	104
208	133
209	92
210	111
211	44
212	56
213	57
214	88
215	74
216	97
217	68
218	71
219	43
220	223
221	168
222	92
223	45
224	80
225	78
226	82
227	61
228	41
229	91
230	91
231	56
232	55
233	55
234	89
235	98
236	68
237	49
238	63
239	32
240	84
241	54
242	102
243	66
244	39
245	54
246	56
247	49
248	62
249	46
250	53
251	39
252	154
253	103
254	64
255	66
256	25
257	30
258	46
259	97
260	117
261	90
262	47
263	63
264	43
265	70
266	88
267	56
268	68
269	66
270	80
271	45
272	89
273	75
274	74
275	165
276	106
277	42
278	27
279	44
280	51
281	117
282	31
283	40
284	12
285	71
286	75
287	25
288	29
289	33
290	43
291	49
292	27
293	53
294	30
295	46
296	66
297	46
298	74
299	56
300	68
301	89
302	76
303	39
304	87
305	78
306	42
307	47
308	45
309	69
310	50
311	29
312	81
313	53
314	53
315	70
316	65
317	30
318	38
319	47
320	25
321	62
322	24
323	22
324	67
325	33
326	94
327	115
328	65
329	79
330	56
331	64
332	92
333	164
334	42
335	90
336	59
337	61
338	36
339	38
340	48
341	21
342	38
343	85
344	32
345	98
346	36
347	20
348	72
349	36
350	24
351	70
352	39
353	92
354	128
355	69
356	19
357	70
358	41
359	59
360	40
361	69
362	29
363	67
364	31
365	64
366	43
367	15
368	39
369	44
370	32
371	34
372	62
373	69
374	143
375	110
376	45
377	80
378	73
379	33
380	45
381	65
382	39
383	73
384	57
385	29
386	33
387	26
388	38
389	17
390	56
391	42
392	56
393	47
394	20
395	49
396	30
397	15
398	33
399	24
400	49
401	18
402	23
403	23
404	37
405	68
406	39
407	40
408	93
409	254
410	217
411	177
412	150
413	229
414	154
415	239
416	242
417	107
418	175
419	269
420	135
421	150
422	100
423	31
424	43
425	76
426	52
427	184
428	53
429	138
430	54
431	119
432	52
433	112
434	90
435	117
436	56
437	44
438	66
439	78
440	62
441	32
442	38
443	8
444	40
445	43
446	57
447	9
448	21
449	26
450	30
451	35
452	80
453	110
454	22
455	34
456	50
457	17
458	28
459	27
460	63
461	16
462	5
463	20
464	12
465	4
466	4
467	66
468	11
469	76
470	22
471	30
472	86
473	180
474	685
475	511
476	48
477	129
478	26
479	29
480	12
481	6
482	38
483	27
484	24
485	57
486	53
487	12
488	28
489	4
490	24
491	82
492	81
493	91
494	18
495	50
496	27
497	103
498	62
499	15
500	48
501	35
502	65
503	12
504	48
505	56
506	67
507	24
508	29
509	5
510	18
511	35
512	5
513	20
514	5
515	28
516	17
517	19
518	36
519	15
520	18
521	30
522	27
523	27
524	59
525	41
526	70
527	25
528	35
529	119
530	26
531	7
532	27
533	31
534	29
535	44
536	27
537	43
538	40
539	12
540	27
541	112
542	46
543	23
544	32
545	33
546	35
547	47
548	129
549	178
550	123
551	51
552	59
553	50
554	35
555	32
556	12
557	22
558	30
559	34
560	15
561	119
562	48
563	24
564	31
565	28
566	36
567	59
568	86
569	48
570	9
571	79
572	145
573	73
574	21
575	60
576	64
577	19
578	14
579	28
580	39
581	29
582	40
583	34
584	15
585	132
586	106
587	48
588	42
589	30
590	47
591	63
592	33
593	68
594	58
595	19
596	35
597	70
598	131
599	70
600	26
601	146
602	41
603	30
604	60
605	76
606	117
607	153
608	37
609	32
610	53
611	64
612	29
613	69
614	112
615	25
616	23
617	56
618	60
619	60
620	122
621	46
622	28
623	47
624	29
625	26
626	54
627	54
628	32
629	95
630	89
631	38
632	48
633	40
634	17
635	16
636	43
637	35
638	24
639	43
640	32
641	147
642	44
643	12
644	23
645	81
646	67
647	20
648	85
649	53
650	41
651	97
652	57
653	32
654	28
655	54
656	62
657	85
658	17
659	145
660	65
661	66
662	17
663	6
664	32
665	66
666	79
667	90
668	111
669	48
670	44
671	25
672	68
673	19
674	17
675	30
676	99
677	72
678	42
679	31
680	58
681	40
682	67
683	39
684	95
685	58
686	41
687	95
688	24
689	93
690	116
691	158
692	116
693	100
694	82
695	37
696	19
697	67
698	24
699	49
700	59
701	49
702	54
703	47
704	42
705	97
706	35
707	57
708	50
709	73
710	72
711	56
712	266
713	110
714	87
715	73
716	82
717	81
718	127
719	41
720	28
721	52
722	53
723	60
724	119
725	28
726	23
727	79
728	77
729	134
730	82
731	59
732	74
733	82
734	33
735	71
736	73
737	97
738	102
739	48
740	42
741	90
742	45
743	84
744	43
745	54
746	74
747	60
748	45
749	58
750	29
751	72
752	126
753	78
754	114
755	34
756	51
757	79
758	65
759	64
760	140
761	39
762	129
763	70
764	131
765	51
766	84
767	34
768	49
769	105
770	97
771	95
772	78
773	106
774	46
775	63
776	63
777	79
778	49
779	86
780	72
781	90
782	43
783	67
784	55
785	52
786	70
787	84
788	51
789	78
790	104
791	130
792	71
793	77
794	71
795	54
796	114
797	81
798	171
799	102
800	100
801	48
802	95
803	100
804	116
805	73
806	84
807	75
808	46
809	83
810	53
811	97
812	81
813	70
814	75
815	54
816	40
817	89
818	134
819	85
820	94
821	43
822	58
823	75
824	76
825	37
826	94
827	64
828	122
829	94
830	94
831	81
832	61
833	123
834	80
835	108
836	112
837	128
838	104
839	95
840	95
841	76
842	53
843	80
844	67
845	90
846	93
847	78
848	133
849	84
850	123
851	89
852	128
853	71
854	33
855	91
856	64
857	45
858	42
859	28
860	43
861	95
862	58
863	64
864	76
865	92
866	245
867	371
868	140
869	108
870	165
871	129
872	99
873	105
874	184
875	155
876	99
877	37
878	145
879	82
880	133
881	102
882	113
883	20
884	63
885	68
886	240
887	91
888	135
889	108
890	83
891	112
892	125
893	59
894	85
895	126
896	169
897	111
898	87
899	48
900	82
901	34
902	122
903	93
904	51
905	79
906	100
907	106
908	72
909	91
910	82
911	54
912	48
913	124
914	122
915	90
916	147
917	89
918	145
919	183
920	371
921	71
922	100
923	111
924	30
925	60
926	84
927	141
928	134
929	69
930	109
931	141
932	59
933	118
934	203
935	78
936	162
937	85
938	45
939	98
940	38
941	65
942	131
943	147
944	111
945	114
946	110
947	238
948	197
949	98
950	93
951	80
952	88
953	87
954	76
955	121
956	105
957	113
958	128
959	155
960	146
961	108
962	48
963	83
964	104
965	128
966	141
967	86
968	73
969	112
970	146
971	166
972	130
973	160
974	100
975	55
976	189
977	387
978	161
979	85
980	141
981	229
982	230
983	109
984	123
985	133
986	49
987	77
988	129
989	181
990	143
991	241
992	114
993	105
994	153
995	125
996	124
997	124
998	121
999	87
1000	191
1001	154
1002	96
1003	118
1004	82
1005	120
1006	120
1007	152
1008	106
1009	161
1010	239
1011	142
1012	87
1013	116
1014	103
1015	118
1016	70
1017	133
1018	307
1019	784
1020	480
1021	210
1022	199
1023	310
1024	446
1025	282
1026	418
1027	743
1028	310
1029	461
1030	220
1031	304
1032	194
1033	219
1034	410
1035	523
1036	759
1037	644
1038	676
1039	582
1040	936
1041	966
1042	991
1043	993
1044	1404
1045	1526
1046	970
1047	1057
1048	2298
1049	2251
1050	1715
1051	1476
1052	1122
1053	1237
1054	1337
1055	1628
1056	1186
1057	1084
1058	905
1059	705
1060	490
1061	298
1062	992
1063	1081
1064	546
1065	195
1066	777
1067	628
1068	1021
1069	927
1070	272
1071	304
1072	254
1073	246
1074	281
1075	412
1076	263
1077	157
1078	238
1079	111
1080	220
1081	271
1082	177
1083	147
1084	88
1085	104
1086	177
1087	313
1088	130
1089	75
1090	125
1091	124
1092	36
1093	90
1094	76
1095	131
1096	208
1097	196
1098	95
1099	124
1100	134
1101	181
1102	121
1103	120
1104	91
1105	253
1106	151
1107	118
1108	95
1109	404
1110	168
1111	83
1112	81
1113	50
1114	108
1115	166
1116	126
1117	105
1118	107
1119	50
1120	116
1121	84
1122	96
1123	79
1124	62
1125	108
1126	210
1127	154
1128	181
1129	126
1130	56
1131	73
1132	59
1133	110
1134	122
1135	74
1136	216
1137	155
1138	85
1139	63
1140	103
1141	94
1142	76
1143	79
1144	36
1145	99
1146	85
1147	112
1148	83
1149	180
1150	87
1151	109
1152	105
1153	48
1154	123
1155	195
1156	44
1157	64
1158	87
1159	86
1160	66
1161	73
1162	119
1163	80
1164	83
1165	191
1166	134
1167	175
1168	176
1169	225
1170	111
1171	168
1172	111
1173	111
1174	89
1175	102
1176	120
1177	144
1178	70
1179	174
1180	600
1181	304
1182	229
1183	187
1184	94
1185	143
1186	79
1187	110
1188	184
1189	147
1190	163
1191	387
1192	229
1193	103
1194	127
1195	115
1196	132
1197	83
1198	223
1199	116
1200	69
1201	259
1202	359
1203	77
1204	117
1205	172
1206	119
1207	166
1208	202
1209	157
1210	154
1211	163
1212	110
1213	69
1214	86
1215	81
1216	66
1217	84
1218	99
1219	76
1220	51
1221	103
1222	82
1223	80
1224	170
1225	218
1226	183
1227	175
1228	123
1229	58
1230	83
1231	71
1232	73
1233	60
1234	45
1235	108
1236	95
1237	65
1238	37
1239	86
1240	44
1241	66
1242	149
1243	85
1244	101
1245	125
1246	159
1247	93
1248	169
1249	70
1250	101
1251	220
1252	151
1253	643
1254	935
1255	453
1256	131
1257	75
1258	67
1259	114
1260	105
1261	66
1262	120
1263	72
1264	72
1265	219
1266	512
1267	192
1268	50
1269	55
1270	81
1271	93
1272	114
1273	63
1274	73
1275	121
1276	185
1277	147
1278	109
1279	65
1280	121
1281	58
1282	103
1283	87
1284	170
1285	216
1286	159
1287	389
1288	190
1289	111
1290	64
1291	89
1292	79
1293	101
1294	52
1295	89
1296	89
1297	117
1298	146
1299	79
1300	83
1301	194
1302	104
1303	72
1304	85
1305	53
1306	95
1307	114
1308	96
1309	83
1310	78
1311	144
1312	42
1313	126
1314	86
1315	67
1316	121
1317	73
1318	211
1319	148
1320	93
1321	122
1322	122
1323	109
1324	107
1325	43
1326	48
1327	66
1328	50
1329	122
1330	57
1331	107
1332	111
1333	146
1334	101
1335	73
1336	43
1337	31
1338	49
1339	113
1340	167
1341	344
1342	193
1343	93
1344	91
1345	74
1346	79
1347	74
1348	106
1349	46
1350	52
1351	112
1352	46
1353	59
1354	47
1355	78
1356	12
1357	60
1358	76
1359	77
1360	59
1361	103
1362	117
1363	395
1364	94
1365	68
1366	73
1367	74
1368	84
1369	180
1370	63
1371	45
1372	59
1373	58
1374	102
1375	58
1376	70
1377	29
1378	61
1379	54
1380	133
1381	57
1382	44
1383	47
1384	102
1385	81
1386	186
1387	129
1388	135
1389	86
1390	27
1391	81
1392	71
1393	26
1394	40
1395	155
1396	337
1397	118
1398	66
1399	107
1400	134
1401	108
1402	685
1403	226
1404	76
1405	55
1406	93
1407	58
1408	172
1409	194
1410	92
1411	80
1412	116
1413	43
1414	48
1415	61
1416	51
1417	97
1418	60
1419	60
1420	124
1421	245
1422	77
1423	42
1424	40
1425	41
1426	57
1427	28
1428	37
1429	45
1430	64
1431	34
1432	48
1433	71
1434	135
1435	77
1436	51
1437	41
1438	51
1439	65
1440	92
1441	79
1442	24
1443	45
1444	163
1445	186
1446	407
1447	70
1448	99
1449	149
1450	174
1451	195
1452	79
1453	94
1454	61
1455	78
1456	173
1457	82
1458	233
1459	302
1460	123
1461	194
1462	217
1463	28
1464	32
1465	59
1466	86
1467	133
1468	128
1469	83
1470	30
1471	117
1472	373
1473	574
1474	190
1475	214
1476	438
1477	157
1478	145
1479	126
1480	467
1481	643
1482	1067
1483	405
1484	421
1485	465
1486	181
1487	373
1488	611
1489	830
1490	689
1491	643
1492	228
1493	399
1494	597
1495	563
1496	458
1497	604
1498	228
1499	424
1500	277
1501	156
1502	372
1503	840
1504	778
1505	1003
1506	1339
1507	1648
1508	1629
1509	1020
1510	1506
1511	1536
1512	1154
1513	1416
1514	1524
1515	1928
1516	2068
1517	2631
1518	2770
1519	3271
1520	3398
1521	3243
1522	3267
1523	3528
1524	4250
1525	3773
1526	4573
1527	5413
1528	5624
1529	8892
1530	11942
1531	11869
1532	12631
1533	13151
1534	10484
1535	10755
1536	9446
1537	6796
1538	6649
1539	5867
1540	5792
1541	5315
1542	4247
1543	3495
1544	3220
1545	2465
1546	2275
1547	2306
1548	2011
1549	1979
1550	1884
1551	2028
1552	1679
1553	1431
1554	872
1555	578
1556	964
1557	904
1558	889
1559	1186
1560	1097
1561	881
1562	935
1563	1811
1564	2006
1565	1942
1566	2481
1567	2279
1568	2415
1569	2017
1570	875
1571	1066
1572	1986
1573	1805
1574	1265
1575	466
1576	619
1577	232
1578	71
1579	67
1580	84
1581	70
1582	64
1583	53
1584	68
1585	35
1586	76
1587	162
1588	110
1589	56
1590	63
1591	231
1592	148
1593	145
1594	70
1595	99
1596	214
1597	94
1598	61
1599	75
1600	80
1601	146
1602	142
1603	56
1604	91
1605	32
1606	84
1607	58
1608	56
1609	54
1610	95
1611	55
1612	96
1613	41
1614	45
1615	86
1616	48
1617	98
1618	103
1619	64
1620	28
1621	43
1622	44
1623	45
1624	60
1625	88
1626	44
1627	96
1628	111
1629	83
1630	109
1631	81
1632	113
1633	84
1634	79
1635	86
1636	100
1637	43
1638	100
1639	107
1640	257
1641	49
1642	59
1643	82
1644	79
1645	72
1646	46
1647	75
1648	54
1649	107
1650	54
1651	145
1652	97
1653	98
1654	78
1655	107
1656	111
1657	72
1658	83
1659	75
1660	79
1661	72
1662	34
1663	68
1664	62
1665	104
1666	73
1667	126
1668	119
1669	84
1670	98
1671	131
1672	111
1673	83
1674	51
1675	40
1676	108
1677	105
1678	67
1679	80
1680	130
1681	91
1682	80
1683	75
1684	96
1685	109
1686	123
1687	108
1688	105
1689	104
1690	79
1691	78
1692	77
1693	89
1694	61
1695	63
1696	44
1697	93
1698	191
1699	75
1700	60
1701	105
1702	139
1703	82
1704	150
1705	126
1706	100
1707	77
1708	64
1709	69
1710	102
1711	122
1712	46
1713	83
1714	107
1715	70
1716	104
1717	145
1718	128
1719	90
1720	29
1721	63
1722	96
1723	118
1724	61
1725	85
1726	105
1727	92
1728	79
1729	81
1730	80
1731	71
1732	69
1733	92
1734	72
1735	22
1736	63
1737	73
1738	74
1739	118
1740	69
1741	92
1742	131
1743	70
1744	90
1745	71
1746	112
1747	134
1748	158
1749	56
1750	138
1751	105
1752	88
1753	133
1754	110
1755	101
1756	129
1757	97
1758	110
1759	51
1760	90
1761	89
1762	121
1763	129
1764	78
1765	62
1766	96
1767	56
1768	80
1769	74
1770	98
1771	126
1772	130
1773	62
1774	54
1775	77
1776	201
1777	82
1778	97
1779	149
1780	167
1781	44
1782	57
1783	60
1784	81
1785	68
1786	91
1787	95
1788	88
1789	101
1790	59
1791	93
1792	159
1793	149
1794	156
1795	149
1796	72
1797	46
1798	105
1799	28
1800	145
1801	114
1802	75
1803	136
1804	104
1805	102
1806	103
1807	133
1808	76
1809	69
1810	126
1811	101
1812	69
1813	102
1814	145
1815	124
1816	172
1817	75
1818	62
1819	115
1820	102
1821	77
1822	132
1823	160
1824	128
1825	96
1826	100
1827	97
1828	82
1829	105
1830	132
1831	110
1832	153
1833	138
1834	70
1835	70
1836	157
1837	98
1838	91
1839	92
1840	139
1841	137
1842	98
1843	119
1844	135
1845	100
1846	86
1847	105
1848	120
1849	134
1850	111
1851	72
1852	114
1853	164
1854	101
1855	161
1856	168
1857	123
1858	157
1859	122
1860	185
1861	109
1862	168
1863	159
1864	98
1865	177
1866	139
1867	187
1868	74
1869	177
1870	190
1871	141
1872	138
1873	106
1874	133
1875	110
1876	111
1877	188
1878	80
1879	201
1880	110
1881	135
1882	81
1883	125
1884	120
1885	139
1886	136
1887	116
1888	139
1889	91
1890	158
1891	113
1892	198
1893	167
1894	171
1895	206
1896	160
1897	122
1898	162
1899	217
1900	165
1901	199
1902	183
1903	175
1904	151
1905	189
1906	269
1907	135
1908	130
1909	296
1910	167
1911	175
1912	78
1913	105
1914	170
1915	219
1916	133
1917	166
1918	149
1919	125
1920	209
1921	152
1922	121
1923	155
1924	147
1925	168
1926	156
1927	187
1928	212
1929	161
1930	115
1931	228
1932	234
1933	243
1934	186
1935	292
1936	214
1937	210
1938	237
1939	176
1940	224
1941	201
1942	141
1943	217
1944	223
1945	108
1946	161
1947	154
1948	179
1949	171
1950	200
1951	273
1952	143
1953	178
1954	171
1955	128
1956	145
1957	171
1958	156
1959	179
1960	262
1961	138
1962	140
1963	158
1964	144
1965	171
1966	292
1967	166
1968	223
1969	183
1970	234
1971	181
1972	145
1973	154
1974	201
1975	279
1976	187
1977	326
1978	148
1979	201
1980	222
1981	229
1982	215
1983	222
1984	181
1985	228
1986	222
1987	123
1988	179
1989	182
1990	226
1991	215
1992	196
1993	182
1994	181
1995	167
1996	270
1997	151
1998	167
1999	184
2000	149
2001	145
2002	194
2003	153
2004	241
2005	210
2006	292
2007	182
2008	167
2009	182
2010	217
2011	223
2012	248
2013	257
2014	169
2015	238
2016	387
2017	270
2018	234
2019	215
2020	223
2021	257
2022	247
2023	262
2024	194
2025	248
2026	200
2027	200
2028	220
2029	293
2030	231
2031	155
2032	267
2033	177
2034	167
2035	122
2036	130
2037	139
2038	135
2039	123
2040	103
2041	155
2042	160
2043	174
2044	97
2045	193
2046	217
2047	216
