Instrument: Andor
X Size: 2048
Y Size: 64
Total Flux: 0.000
Total Counts: 368261
Background: 314.000000
Curvature: 0.0
Clipped to ROI: No
ROI: 1309 526 2539 1627
X	Counts
0	65
1	158
2	83
3	115
4	89
5	61
6	107
7	44
8	106
9	80
10	111
11	84
12	94
13	79
14	133
15	129
16	98
17	108
18	110
19	61
20	99
21	64
22	103
23	86
24	111
25	90
26	108
27	74
28	130
29	117
30	87
31	81
32	110
33	99
34	111
35	104
36	87
37	91
38	86
39	105
40	115
41	62
42	91
43	80
44	95
45	108
46	81
47	87
48	76
49	116
50	90
51	140
52	109
53	87
54	86
55	97
56	63
57	93
58	71
59	99
60	57
61	96
62	113
63	112
64	111
65	90
66	84
67	110
68	105
69	102
70	102
71	86
72	120
73	123
74	94
75	92
76	97
77	163
78	77
79	143
80	117
81	91
82	78
83	116
84	87
85	127
86	70
87	75
88	115
89	121
90	104
91	105
92	109
93	88
94	100
95	69
96	109
97	98
98	132
99	60
100	99
101	100
102	95
103	97
104	119
105	81
106	133
107	83
108	116
109	68
110	78
111	115
112	75
113	117
114	150
115	123
116	202
117	115
118	100
119	82
120	109
121	136
122	173
123	101
124	109
125	72
126	46
127	103
128	82
129	107
130	159
131	75
132	115
133	94
134	137
135	97
136	124
137	110
138	87
139	63
140	126
141	88
142	99
143	127
144	113
145	116
146	127
147	82
148	149
149	96
150	115
151	110
152	101
153	118
154	134
155	125
156	117
157	120
158	81
159	124
160	100
161	97
162	115
163	125
164	118
165	86
166	140
167	100
168	113
169	145
170	85
171	97
172	131
173	93
174	81
175	108
176	49
177	89
178	98
179	101
180	90
181	91
182	133
183	108
184	152
185	81
186	89
187	86
188	105
189	135
190	96
191	97
192	121
193	97
194	107
195	75
196	114
197	88
198	82
199	110
200	87
201	77
202	83
203	114
204	109
205	66
206	135
207	99
208	108
209	99
210	96
211	83
212	92
213	93
214	77
215	115
216	104
217	97
218	84
219	103
220	102
221	134
222	118
223	134
224	204
225	274
226	279
227	91
228	82
229	166
230	136
231	91
232	86
233	120
234	101
235	120
236	117
237	134
238	152
239	95
240	98
241	72
242	122
243	84
244	131
245	99
246	95
247	103
248	103
249	77
250	93
251	91
252	131
253	132
254	75
255	90
256	140
257	107
258	100
259	117
260	92
261	74
262	91
263	150
264	106
265	89
266	109
267	121
268	97
269	145
270	161
271	122
272	125
273	204
274	135
275	148
276	77
277	124
278	70
279	111
280	84
281	106
282	75
283	82
284	87
285	147
286	100
287	115
288	66
289	81
290	78
291	81
292	88
293	96
294	137
295	191
296	114
297	114
298	94
299	123
300	114
301	88
302	98
303	96
304	132
305	111
306	118
307	108
308	112
309	128
310	86
311	69
312	112
313	125
314	111
315	97
316	119
317	106
318	104
319	115
320	133
321	73
322	84
323	92
324	79
325	92
326	108
327	103
328	115
329	89
330	103
331	88
332	67
333	110
334	96
335	79
336	84
337	82
338	135
339	116
340	116
341	75
342	92
343	139
344	177
345	201
346	131
347	126
348	84
349	101
350	76
351	93
352	116
353	110
354	117
355	66
356	141
357	66
358	134
359	66
360	92
361	135
362	188
363	83
364	82
365	81
366	103
367	98
368	119
369	100
370	87
371	137
372	102
373	75
374	138
375	90
376	113
377	86
378	107
379	117
380	127
381	112
382	134
383	91
384	119
385	75
386	124
387	123
388	119
389	185
390	154
391	115
392	118
393	104
394	70
395	88
396	171
397	143
398	138
399	108
400	94
401	87
402	83
403	152
404	89
405	91
406	127
407	131
408	114
409	100
410	138
411	145
412	138
413	203
414	168
415	127
416	98
417	98
418	136
419	118
420	108
421	88
422	84
423	92
424	108
425	111
426	97
427	112
428	87
429	128
430	148
431	118
432	79
433	104
434	93
435	124
436	79
437	102
438	108
439	79
440	105
441	92
442	127
443	138
444	154
445	80
446	102
447	159
448	161
449	103
450	94
451	113
452	81
453	101
454	117
455	107
456	125
457	132
458	135
459	89
460	137
461	100
462	130
463	101
464	118
465	121
466	75
467	123
468	116
469	102
470	85
471	81
472	99
473	78
474	152
475	83
476	99
477	63
478	114
479	147
480	106
481	135
482	115
483	133
484	82
485	128
486	119
487	99
488	107
489	108
490	130
491	173
492	180
493	139
494	122
495	103
496	125
497	78
498	95
499	107
500	106
501	97
502	93
503	101
504	114
505	83
506	82
507	90
508	217
509	141
510	101
511	110
512	123
513	127
514	52
515	129
516	104
517	147
518	107
519	108
520	93
521	129
522	166
523	102
524	92
525	138
526	167
527	111
528	155
529	125
530	100
531	79
532	101
533	100
534	141
535	119
536	103
537	139
538	104
539	117
540	83
541	87
542	153
543	87
544	114
545	102
546	155
547	112
548	111
549	120
550	110
551	105
552	88
553	104
554	129
555	106
556	125
557	87
558	129
559	98
560	147
561	131
562	122
563	117
564	91
565	87
566	147
567	177
568	121
569	132
570	122
571	118
572	139
573	118
574	131
575	112
576	81
577	101
578	121
579	116
580	120
581	107
582	122
583	96
584	95
585	131
586	115
587	99
588	119
589	92
590	116
591	94
592	100
593	151
594	97
595	126
596	93
597	146
598	102
599	86
600	107
601	142
602	109
603	129
604	82
605	111
606	133
607	148
608	125
609	128
610	123
611	126
612	93
613	76
614	123
615	48
616	101
617	135
618	129
619	102
620	101
621	109
622	113
623	98
624	132
625	108
626	148
627	107
628	134
629	158
630	117
631	166
632	169
633	136
634	95
635	88
636	143
637	114
638	119
639	108
640	168
641	102
642	106
643	122
644	117
645	100
646	143
647	95
648	118
649	169
650	100
651	182
652	129
653	334
654	304
655	165
656	150
657	219
658	236
659	202
660	171
661	99
662	162
663	132
664	226
665	165
666	180
667	95
668	222
669	268
670	163
671	118
672	136
673	109
674	72
675	159
676	126
677	121
678	109
679	122
680	111
681	109
682	158
683	76
684	119
685	140
686	114
687	108
688	154
689	126
690	137
691	173
692	154
693	123
694	93
695	104
696	135
697	118
698	131
699	106
700	88
701	131
702	127
703	83
704	150
705	332
706	183
707	191
708	118
709	102
710	99
711	150
712	133
713	143
714	345
715	208
716	107
717	139
718	180
719	205
720	175
721	118
722	133
723	70
724	143
725	162
726	273
727	111
728	109
729	136
730	151
731	132
732	127
733	118
734	135
735	143
736	133
737	121
738	96
739	119
740	129
741	119
742	127
743	159
744	128
745	115
746	139
747	104
748	104
749	102
750	155
751	107
752	170
753	159
754	132
755	112
756	106
757	152
758	154
759	117
760	95
761	142
762	190
763	125
764	86
765	108
766	132
767	127
768	137
769	150
770	120
771	93
772	152
773	120
774	111
775	161
776	119
777	114
778	79
779	77
780	155
781	189
782	115
783	230
784	162
785	94
786	152
787	101
788	108
789	110
790	119
791	163
792	135
793	154
794	125
795	151
796	104
797	125
798	125
799	95
800	142
801	130
802	125
803	118
804	135
805	179
806	169
807	80
808	138
809	120
810	135
811	142
812	90
813	149
814	163
815	136
816	147
817	108
818	113
819	119
820	107
821	101
822	153
823	120
824	139
825	167
826	152
827	106
828	113
829	189
830	149
831	151
832	133
833	191
834	93
835	150
836	158
837	87
838	143
839	101
840	131
841	138
842	226
843	151
844	108
845	138
846	120
847	158
848	150
849	126
850	138
851	128
852	102
853	157
854	119
855	106
856	144
857	206
858	146
859	107
860	133
861	96
862	121
863	166
864	159
865	187
866	130
867	180
868	101
869	135
870	154
871	171
872	158
873	119
874	166
875	157
876	117
877	143
878	98
879	117
880	128
881	110
882	212
883	169
884	107
885	109
886	132
887	151
888	152
889	158
890	124
891	120
892	148
893	146
894	127
895	154
896	121
897	179
898	113
899	150
900	136
901	100
902	156
903	193
904	149
905	159
906	138
907	143
908	116
909	129
910	137
911	111
912	123
913	129
914	117
915	179
916	118
917	117
918	142
919	115
920	178
921	159
922	129
923	175
924	125
925	156
926	86
927	183
928	181
929	108
930	124
931	202
932	251
933	188
934	138
935	112
936	147
937	114
938	129
939	172
940	127
941	143
942	86
943	176
944	208
945	163
946	162
947	147
948	120
949	117
950	190
951	189
952	141
953	149
954	155
955	133
956	315
957	224
958	143
959	139
960	94
961	161
962	143
963	144
964	249
965	165
966	108
967	159
968	126
969	198
970	247
971	208
972	130
973	138
974	153
975	104
976	155
977	144
978	183
979	137
980	145
981	112
982	170
983	160
984	166
985	129
986	151
987	93
988	144
989	159
990	121
991	161
992	133
993	253
994	177
995	127
996	178
997	95
998	126
999	187
1000	164
1001	168
1002	161
1003	148
1004	202
1005	133
1006	117
1007	149
1008	188
1009	154
1010	116
1011	154
1012	179
1013	126
1014	169
1015	147
1016	141
1017	129
1018	176
1019	127
1020	147
1021	165
1022	227
1023	170
1024	148
1025	175
1026	112
1027	140
1028	194
1029	138
1030	187
1031	162
1032	187
1033	131
1034	175
1035	139
1036	166
1037	134
1038	151
1039	166
1040	220
1041	150
1042	124
1043	154
1044	151
1045	195
1046	169
1047	145
1048	162
1049	123
1050	136
1051	170
1052	184
1053	140
1054	157
1055	183
1056	157
1057	149
1058	115
1059	137
1060	182
1061	170
1062	198
1063	194
1064	116
1065	158
1066	136
1067	158
1068	155
1069	150
1070	186
1071	169
1072	192
1073	137
1074	149
1075	127
1076	137
1077	156
1078	142
1079	135
1080	154
1081	145
1082	162
1083	125
1084	198
1085	123
1086	215
1087	152
1088	121
1089	182
1090	140
1091	132
1092	117
1093	185
1094	188
1095	134
1096	155
1097	154
1098	125
1099	127
1100	148
1101	189
1102	150
1103	171
1104	114
1105	155
1106	133
1107	133
1108	155
1109	159
1110	170
1111	201
1112	360
1113	203
1114	175
1115	119
1116	197
1117	219
1118	181
1119	134
1120	151
1121	161
1122	202
1123	204
1124	95
1125	145
1126	186
1127	173
1128	156
1129	129
1130	189
1131	189
1132	131
1133	168
1134	128
1135	168
1136	142
1137	99
1138	179
1139	116
1140	125
1141	138
1142	156
1143	158
1144	153
1145	164
1146	191
1147	118
1148	120
1149	175
1150	169
1151	142
1152	163
1153	146
1154	111
1155	196
1156	193
1157	140
1158	172
1159	259
1160	256
1161	231
1162	211
1163	206
1164	286
1165	265
1166	229
1167	199
1168	176
1169	222
1170	321
1171	255
1172	369
1173	654
1174	257
1175	211
1176	319
1177	402
1178	358
1179	293
1180	259
1181	196
1182	219
1183	131
1184	133
1185	299
1186	314
1187	245
1188	190
1189	171
1190	368
1191	636
1192	1055
1193	984
1194	606
1195	889
1196	962
1197	870
1198	847
1199	767
1200	1588
1201	2164
1202	2528
1203	2514
1204	2351
1205	2249
1206	1882
1207	2281
1208	1463
1209	807
1210	467
1211	365
1212	386
1213	465
1214	304
1215	329
1216	266
1217	294
1218	293
1219	169
1220	208
1221	357
1222	312
1223	174
1224	380
1225	481
1226	249
1227	431
1228	341
1229	223
1230	344
1231	588
1232	487
1233	328
1234	387
1235	543
1236	396
1237	544
1238	288
1239	221
1240	409
1241	512
1242	435
1243	411
1244	481
1245	490
1246	592
1247	685
1248	555
1249	364
1250	604
1251	861
1252	791
1253	752
1254	714
1255	678
1256	532
1257	294
1258	315
1259	447
1260	506
1261	460
1262	640
1263	365
1264	323
1265	563
1266	574
1267	600
1268	546
1269	486
1270	513
1271	504
1272	390
1273	195
1274	356
1275	472
1276	664
1277	779
1278	449
1279	401
1280	417
1281	427
1282	452
1283	491
1284	388
1285	394
1286	185
1287	182
1288	209
1289	367
1290	486
1291	210
1292	140
1293	208
1294	404
1295	303
1296	202
1297	163
1298	258
1299	181
1300	287
1301	162
1302	176
1303	222
1304	224
1305	196
1306	219
1307	308
1308	205
1309	279
1310	298
1311	267
1312	182
1313	218
1314	232
1315	255
1316	194
1317	260
1318	292
1319	269
1320	238
1321	170
1322	261
1323	278
1324	330
1325	273
1326	215
1327	199
1328	211
1329	249
1330	233
1331	337
1332	287
1333	212
1334	182
1335	259
1336	259
1337	160
1338	218
1339	163
1340	161
1341	203
1342	149
1343	172
1344	132
1345	150
1346	179
1347	120
1348	153
1349	104
1350	180
1351	173
1352	173
1353	202
1354	150
1355	150
1356	172
1357	203
1358	170
1359	201
1360	216
1361	136
1362	127
1363	111
1364	171
1365	189
1366	187
1367	176
1368	219
1369	195
1370	233
1371	184
1372	157
1373	139
1374	126
1375	154
1376	177
1377	158
1378	176
1379	112
1380	129
1381	163
1382	192
1383	176
1384	130
1385	145
1386	140
1387	114
1388	333
1389	159
1390	170
1391	162
1392	144
1393	149
1394	122
1395	204
1396	195
1397	199
1398	187
1399	193
1400	146
1401	129
1402	148
1403	167
1404	105
1405	161
1406	151
1407	166
1408	147
1409	152
1410	136
1411	141
1412	146
1413	143
1414	207
1415	154
1416	175
1417	162
1418	148
1419	165
1420	135
1421	182
1422	190
1423	165
1424	188
1425	165
1426	141
1427	196
1428	150
1429	214
1430	160
1431	194
1432	185
1433	164
1434	174
1435	188
1436	178
1437	181
1438	161
1439	137
1440	166
1441	201
1442	153
1443	152
1444	158
1445	159
1446	157
1447	182
1448	127
1449	191
1450	232
1451	196
1452	146
1453	167
1454	145
1455	210
1456	131
1457	190
1458	170
1459	173
1460	204
1461	154
1462	173
1463	167
1464	176
1465	124
1466	173
1467	192
1468	186
1469	206
1470	141
1471	157
1472	135
1473	157
1474	182
1475	151
1476	188
1477	131
1478	181
1479	175
1480	157
1481	196
1482	150
1483	178
1484	200
1485	152
1486	182
1487	152
1488	240
1489	135
1490	133
1491	199
1492	143
1493	226
1494	153
1495	167
1496	163
1497	194
1498	176
1499	252
1500	208
1501	195
1502	199
1503	177
1504	216
1505	197
1506	157
1507	173
1508	143
1509	159
1510	166
1511	190
1512	160
1513	127
1514	171
1515	162
1516	176
1517	177
1518	198
1519	188
1520	227
1521	149
1522	163
1523	155
1524	152
1525	160
1526	175
1527	161
1528	166
1529	166
1530	195
1531	172
1532	212
1533	177
1534	112
1535	227
1536	221
1537	160
1538	143
1539	183
1540	129
1541	176
1542	155
1543	172
1544	174
1545	182
1546	185
1547	182
1548	187
1549	288
1550	291
1551	211
1552	177
1553	155
1554	168
1555	195
1556	282
1557	159
1558	242
1559	203
1560	158
1561	151
1562	127
1563	144
1564	161
1565	135
1566	224
1567	242
1568	234
1569	189
1570	150
1571	250
1572	189
1573	176
1574	205
1575	179
1576	142
1577	139
1578	215
1579	212
1580	145
1581	216
1582	219
1583	197
1584	149
1585	150
1586	173
1587	180
1588	158
1589	211
1590	150
1591	174
1592	246
1593	192
1594	223
1595	194
1596	169
1597	173
1598	188
1599	122
1600	222
1601	177
1602	161
1603	238
1604	238
1605	152
1606	168
1607	197
1608	175
1609	161
1610	208
1611	177
1612	153
1613	179
1614	157
1615	172
1616	185
1617	169
1618	223
1619	162
1620	229
1621	151
1622	171
1623	204
1624	172
1625	233
1626	158
1627	195
1628	181
1629	111
1630	205
1631	188
1632	168
1633	204
1634	202
1635	151
1636	157
1637	131
1638	211
1639	175
1640	200
1641	222
1642	263
1643	422
1644	189
1645	201
1646	198
1647	207
1648	161
1649	192
1650	190
1651	202
1652	166
1653	158
1654	147
1655	151
1656	230
1657	147
1658	211
1659	185
1660	212
1661	165
1662	197
1663	160
1664	187
1665	162
1666	181
1667	197
1668	228
1669	209
1670	192
1671	214
1672	171
1673	175
1674	180
1675	163
1676	219
1677	186
1678	207
1679	271
1680	190
1681	235
1682	175
1683	204
1684	166
1685	249
1686	161
1687	163
1688	169
1689	123
1690	166
1691	208
1692	174
1693	197
1694	182
1695	162
1696	239
1697	161
1698	181
1699	205
1700	150
1701	207
1702	178
1703	222
1704	189
1705	206
1706	160
1707	236
1708	155
1709	178
1710	196
1711	222
1712	164
1713	170
1714	195
1715	164
1716	232
1717	234
1718	193
1719	200
1720	227
1721	220
1722	210
1723	222
1724	123
1725	192
1726	190
1727	202
1728	167
1729	163
1730	238
1731	183
1732	152
1733	184
1734	167
1735	192
1736	165
1737	175
1738	187
1739	217
1740	272
1741	200
1742	253
1743	193
1744	230
1745	163
1746	208
1747	211
1748	170
1749	175
1750	208
1751	177
1752	193
1753	161
1754	231
1755	156
1756	223
1757	159
1758	235
1759	273
1760	223
1761	239
1762	223
1763	214
1764	190
1765	234
1766	242
1767	182
1768	158
1769	219
1770	144
1771	191
1772	177
1773	203
1774	214
1775	187
1776	216
1777	153
1778	234
1779	203
1780	193
1781	211
1782	191
1783	240
1784	206
1785	209
1786	186
1787	212
1788	179
1789	186
1790	213
1791	242
1792	199
1793	187
1794	203
1795	207
1796	215
1797	182
1798	218
1799	178
1800	159
1801	178
1802	217
1803	180
1804	172
1805	197
1806	186
1807	158
1808	205
1809	197
1810	146
1811	193
1812	151
1813	218
1814	246
1815	194
1816	151
1817	209
1818	226
1819	255
1820	248
1821	206
1822	190
1823	221
1824	200
1825	214
1826	237
1827	209
1828	215
1829	259
1830	152
1831	188
1832	188
1833	221
1834	187
1835	182
1836	176
1837	223
1838	227
1839	285
1840	183
1841	198
1842	245
1843	184
1844	197
1845	242
1846	145
1847	226
1848	194
1849	269
1850	286
1851	228
1852	214
1853	200
1854	255
1855	189
1856	309
1857	246
1858	247
1859	262
1860	231
1861	211
1862	202
1863	204
1864	174
1865	204
1866	209
1867	212
1868	199
1869	272
1870	196
1871	211
1872	193
1873	204
1874	185
1875	193
1876	179
1877	243
1878	188
1879	246
1880	194
1881	222
1882	263
1883	237
1884	211
1885	211
1886	176
1887	226
1888	204
1889	243
1890	198
1891	221
1892	245
1893	216
1894	245
1895	211
1896	274
1897	172
1898	245
1899	238
1900	262
1901	239
1902	180
1903	226
1904	241
1905	210
1906	221
1907	268
1908	225
1909	217
1910	141
1911	164
1912	161
1913	225
1914	310
1915	241
1916	211
1917	317
1918	195
1919	227
1920	177
1921	155
1922	220
1923	208
1924	211
1925	218
1926	180
1927	270
1928	214
1929	196
1930	241
1931	215
1932	178
1933	194
1934	234
1935	231
1936	219
1937	204
1938	244
1939	262
1940	322
1941	291
1942	210
1943	306
1944	247
1945	330
1946	324
1947	195
1948	224
1949	219
1950	245
1951	202
1952	299
1953	259
1954	228
1955	248
1956	289
1957	312
1958	221
1959	245
1960	200
1961	260
1962	223
1963	255
1964	202
1965	216
1966	214
1967	214
1968	244
1969	276
1970	261
1971	201
1972	243
1973	248
1974	215
1975	243
1976	239
1977	202
1978	225
1979	253
1980	265
1981	225
1982	227
1983	219
1984	263
1985	245
1986	302
1987	252
1988	243
1989	188
1990	279
1991	261
1992	212
1993	196
1994	222
1995	263
1996	257
1997	266
1998	294
1999	257
2000	197
2001	243
2002	201
2003	182
2004	229
2005	288
2006	231
2007	215
2008	268
2009	246
2010	291
2011	258
2012	216
2013	151
2014	205
2015	224
2016	177
2017	220
2018	246
2019	242
2020	315
2021	314
2022	405
2023	270
2024	291
2025	297
2026	194
2027	227
2028	178
2029	243
2030	262
2031	234
2032	174
2033	223
2034	186
2035	157
2036	188
2037	292
2038	171
2039	114
2040	136
2041	194
2042	110
2043	189
2044	368
2045	201
2046	156
2047	149
