Instrument: Andor
X Size: 2048
Y Size: 64
Total Flux: 0.000
Total Counts: 374946
Background: 316.000000
Curvature: 0.0
Clipped to ROI: No
ROI: 1309 526 2539 1627
X	Counts
0	121
1	116
2	124
3	93
4	67
5	66
6	120
7	73
8	64
9	107
10	75
11	67
12	74
13	69
14	92
15	117
16	131
17	156
18	76
19	75
20	80
21	50
22	91
23	134
24	87
25	95
26	101
27	61
28	72
29	59
30	104
31	107
32	110
33	86
34	105
35	67
36	76
37	94
38	110
39	116
40	102
41	76
42	95
43	114
44	84
45	91
46	72
47	90
48	79
49	97
50	92
51	81
52	85
53	98
54	103
55	97
56	72
57	92
58	91
59	92
60	126
61	82
62	89
63	113
64	96
65	80
66	97
67	78
68	86
69	83
70	116
71	123
72	107
73	113
74	89
75	112
76	94
77	122
78	66
79	99
80	92
81	94
82	93
83	118
84	102
85	69
86	74
87	57
88	144
89	70
90	109
91	69
92	129
93	78
94	98
95	86
96	94
97	110
98	114
99	124
100	102
101	100
102	120
103	99
104	72
105	120
106	134
107	97
108	79
109	126
110	87
111	86
112	72
113	117
114	117
115	91
116	147
117	115
118	131
119	163
120	103
121	108
122	84
123	127
124	76
125	120
126	79
127	111
128	55
129	132
130	86
131	99
132	73
133	116
134	93
135	118
136	88
137	77
138	102
139	123
140	108
141	99
142	112
143	76
144	99
145	70
146	109
147	86
148	114
149	110
150	85
151	61
152	134
153	65
154	81
155	76
156	127
157	110
158	121
159	115
160	102
161	92
162	140
163	72
164	91
165	70
166	98
167	115
168	92
169	127
170	112
171	113
172	172
173	128
174	114
175	106
176	53
177	117
178	98
179	111
180	130
181	91
182	114
183	94
184	109
185	105
186	78
187	106
188	79
189	100
190	73
191	65
192	88
193	92
194	56
195	113
196	126
197	126
198	82
199	97
200	110
201	79
202	87
203	92
204	90
205	102
206	80
207	82
208	123
209	87
210	136
211	74
212	88
213	92
214	109
215	108
216	105
217	76
218	60
219	106
220	84
221	101
222	86
223	104
224	112
225	118
226	76
227	109
228	62
229	112
230	129
231	124
232	78
233	99
234	72
235	104
236	76
237	122
238	114
239	145
240	72
241	103
242	100
243	84
244	232
245	1600
246	328
247	134
248	66
249	99
250	93
251	82
252	100
253	142
254	104
255	71
256	77
257	119
258	91
259	146
260	99
261	97
262	62
263	86
264	94
265	93
266	104
267	91
268	77
269	120
270	146
271	93
272	100
273	97
274	84
275	114
276	82
277	74
278	84
279	75
280	117
281	92
282	91
283	101
284	71
285	70
286	138
287	102
288	70
289	85
290	51
291	113
292	80
293	128
294	132
295	160
296	101
297	107
298	84
299	101
300	64
301	87
302	96
303	109
304	136
305	181
306	108
307	98
308	58
309	75
310	113
311	95
312	77
313	81
314	68
315	110
316	107
317	107
318	128
319	55
320	116
321	88
322	103
323	123
324	91
325	153
326	168
327	135
328	107
329	108
330	84
331	86
332	87
333	101
334	95
335	96
336	68
337	46
338	133
339	77
340	99
341	75
342	90
343	95
344	71
345	78
346	157
347	79
348	83
349	91
350	88
351	112
352	122
353	168
354	117
355	123
356	72
357	91
358	76
359	91
360	99
361	69
362	83
363	110
364	86
365	77
366	73
367	62
368	52
369	103
370	70
371	74
372	83
373	121
374	55
375	72
376	84
377	115
378	68
379	120
380	102
381	119
382	92
383	105
384	125
385	90
386	111
387	99
388	48
389	104
390	93
391	82
392	109
393	123
394	147
395	138
396	87
397	108
398	109
399	103
400	103
401	105
402	102
403	86
404	93
405	94
406	80
407	113
408	102
409	100
410	83
411	131
412	142
413	88
414	77
415	117
416	140
417	153
418	154
419	117
420	115
421	123
422	85
423	88
424	163
425	96
426	90
427	113
428	76
429	128
430	124
431	79
432	150
433	98
434	109
435	140
436	72
437	104
438	104
439	144
440	95
441	81
442	102
443	107
444	110
445	118
446	191
447	131
448	114
449	107
450	101
451	97
452	111
453	128
454	123
455	118
456	130
457	113
458	83
459	77
460	101
461	93
462	125
463	118
464	74
465	125
466	141
467	135
468	94
469	106
470	118
471	68
472	83
473	154
474	116
475	68
476	80
477	89
478	91
479	94
480	102
481	92
482	172
483	136
484	117
485	83
486	148
487	177
488	115
489	130
490	84
491	88
492	155
493	97
494	75
495	82
496	117
497	82
498	109
499	151
500	82
501	100
502	103
503	99
504	102
505	96
506	83
507	91
508	141
509	110
510	88
511	69
512	101
513	88
514	73
515	91
516	79
517	150
518	144
519	177
520	152
521	105
522	182
523	71
524	115
525	108
526	138
527	82
528	118
529	128
530	97
531	64
532	80
533	102
534	178
535	235
536	111
537	83
538	110
539	105
540	70
541	66
542	135
543	128
544	75
545	92
546	116
547	116
548	119
549	105
550	103
551	88
552	123
553	98
554	107
555	99
556	126
557	125
558	111
559	110
560	94
561	140
562	111
563	72
564	95
565	118
566	129
567	109
568	125
569	109
570	125
571	113
572	116
573	129
574	144
575	69
576	72
577	102
578	83
579	110
580	95
581	112
582	111
583	106
584	98
585	84
586	118
587	81
588	95
589	95
590	85
591	94
592	85
593	82
594	101
595	101
596	100
597	107
598	87
599	115
600	108
601	112
602	120
603	98
604	113
605	148
606	73
607	102
608	111
609	135
610	127
611	287
612	97
613	85
614	175
615	107
616	97
617	123
618	92
619	121
620	149
621	132
622	214
623	159
624	132
625	89
626	97
627	105
628	129
629	153
630	115
631	160
632	114
633	127
634	57
635	119
636	142
637	88
638	107
639	91
640	103
641	106
642	107
643	154
644	121
645	170
646	86
647	115
648	105
649	165
650	144
651	141
652	107
653	135
654	91
655	112
656	115
657	94
658	80
659	120
660	163
661	214
662	211
663	129
664	140
665	181
666	174
667	95
668	86
669	79
670	116
671	112
672	122
673	134
674	250
675	453
676	238
677	133
678	106
679	122
680	139
681	136
682	125
683	108
684	88
685	168
686	166
687	183
688	241
689	188
690	109
691	149
692	116
693	117
694	83
695	106
696	88
697	77
698	138
699	112
700	94
701	161
702	119
703	99
704	121
705	200
706	202
707	229
708	154
709	128
710	118
711	107
712	110
713	91
714	110
715	96
716	136
717	79
718	127
719	89
720	118
721	87
722	115
723	108
724	103
725	122
726	102
727	115
728	95
729	152
730	147
731	148
732	179
733	155
734	107
735	131
736	88
737	102
738	120
739	114
740	91
741	130
742	109
743	100
744	132
745	120
746	144
747	117
748	177
749	114
750	133
751	94
752	88
753	143
754	106
755	130
756	90
757	129
758	120
759	94
760	104
761	119
762	155
763	211
764	229
765	108
766	78
767	118
768	134
769	124
770	116
771	130
772	129
773	140
774	150
775	104
776	115
777	151
778	150
779	113
780	106
781	154
782	142
783	183
784	158
785	108
786	108
787	141
788	96
789	110
790	135
791	105
792	98
793	113
794	105
795	170
796	120
797	81
798	117
799	111
800	143
801	98
802	158
803	115
804	96
805	97
806	110
807	181
808	113
809	123
810	192
811	161
812	97
813	109
814	165
815	83
816	96
817	111
818	107
819	112
820	140
821	118
822	145
823	131
824	100
825	99
826	106
827	130
828	142
829	116
830	162
831	118
832	96
833	99
834	145
835	123
836	143
837	130
838	137
839	171
840	140
841	131
842	150
843	131
844	140
845	180
846	80
847	100
848	111
849	131
850	113
851	159
852	122
853	126
854	205
855	97
856	161
857	127
858	150
859	99
860	101
861	135
862	154
863	147
864	134
865	113
866	172
867	231
868	138
869	135
870	136
871	108
872	172
873	99
874	140
875	158
876	148
877	109
878	120
879	148
880	210
881	119
882	108
883	111
884	140
885	126
886	88
887	111
888	160
889	167
890	150
891	114
892	144
893	108
894	116
895	145
896	143
897	92
898	90
899	97
900	130
901	138
902	166
903	206
904	173
905	124
906	148
907	126
908	117
909	145
910	202
911	206
912	141
913	147
914	165
915	153
916	173
917	134
918	131
919	123
920	155
921	145
922	108
923	115
924	144
925	134
926	99
927	171
928	151
929	106
930	134
931	110
932	86
933	138
934	159
935	129
936	235
937	363
938	165
939	188
940	145
941	131
942	152
943	111
944	107
945	111
946	99
947	138
948	98
949	124
950	125
951	116
952	154
953	146
954	129
955	180
956	157
957	115
958	165
959	132
960	138
961	124
962	135
963	139
964	131
965	133
966	130
967	141
968	106
969	172
970	119
971	131
972	113
973	173
974	129
975	103
976	119
977	156
978	118
979	140
980	85
981	144
982	142
983	106
984	152
985	134
986	128
987	141
988	128
989	168
990	145
991	160
992	174
993	106
994	123
995	117
996	132
997	109
998	164
999	158
1000	111
1001	140
1002	106
1003	101
1004	108
1005	154
1006	233
1007	167
1008	142
1009	162
1010	141
1011	158
1012	137
1013	142
1014	156
1015	130
1016	136
1017	136
1018	119
1019	216
1020	146
1021	138
1022	125
1023	184
1024	103
1025	150
1026	123
1027	139
1028	214
1029	185
1030	157
1031	159
1032	135
1033	138
1034	154
1035	155
1036	124
1037	182
1038	189
1039	158
1040	183
1041	143
1042	165
1043	137
1044	198
1045	155
1046	126
1047	124
1048	147
1049	117
1050	122
1051	91
1052	178
1053	133
1054	153
1055	145
1056	181
1057	137
1058	130
1059	151
1060	158
1061	162
1062	153
1063	174
1064	117
1065	128
1066	114
1067	183
1068	132
1069	158
1070	139
1071	154
1072	197
1073	156
1074	197
1075	225
1076	152
1077	135
1078	124
1079	165
1080	101
1081	247
1082	166
1083	148
1084	181
1085	151
1086	154
1087	204
1088	267
1089	190
1090	101
1091	148
1092	147
1093	160
1094	116
1095	129
1096	157
1097	109
1098	205
1099	142
1100	126
1101	194
1102	181
1103	144
1104	97
1105	142
1106	136
1107	145
1108	157
1109	131
1110	185
1111	140
1112	170
1113	209
1114	166
1115	120
1116	142
1117	123
1118	138
1119	145
1120	257
1121	185
1122	157
1123	143
1124	150
1125	193
1126	169
1127	157
1128	124
1129	140
1130	151
1131	163
1132	128
1133	158
1134	123
1135	105
1136	133
1137	110
1138	118
1139	120
1140	125
1141	92
1142	173
1143	160
1144	176
1145	92
1146	122
1147	125
1148	103
1149	150
1150	175
1151	179
1152	179
1153	147
1154	126
1155	130
1156	168
1157	162
1158	94
1159	168
1160	179
1161	220
1162	155
1163	210
1164	109
1165	139
1166	154
1167	190
1168	202
1169	141
1170	217
1171	114
1172	166
1173	135
1174	122
1175	184
1176	350
1177	235
1178	252
1179	237
1180	241
1181	389
1182	658
1183	241
1184	112
1185	316
1186	701
1187	597
1188	580
1189	348
1190	409
1191	327
1192	389
1193	407
1194	257
1195	304
1196	568
1197	739
1198	757
1199	1268
1200	1108
1201	1077
1202	1415
1203	1156
1204	1158
1205	984
1206	1046
1207	1644
1208	1560
1209	1499
1210	1321
1211	743
1212	892
1213	954
1214	790
1215	1008
1216	774
1217	550
1218	737
1219	1123
1220	1459
1221	1354
1222	1354
1223	735
1224	712
1225	1156
1226	793
1227	1157
1228	1209
1229	1797
1230	2300
1231	1890
1232	1803
1233	1354
1234	818
1235	1022
1236	1145
1237	278
1238	208
1239	270
1240	327
1241	589
1242	665
1243	305
1244	467
1245	709
1246	518
1247	902
1248	733
1249	503
1250	593
1251	874
1252	461
1253	397
1254	711
1255	341
1256	395
1257	510
1258	571
1259	677
1260	740
1261	488
1262	521
1263	682
1264	552
1265	640
1266	425
1267	741
1268	890
1269	760
1270	468
1271	360
1272	503
1273	550
1274	719
1275	782
1276	432
1277	486
1278	371
1279	287
1280	494
1281	676
1282	219
1283	200
1284	308
1285	411
1286	367
1287	354
1288	403
1289	334
1290	363
1291	634
1292	414
1293	486
1294	637
1295	581
1296	765
1297	652
1298	299
1299	351
1300	248
1301	159
1302	216
1303	267
1304	158
1305	199
1306	231
1307	264
1308	202
1309	258
1310	361
1311	208
1312	215
1313	237
1314	195
1315	351
1316	464
1317	362
1318	164
1319	217
1320	210
1321	228
1322	146
1323	135
1324	166
1325	247
1326	161
1327	216
1328	190
1329	141
1330	153
1331	143
1332	191
1333	169
1334	149
1335	162
1336	168
1337	144
1338	196
1339	200
1340	207
1341	208
1342	165
1343	152
1344	137
1345	171
1346	179
1347	143
1348	150
1349	158
1350	146
1351	167
1352	192
1353	165
1354	140
1355	205
1356	233
1357	180
1358	144
1359	192
1360	176
1361	150
1362	128
1363	159
1364	170
1365	163
1366	198
1367	183
1368	182
1369	144
1370	154
1371	125
1372	138
1373	140
1374	152
1375	177
1376	133
1377	167
1378	155
1379	133
1380	174
1381	94
1382	126
1383	177
1384	126
1385	148
1386	137
1387	136
1388	155
1389	146
1390	155
1391	154
1392	131
1393	118
1394	139
1395	173
1396	125
1397	178
1398	143
1399	170
1400	147
1401	141
1402	218
1403	238
1404	179
1405	281
1406	217
1407	175
1408	161
1409	142
1410	159
1411	74
1412	177
1413	226
1414	212
1415	161
1416	255
1417	105
1418	162
1419	175
1420	172
1421	137
1422	147
1423	175
1424	167
1425	162
1426	203
1427	195
1428	144
1429	158
1430	155
1431	205
1432	211
1433	149
1434	153
1435	169
1436	180
1437	191
1438	206
1439	123
1440	158
1441	134
1442	157
1443	157
1444	171
1445	147
1446	149
1447	165
1448	110
1449	151
1450	203
1451	187
1452	137
1453	153
1454	155
1455	148
1456	143
1457	190
1458	150
1459	148
1460	179
1461	126
1462	157
1463	170
1464	181
1465	127
1466	166
1467	208
1468	153
1469	249
1470	141
1471	346
1472	313
1473	210
1474	177
1475	184
1476	165
1477	127
1478	154
1479	127
1480	143
1481	193
1482	156
1483	147
1484	213
1485	152
1486	193
1487	130
1488	172
1489	117
1490	134
1491	164
1492	136
1493	197
1494	155
1495	138
1496	164
1497	195
1498	128
1499	168
1500	168
1501	145
1502	165
1503	155
1504	164
1505	142
1506	131
1507	172
1508	148
1509	129
1510	128
1511	175
1512	167
1513	129
1514	166
1515	137
1516	202
1517	194
1518	190
1519	164
1520	196
1521	134
1522	336
1523	203
1524	141
1525	162
1526	211
1527	249
1528	175
1529	181
1530	187
1531	169
1532	201
1533	185
1534	128
1535	143
1536	152
1537	190
1538	188
1539	144
1540	150
1541	198
1542	183
1543	154
1544	122
1545	151
1546	173
1547	129
1548	179
1549	159
1550	200
1551	163
1552	164
1553	171
1554	200
1555	219
1556	203
1557	193
1558	195
1559	198
1560	250
1561	178
1562	177
1563	159
1564	169
1565	171
1566	233
1567	220
1568	195
1569	177
1570	156
1571	234
1572	204
1573	215
1574	199
1575	113
1576	143
1577	159
1578	172
1579	169
1580	111
1581	134
1582	177
1583	139
1584	148
1585	203
1586	178
1587	227
1588	205
1589	187
1590	224
1591	181
1592	250
1593	207
1594	286
1595	296
1596	206
1597	227
1598	158
1599	170
1600	199
1601	204
1602	173
1603	255
1604	178
1605	191
1606	152
1607	176
1608	157
1609	183
1610	156
1611	177
1612	137
1613	154
1614	189
1615	132
1616	241
1617	195
1618	162
1619	144
1620	142
1621	169
1622	190
1623	201
1624	183
1625	195
1626	135
1627	175
1628	173
1629	119
1630	157
1631	170
1632	186
1633	168
1634	221
1635	224
1636	161
1637	156
1638	231
1639	181
1640	180
1641	181
1642	198
1643	177
1644	184
1645	176
1646	204
1647	157
1648	155
1649	210
1650	140
1651	173
1652	248
1653	246
1654	186
1655	181
1656	147
1657	177
1658	239
1659	115
1660	234
1661	163
1662	156
1663	171
1664	170
1665	161
1666	134
1667	178
1668	151
1669	149
1670	213
1671	181
1672	209
1673	160
1674	135
1675	217
1676	188
1677	193
1678	143
1679	165
1680	182
1681	230
1682	132
1683	230
1684	178
1685	242
1686	124
1687	135
1688	177
1689	130
1690	159
1691	192
1692	179
1693	159
1694	202
1695	202
1696	491
1697	230
1698	187
1699	174
1700	190
1701	141
1702	212
1703	148
1704	159
1705	191
1706	166
1707	173
1708	156
1709	174
1710	184
1711	229
1712	161
1713	219
1714	198
1715	194
1716	222
1717	156
1718	188
1719	217
1720	220
1721	200
1722	220
1723	172
1724	143
1725	209
1726	180
1727	232
1728	205
1729	135
1730	239
1731	239
1732	118
1733	165
1734	195
1735	249
1736	228
1737	254
1738	190
1739	174
1740	227
1741	215
1742	183
1743	236
1744	227
1745	211
1746	190
1747	168
1748	280
1749	352
1750	319
1751	332
1752	184
1753	164
1754	175
1755	137
1756	169
1757	173
1758	226
1759	239
1760	199
1761	195
1762	178
1763	233
1764	186
1765	219
1766	180
1767	155
1768	210
1769	191
1770	140
1771	168
1772	210
1773	222
1774	181
1775	196
1776	206
1777	188
1778	218
1779	246
1780	184
1781	219
1782	178
1783	163
1784	260
1785	194
1786	162
1787	184
1788	172
1789	203
1790	213
1791	248
1792	208
1793	184
1794	292
1795	916
1796	355
1797	163
1798	178
1799	223
1800	205
1801	139
1802	201
1803	167
1804	183
1805	195
1806	189
1807	226
1808	165
1809	148
1810	139
1811	180
1812	157
1813	212
1814	172
1815	258
1816	207
1817	220
1818	185
1819	214
1820	222
1821	247
1822	170
1823	225
1824	212
1825	213
1826	249
1827	186
1828	194
1829	195
1830	194
1831	186
1832	155
1833	228
1834	195
1835	207
1836	192
1837	250
1838	218
1839	296
1840	221
1841	246
1842	355
1843	223
1844	235
1845	247
1846	175
1847	193
1848	214
1849	198
1850	214
1851	175
1852	216
1853	179
1854	217
1855	261
1856	292
1857	291
1858	304
1859	274
1860	209
1861	211
1862	182
1863	234
1864	194
1865	184
1866	148
1867	144
1868	249
1869	222
1870	260
1871	218
1872	168
1873	189
1874	180
1875	163
1876	183
1877	194
1878	228
1879	195
1880	238
1881	197
1882	200
1883	209
1884	174
1885	212
1886	179
1887	165
1888	311
1889	279
1890	203
1891	199
1892	260
1893	246
1894	324
1895	264
1896	236
1897	207
1898	210
1899	228
1900	232
1901	182
1902	234
1903	246
1904	233
1905	200
1906	243
1907	203
1908	178
1909	226
1910	239
1911	201
1912	171
1913	254
1914	192
1915	240
1916	240
1917	230
1918	241
1919	310
1920	245
1921	211
1922	230
1923	221
1924	225
1925	238
1926	224
1927	201
1928	221
1929	163
1930	209
1931	295
1932	166
1933	260
1934	228
1935	239
1936	229
1937	221
1938	207
1939	277
1940	290
1941	200
1942	175
1943	235
1944	210
1945	186
1946	201
1947	200
1948	309
1949	273
1950	274
1951	243
1952	260
1953	238
1954	232
1955	262
1956	291
1957	145
1958	193
1959	182
1960	170
1961	207
1962	224
1963	187
1964	276
1965	201
1966	211
1967	179
1968	194
1969	265
1970	299
1971	217
1972	206
1973	263
1974	196
1975	193
1976	272
1977	238
1978	210
1979	210
1980	214
1981	217
1982	169
1983	177
1984	160
1985	266
1986	310
1987	238
1988	218
1989	167
1990	187
1991	241
1992	265
1993	252
1994	212
1995	230
1996	225
1997	307
1998	230
1999	191
2000	209
2001	249
2002	246
2003	477
2004	541
2005	286
2006	182
2007	133
2008	248
2009	214
2010	224
2011	260
2012	317
2013	198
2014	257
2015	218
2016	242
2017	210
2018	236
2019	151
2020	179
2021	283
2022	427
2023	290
2024	242
2025	187
2026	185
2027	168
2028	206
2029	195
2030	217
2031	210
2032	177
2033	163
2034	186
2035	169
2036	209
2037	140
2038	173
2039	123
2040	144
2041	183
2042	229
2043	300
2044	209
2045	132
2046	140
2047	95
