Instrument: Andor
X Size: 2048
Y Size: 64
Total Flux: 0.000
Total Counts: 460833
Background: 314.000000
Curvature: 0.0
Clipped to ROI: No
ROI: 1309 526 2539 1627
X	Counts
0	91
1	130
2	109
3	117
4	91
5	96
6	96
7	92
8	101
9	134
10	102
11	114
12	112
13	116
14	80
15	86
16	111
17	103
18	115
19	78
20	99
21	105
22	117
23	93
24	88
25	75
26	94
27	77
28	107
29	92
30	81
31	103
32	83
33	92
34	131
35	86
36	82
37	114
38	130
39	81
40	71
41	95
42	96
43	97
44	134
45	85
46	74
47	64
48	115
49	129
50	95
51	179
52	123
53	108
54	91
55	91
56	103
57	124
58	124
59	136
60	82
61	101
62	174
63	99
64	126
65	84
66	109
67	176
68	99
69	100
70	115
71	111
72	96
73	132
74	90
75	193
76	160
77	137
78	131
79	138
80	150
81	179
82	310
83	140
84	121
85	67
86	75
87	119
88	105
89	84
90	126
91	146
92	107
93	238
94	180
95	125
96	155
97	136
98	211
99	162
100	111
101	78
102	92
103	82
104	91
105	86
106	124
107	88
108	155
109	98
110	170
111	130
112	74
113	103
114	110
115	109
116	114
117	100
118	118
119	116
120	93
121	105
122	108
123	130
124	115
125	79
126	104
127	102
128	75
129	116
130	123
131	79
132	137
133	175
134	160
135	152
136	130
137	118
138	229
139	126
140	103
141	147
142	136
143	104
144	60
145	126
146	121
147	114
148	95
149	79
150	116
151	88
152	84
153	112
154	117
155	116
156	94
157	83
158	91
159	148
160	146
161	155
162	107
163	76
164	110
165	101
166	129
167	125
168	139
169	104
170	82
171	94
172	142
173	90
174	142
175	150
176	69
177	123
178	94
179	125
180	158
181	149
182	196
183	149
184	123
185	118
186	116
187	106
188	111
189	101
190	113
191	89
192	109
193	110
194	106
195	136
196	74
197	75
198	85
199	90
200	90
201	95
202	129
203	87
204	56
205	92
206	104
207	94
208	114
209	105
210	95
211	110
212	135
213	171
214	114
215	56
216	97
217	77
218	158
219	96
220	148
221	114
222	105
223	106
224	93
225	92
226	222
227	184
228	90
229	99
230	97
231	110
232	96
233	113
234	80
235	92
236	80
237	126
238	132
239	108
240	121
241	93
242	182
243	103
244	128
245	122
246	103
247	113
248	98
249	104
250	126
251	97
252	87
253	103
254	150
255	110
256	73
257	84
258	89
259	110
260	84
261	147
262	89
263	80
264	85
265	93
266	154
267	96
268	106
269	96
270	143
271	132
272	157
273	193
274	200
275	227
276	92
277	61
278	290
279	412
280	111
281	137
282	81
283	94
284	86
285	105
286	106
287	118
288	84
289	100
290	139
291	66
292	64
293	119
294	135
295	117
296	103
297	99
298	90
299	70
300	102
301	97
302	81
303	105
304	113
305	126
306	152
307	124
308	121
309	146
310	92
311	111
312	104
313	79
314	104
315	78
316	138
317	74
318	208
319	129
320	131
321	117
322	108
323	91
324	73
325	144
326	106
327	191
328	181
329	185
330	135
331	158
332	109
333	185
334	157
335	225
336	210
337	99
338	142
339	132
340	224
341	177
342	134
343	190
344	128
345	141
346	181
347	101
348	137
349	98
350	154
351	119
352	113
353	101
354	110
355	103
356	113
357	98
358	108
359	80
360	115
361	123
362	176
363	108
364	127
365	131
366	89
367	117
368	104
369	129
370	98
371	100
372	101
373	80
374	119
375	114
376	104
377	87
378	95
379	137
380	115
381	79
382	133
383	101
384	68
385	72
386	119
387	136
388	128
389	86
390	76
391	123
392	120
393	109
394	107
395	111
396	121
397	86
398	147
399	122
400	108
401	118
402	124
403	133
404	129
405	119
406	142
407	95
408	89
409	94
410	133
411	104
412	111
413	108
414	125
415	109
416	141
417	147
418	252
419	142
420	95
421	103
422	114
423	116
424	160
425	190
426	158
427	149
428	111
429	155
430	81
431	82
432	106
433	119
434	154
435	137
436	96
437	109
438	114
439	101
440	83
441	99
442	109
443	89
444	113
445	133
446	172
447	131
448	197
449	107
450	113
451	116
452	81
453	103
454	122
455	117
456	97
457	127
458	146
459	135
460	133
461	130
462	86
463	142
464	153
465	153
466	175
467	241
468	153
469	198
470	161
471	122
472	135
473	142
474	137
475	86
476	104
477	109
478	148
479	137
480	109
481	98
482	128
483	141
484	136
485	87
486	103
487	104
488	118
489	115
490	81
491	103
492	136
493	141
494	113
495	114
496	114
497	86
498	127
499	171
500	88
501	145
502	143
503	134
504	188
505	285
506	165
507	132
508	144
509	108
510	113
511	153
512	106
513	101
514	100
515	89
516	89
517	73
518	87
519	105
520	104
521	131
522	124
523	123
524	140
525	134
526	119
527	100
528	133
529	181
530	321
531	165
532	172
533	279
534	218
535	197
536	121
537	86
538	133
539	124
540	104
541	135
542	109
543	144
544	85
545	99
546	110
547	131
548	134
549	122
550	125
551	126
552	136
553	97
554	168
555	169
556	351
557	282
558	162
559	138
560	146
561	116
562	103
563	105
564	152
565	110
566	91
567	75
568	145
569	115
570	132
571	136
572	143
573	114
574	134
575	172
576	223
577	154
578	87
579	114
580	205
581	171
582	166
583	121
584	83
585	136
586	114
587	103
588	124
589	100
590	123
591	78
592	95
593	78
594	100
595	109
596	122
597	131
598	93
599	133
600	287
601	195
602	178
603	145
604	107
605	176
606	246
607	208
608	126
609	156
610	148
611	147
612	103
613	108
614	120
615	74
616	110
617	148
618	99
619	123
620	125
621	113
622	123
623	113
624	119
625	96
626	117
627	135
628	117
629	115
630	147
631	138
632	133
633	100
634	129
635	131
636	386
637	396
638	281
639	165
640	101
641	125
642	134
643	141
644	110
645	133
646	107
647	124
648	117
649	144
650	249
651	334
652	256
653	197
654	142
655	232
656	198
657	176
658	264
659	204
660	310
661	472
662	208
663	135
664	136
665	221
666	306
667	666
668	429
669	496
670	446
671	335
672	224
673	191
674	197
675	401
676	459
677	194
678	184
679	158
680	191
681	181
682	141
683	137
684	583
685	358
686	130
687	138
688	326
689	418
690	508
691	513
692	217
693	125
694	139
695	177
696	258
697	125
698	173
699	130
700	117
701	142
702	91
703	128
704	130
705	136
706	103
707	221
708	208
709	185
710	142
711	73
712	161
713	86
714	160
715	157
716	182
717	166
718	139
719	86
720	117
721	144
722	145
723	106
724	136
725	146
726	143
727	104
728	100
729	125
730	119
731	78
732	97
733	83
734	98
735	118
736	192
737	233
738	128
739	170
740	160
741	152
742	195
743	121
744	163
745	97
746	153
747	137
748	156
749	115
750	101
751	105
752	122
753	115
754	137
755	124
756	94
757	175
758	168
759	448
760	194
761	120
762	99
763	138
764	149
765	163
766	83
767	78
768	146
769	174
770	175
771	162
772	161
773	270
774	167
775	156
776	245
777	129
778	109
779	106
780	137
781	194
782	119
783	206
784	126
785	152
786	217
787	167
788	147
789	117
790	144
791	155
792	90
793	151
794	140
795	186
796	109
797	115
798	121
799	87
800	133
801	142
802	150
803	118
804	129
805	148
806	123
807	128
808	160
809	149
810	174
811	196
812	181
813	192
814	279
815	207
816	162
817	114
818	127
819	158
820	163
821	142
822	168
823	173
824	383
825	192
826	135
827	117
828	84
829	138
830	131
831	138
832	119
833	130
834	147
835	175
836	173
837	138
838	125
839	132
840	150
841	170
842	192
843	149
844	307
845	311
846	152
847	133
848	153
849	124
850	122
851	152
852	151
853	169
854	206
855	154
856	201
857	183
858	164
859	150
860	110
861	129
862	151
863	171
864	155
865	152
866	176
867	151
868	108
869	212
870	136
871	137
872	171
873	99
874	214
875	215
876	180
877	156
878	70
879	111
880	152
881	169
882	145
883	153
884	117
885	127
886	149
887	105
888	128
889	222
890	244
891	201
892	190
893	154
894	208
895	216
896	118
897	167
898	121
899	156
900	163
901	133
902	178
903	234
904	243
905	207
906	146
907	152
908	141
909	126
910	153
911	192
912	183
913	82
914	105
915	180
916	185
917	125
918	162
919	168
920	170
921	126
922	166
923	120
924	255
925	206
926	111
927	181
928	156
929	166
930	113
931	122
932	103
933	120
934	147
935	179
936	168
937	129
938	152
939	113
940	188
941	164
942	318
943	199
944	180
945	168
946	178
947	148
948	129
949	122
950	203
951	159
952	195
953	156
954	136
955	114
956	152
957	122
958	158
959	167
960	189
961	238
962	133
963	163
964	122
965	125
966	151
967	166
968	207
969	299
970	247
971	120
972	149
973	158
974	125
975	155
976	152
977	200
978	170
979	154
980	118
981	157
982	192
983	148
984	149
985	115
986	156
987	96
988	130
989	239
990	149
991	176
992	101
993	147
994	84
995	117
996	190
997	145
998	141
999	221
1000	188
1001	154
1002	110
1003	139
1004	161
1005	127
1006	144
1007	239
1008	172
1009	146
1010	157
1011	240
1012	119
1013	125
1014	144
1015	155
1016	175
1017	207
1018	204
1019	218
1020	169
1021	172
1022	153
1023	141
1024	216
1025	362
1026	289
1027	205
1028	191
1029	144
1030	138
1031	263
1032	179
1033	186
1034	102
1035	147
1036	161
1037	135
1038	111
1039	166
1040	186
1041	132
1042	235
1043	139
1044	123
1045	124
1046	155
1047	192
1048	123
1049	128
1050	147
1051	140
1052	195
1053	191
1054	101
1055	153
1056	172
1057	174
1058	127
1059	249
1060	209
1061	166
1062	145
1063	157
1064	174
1065	107
1066	157
1067	155
1068	168
1069	168
1070	154
1071	175
1072	203
1073	179
1074	175
1075	170
1076	114
1077	187
1078	164
1079	169
1080	145
1081	136
1082	158
1083	160
1084	230
1085	160
1086	152
1087	114
1088	174
1089	197
1090	223
1091	143
1092	155
1093	154
1094	152
1095	218
1096	209
1097	275
1098	385
1099	238
1100	249
1101	305
1102	195
1103	139
1104	275
1105	222
1106	174
1107	171
1108	245
1109	285
1110	243
1111	190
1112	175
1113	213
1114	234
1115	214
1116	158
1117	163
1118	144
1119	141
1120	228
1121	264
1122	191
1123	154
1124	191
1125	193
1126	228
1127	196
1128	176
1129	199
1130	189
1131	172
1132	214
1133	143
1134	196
1135	151
1136	219
1137	135
1138	170
1139	127
1140	173
1141	160
1142	151
1143	158
1144	180
1145	204
1146	247
1147	272
1148	293
1149	155
1150	176
1151	167
1152	209
1153	252
1154	186
1155	146
1156	188
1157	328
1158	231
1159	172
1160	403
1161	348
1162	257
1163	244
1164	272
1165	363
1166	267
1167	178
1168	255
1169	323
1170	766
1171	593
1172	268
1173	315
1174	643
1175	372
1176	347
1177	675
1178	417
1179	430
1180	428
1181	398
1182	540
1183	732
1184	875
1185	833
1186	817
1187	400
1188	470
1189	355
1190	352
1191	298
1192	679
1193	885
1194	570
1195	523
1196	1246
1197	1190
1198	1756
1199	2600
1200	2057
1201	942
1202	996
1203	1644
1204	2351
1205	2888
1206	2988
1207	3442
1208	2653
1209	2184
1210	2892
1211	2908
1212	2329
1213	2651
1214	3478
1215	4397
1216	5520
1217	4369
1218	3103
1219	2862
1220	2658
1221	2455
1222	1433
1223	911
1224	888
1225	522
1226	708
1227	550
1228	973
1229	851
1230	771
1231	850
1232	639
1233	763
1234	502
1235	396
1236	386
1237	391
1238	234
1239	721
1240	508
1241	376
1242	463
1243	618
1244	464
1245	693
1246	737
1247	351
1248	430
1249	822
1250	515
1251	815
1252	769
1253	542
1254	342
1255	506
1256	933
1257	1240
1258	830
1259	778
1260	826
1261	885
1262	729
1263	688
1264	669
1265	733
1266	719
1267	865
1268	514
1269	569
1270	517
1271	462
1272	542
1273	520
1274	476
1275	495
1276	360
1277	342
1278	540
1279	661
1280	832
1281	520
1282	986
1283	1107
1284	607
1285	250
1286	329
1287	504
1288	328
1289	187
1290	198
1291	356
1292	668
1293	474
1294	509
1295	704
1296	597
1297	272
1298	449
1299	369
1300	266
1301	553
1302	305
1303	406
1304	275
1305	382
1306	395
1307	226
1308	261
1309	243
1310	236
1311	271
1312	172
1313	264
1314	145
1315	185
1316	214
1317	244
1318	219
1319	243
1320	192
1321	194
1322	178
1323	188
1324	177
1325	161
1326	207
1327	269
1328	246
1329	358
1330	174
1331	234
1332	276
1333	222
1334	232
1335	292
1336	165
1337	151
1338	156
1339	197
1340	247
1341	368
1342	243
1343	192
1344	158
1345	186
1346	165
1347	186
1348	169
1349	148
1350	197
1351	208
1352	143
1353	179
1354	170
1355	184
1356	177
1357	204
1358	138
1359	200
1360	273
1361	239
1362	159
1363	160
1364	176
1365	206
1366	198
1367	168
1368	196
1369	172
1370	157
1371	125
1372	193
1373	119
1374	191
1375	199
1376	162
1377	158
1378	148
1379	158
1380	140
1381	129
1382	136
1383	193
1384	156
1385	149
1386	159
1387	197
1388	134
1389	141
1390	147
1391	181
1392	179
1393	174
1394	163
1395	282
1396	179
1397	208
1398	200
1399	136
1400	138
1401	122
1402	189
1403	192
1404	158
1405	122
1406	225
1407	133
1408	170
1409	188
1410	194
1411	202
1412	151
1413	217
1414	197
1415	108
1416	182
1417	146
1418	230
1419	301
1420	208
1421	241
1422	197
1423	154
1424	215
1425	191
1426	188
1427	172
1428	168
1429	236
1430	334
1431	218
1432	164
1433	131
1434	199
1435	163
1436	164
1437	180
1438	146
1439	190
1440	174
1441	158
1442	199
1443	165
1444	172
1445	177
1446	179
1447	253
1448	197
1449	187
1450	176
1451	207
1452	153
1453	151
1454	143
1455	189
1456	209
1457	149
1458	151
1459	192
1460	168
1461	242
1462	354
1463	347
1464	237
1465	158
1466	183
1467	182
1468	169
1469	197
1470	146
1471	176
1472	170
1473	176
1474	198
1475	203
1476	197
1477	140
1478	218
1479	210
1480	226
1481	352
1482	176
1483	217
1484	159
1485	136
1486	200
1487	127
1488	226
1489	124
1490	209
1491	223
1492	217
1493	191
1494	169
1495	188
1496	161
1497	210
1498	135
1499	218
1500	198
1501	178
1502	170
1503	180
1504	220
1505	178
1506	212
1507	210
1508	219
1509	200
1510	162
1511	217
1512	147
1513	180
1514	265
1515	227
1516	200
1517	254
1518	238
1519	213
1520	177
1521	157
1522	203
1523	213
1524	244
1525	150
1526	145
1527	161
1528	188
1529	183
1530	252
1531	191
1532	182
1533	185
1534	154
1535	166
1536	146
1537	175
1538	136
1539	208
1540	232
1541	239
1542	158
1543	171
1544	198
1545	199
1546	252
1547	196
1548	138
1549	200
1550	208
1551	156
1552	148
1553	200
1554	221
1555	180
1556	183
1557	191
1558	499
1559	257
1560	208
1561	208
1562	212
1563	222
1564	183
1565	193
1566	161
1567	176
1568	221
1569	275
1570	231
1571	231
1572	171
1573	240
1574	188
1575	153
1576	162
1577	212
1578	199
1579	207
1580	171
1581	185
1582	189
1583	190
1584	142
1585	170
1586	191
1587	214
1588	160
1589	184
1590	133
1591	153
1592	196
1593	157
1594	221
1595	239
1596	258
1597	347
1598	215
1599	223
1600	236
1601	171
1602	194
1603	264
1604	213
1605	208
1606	133
1607	198
1608	175
1609	207
1610	288
1611	206
1612	196
1613	204
1614	165
1615	147
1616	160
1617	185
1618	188
1619	156
1620	187
1621	168
1622	175
1623	143
1624	222
1625	208
1626	189
1627	224
1628	187
1629	154
1630	231
1631	163
1632	188
1633	192
1634	174
1635	165
1636	166
1637	173
1638	237
1639	191
1640	215
1641	195
1642	201
1643	191
1644	143
1645	217
1646	192
1647	186
1648	130
1649	240
1650	220
1651	176
1652	221
1653	163
1654	175
1655	218
1656	194
1657	169
1658	183
1659	219
1660	200
1661	190
1662	184
1663	200
1664	286
1665	194
1666	242
1667	220
1668	213
1669	203
1670	218
1671	193
1672	291
1673	233
1674	172
1675	149
1676	192
1677	188
1678	158
1679	170
1680	187
1681	259
1682	181
1683	183
1684	196
1685	199
1686	186
1687	219
1688	206
1689	214
1690	172
1691	197
1692	226
1693	200
1694	202
1695	220
1696	283
1697	152
1698	206
1699	210
1700	182
1701	148
1702	178
1703	193
1704	158
1705	165
1706	207
1707	171
1708	243
1709	165
1710	177
1711	159
1712	191
1713	203
1714	349
1715	261
1716	230
1717	219
1718	162
1719	235
1720	220
1721	191
1722	184
1723	214
1724	150
1725	240
1726	175
1727	167
1728	207
1729	158
1730	305
1731	222
1732	205
1733	187
1734	199
1735	224
1736	213
1737	257
1738	293
1739	253
1740	229
1741	175
1742	247
1743	165
1744	203
1745	145
1746	180
1747	165
1748	206
1749	216
1750	239
1751	232
1752	190
1753	204
1754	183
1755	202
1756	169
1757	189
1758	221
1759	209
1760	181
1761	221
1762	234
1763	168
1764	216
1765	187
1766	219
1767	154
1768	170
1769	294
1770	229
1771	328
1772	367
1773	329
1774	240
1775	216
1776	236
1777	189
1778	186
1779	181
1780	210
1781	194
1782	213
1783	214
1784	185
1785	175
1786	217
1787	179
1788	211
1789	232
1790	193
1791	271
1792	305
1793	243
1794	264
1795	311
1796	368
1797	193
1798	214
1799	218
1800	218
1801	177
1802	226
1803	167
1804	197
1805	226
1806	210
1807	177
1808	216
1809	197
1810	142
1811	233
1812	159
1813	278
1814	276
1815	287
1816	200
1817	302
1818	335
1819	331
1820	312
1821	362
1822	193
1823	221
1824	148
1825	247
1826	199
1827	194
1828	187
1829	213
1830	188
1831	158
1832	236
1833	277
1834	246
1835	273
1836	264
1837	177
1838	190
1839	244
1840	231
1841	196
1842	180
1843	202
1844	273
1845	205
1846	198
1847	235
1848	195
1849	260
1850	238
1851	223
1852	161
1853	156
1854	233
1855	203
1856	266
1857	202
1858	230
1859	192
1860	245
1861	220
1862	199
1863	164
1864	205
1865	236
1866	160
1867	187
1868	245
1869	244
1870	269
1871	321
1872	195
1873	236
1874	202
1875	180
1876	181
1877	173
1878	219
1879	204
1880	215
1881	187
1882	240
1883	279
1884	196
1885	216
1886	198
1887	222
1888	257
1889	199
1890	232
1891	222
1892	292
1893	192
1894	249
1895	249
1896	239
1897	204
1898	243
1899	252
1900	246
1901	229
1902	188
1903	222
1904	184
1905	200
1906	212
1907	165
1908	218
1909	224
1910	234
1911	260
1912	198
1913	228
1914	229
1915	233
1916	222
1917	310
1918	207
1919	208
1920	208
1921	279
1922	219
1923	227
1924	185
1925	184
1926	192
1927	231
1928	267
1929	274
1930	241
1931	196
1932	248
1933	199
1934	245
1935	359
1936	279
1937	225
1938	273
1939	297
1940	216
1941	226
1942	190
1943	229
1944	233
1945	323
1946	241
1947	368
1948	314
1949	211
1950	248
1951	246
1952	215
1953	275
1954	273
1955	260
1956	406
1957	431
1958	364
1959	301
1960	193
1961	309
1962	397
1963	379
1964	210
1965	239
1966	253
1967	163
1968	222
1969	347
1970	349
1971	282
1972	180
1973	291
1974	211
1975	269
1976	223
1977	196
1978	315
1979	241
1980	450
1981	296
1982	218
1983	176
1984	195
1985	230
1986	265
1987	245
1988	204
1989	200
1990	286
1991	225
1992	212
1993	191
1994	263
1995	200
1996	255
1997	229
1998	253
1999	210
2000	199
2001	293
2002	230
2003	285
2004	232
2005	288
2006	234
2007	194
2008	244
2009	248
2010	231
2011	232
2012	219
2013	180
2014	176
2015	242
2016	207
2017	234
2018	175
2019	203
2020	175
2021	234
2022	211
2023	284
2024	548
2025	393
2026	248
2027	295
2028	201
2029	173
2030	195
2031	136
2032	204
2033	128
2034	209
2035	236
2036	325
2037	346
2038	250
2039	264
2040	200
2041	115
2042	195
2043	204
2044	300
2045	200
2046	307
2047	138
