Instrument: Andor
X Size: 2048
Y Size: 64
Total Flux: 0.000
Total Counts: 376708
Background: 315.000000
Curvature: 0.0
Clipped to ROI: No
ROI: 1309 526 2539 1627
X	Counts
0	92
1	86
2	93
3	92
4	80
5	45
6	58
7	66
8	80
9	52
10	52
11	46
12	67
13	41
14	94
15	109
16	89
17	96
18	78
19	51
20	73
21	65
22	51
23	59
24	84
25	53
26	68
27	63
28	85
29	92
30	65
31	75
32	64
33	81
34	90
35	79
36	68
37	66
38	77
39	83
40	63
41	71
42	88
43	90
44	83
45	64
46	99
47	69
48	79
49	109
50	71
51	113
52	63
53	73
54	88
55	55
56	66
57	52
58	76
59	46
60	96
61	56
62	56
63	65
64	65
65	72
66	144
67	72
68	41
69	66
70	75
71	107
72	43
73	79
74	166
75	57
76	86
77	91
78	78
79	128
80	70
81	75
82	68
83	83
84	82
85	105
86	70
87	52
88	69
89	80
90	71
91	86
92	62
93	59
94	94
95	72
96	90
97	56
98	77
99	44
100	80
101	84
102	86
103	57
104	59
105	94
106	94
107	70
108	70
109	66
110	74
111	77
112	59
113	71
114	54
115	87
116	58
117	76
118	107
119	150
120	93
121	68
122	61
123	88
124	68
125	92
126	88
127	76
128	98
129	60
130	69
131	85
132	80
133	83
134	109
135	67
136	58
137	63
138	103
139	77
140	100
141	58
142	48
143	97
144	60
145	99
146	87
147	79
148	84
149	69
150	112
151	88
152	99
153	101
154	68
155	87
156	75
157	113
158	124
159	139
160	90
161	102
162	108
163	108
164	169
165	167
166	150
167	145
168	60
169	54
170	80
171	50
172	72
173	84
174	33
175	86
176	71
177	59
178	101
179	70
180	61
181	81
182	81
183	87
184	51
185	85
186	60
187	84
188	127
189	85
190	105
191	102
192	155
193	40
194	113
195	79
196	35
197	68
198	66
199	34
200	82
201	49
202	58
203	76
204	77
205	54
206	42
207	98
208	68
209	111
210	75
211	59
212	78
213	113
214	86
215	72
216	45
217	52
218	84
219	38
220	76
221	83
222	71
223	60
224	65
225	117
226	71
227	80
228	66
229	69
230	103
231	81
232	76
233	50
234	60
235	69
236	57
237	104
238	74
239	61
240	69
241	55
242	85
243	79
244	96
245	51
246	57
247	79
248	68
249	40
250	73
251	83
252	58
253	69
254	56
255	93
256	65
257	172
258	86
259	49
260	84
261	90
262	73
263	61
264	59
265	94
266	80
267	118
268	50
269	69
270	63
271	87
272	93
273	76
274	78
275	61
276	85
277	52
278	100
279	51
280	64
281	48
282	86
283	49
284	77
285	66
286	65
287	115
288	91
289	53
290	62
291	67
292	48
293	83
294	81
295	97
296	52
297	41
298	91
299	68
300	89
301	66
302	51
303	63
304	43
305	77
306	68
307	124
308	68
309	74
310	36
311	59
312	53
313	63
314	110
315	76
316	107
317	59
318	141
319	101
320	81
321	126
322	69
323	85
324	74
325	68
326	85
327	155
328	190
329	106
330	103
331	41
332	92
333	51
334	87
335	87
336	106
337	98
338	93
339	72
340	92
341	61
342	63
343	111
344	38
345	76
346	61
347	39
348	92
349	85
350	88
351	94
352	70
353	127
354	97
355	48
356	71
357	34
358	116
359	62
360	102
361	61
362	117
363	70
364	65
365	98
366	74
367	80
368	52
369	74
370	92
371	66
372	109
373	85
374	78
375	82
376	34
377	90
378	80
379	91
380	61
381	76
382	62
383	59
384	72
385	78
386	90
387	113
388	79
389	70
390	81
391	78
392	54
393	99
394	68
395	74
396	117
397	102
398	178
399	122
400	77
401	85
402	54
403	90
404	61
405	85
406	81
407	79
408	77
409	70
410	92
411	84
412	74
413	72
414	78
415	105
416	71
417	90
418	67
419	69
420	133
421	93
422	72
423	85
424	125
425	96
426	127
427	115
428	91
429	81
430	105
431	78
432	78
433	75
434	93
435	61
436	88
437	78
438	70
439	122
440	101
441	97
442	123
443	87
444	71
445	214
446	291
447	121
448	213
449	289
450	204
451	136
452	245
453	117
454	93
455	89
456	83
457	93
458	70
459	54
460	87
461	69
462	126
463	84
464	96
465	89
466	67
467	89
468	76
469	85
470	85
471	97
472	83
473	90
474	109
475	62
476	72
477	144
478	274
479	170
480	126
481	83
482	82
483	96
484	73
485	50
486	110
487	85
488	77
489	85
490	62
491	79
492	80
493	134
494	115
495	89
496	81
497	128
498	122
499	93
500	101
501	105
502	69
503	106
504	105
505	164
506	73
507	82
508	65
509	74
510	88
511	94
512	87
513	43
514	81
515	113
516	130
517	106
518	61
519	101
520	82
521	60
522	124
523	152
524	134
525	156
526	133
527	75
528	103
529	176
530	75
531	74
532	88
533	86
534	118
535	112
536	100
537	90
538	63
539	79
540	89
541	87
542	102
543	65
544	85
545	84
546	106
547	95
548	101
549	90
550	71
551	70
552	87
553	131
554	132
555	137
556	177
557	176
558	238
559	193
560	145
561	97
562	123
563	68
564	115
565	144
566	169
567	150
568	309
569	359
570	187
571	114
572	133
573	125
574	165
575	206
576	87
577	96
578	90
579	71
580	112
581	110
582	72
583	87
584	189
585	475
586	149
587	90
588	83
589	72
590	126
591	147
592	89
593	111
594	97
595	112
596	157
597	91
598	94
599	138
600	130
601	89
602	83
603	106
604	117
605	102
606	83
607	96
608	96
609	75
610	146
611	112
612	44
613	93
614	89
615	68
616	68
617	101
618	89
619	105
620	95
621	142
622	322
623	126
624	90
625	76
626	95
627	113
628	74
629	106
630	63
631	117
632	81
633	111
634	71
635	140
636	158
637	343
638	231
639	71
640	86
641	100
642	166
643	243
644	179
645	146
646	76
647	140
648	105
649	98
650	171
651	197
652	230
653	196
654	262
655	484
656	495
657	201
658	271
659	571
660	498
661	420
662	532
663	442
664	536
665	283
666	380
667	234
668	118
669	144
670	265
671	254
672	213
673	183
674	433
675	220
676	114
677	87
678	116
679	63
680	145
681	114
682	71
683	95
684	148
685	123
686	121
687	62
688	152
689	60
690	144
691	282
692	234
693	230
694	315
695	435
696	182
697	259
698	488
699	209
700	128
701	251
702	179
703	290
704	193
705	130
706	109
707	170
708	141
709	190
710	106
711	109
712	145
713	67
714	83
715	173
716	444
717	287
718	118
719	69
720	79
721	65
722	135
723	61
724	76
725	105
726	145
727	91
728	134
729	229
730	194
731	118
732	152
733	172
734	180
735	211
736	146
737	112
738	118
739	138
740	169
741	182
742	205
743	105
744	138
745	154
746	197
747	93
748	64
749	98
750	77
751	69
752	90
753	101
754	90
755	114
756	80
757	116
758	137
759	123
760	105
761	98
762	89
763	99
764	103
765	86
766	67
767	86
768	70
769	105
770	99
771	103
772	119
773	70
774	80
775	137
776	144
777	314
778	288
779	174
780	159
781	152
782	92
783	87
784	87
785	118
786	99
787	121
788	78
789	108
790	127
791	111
792	95
793	93
794	93
795	70
796	78
797	91
798	114
799	58
800	104
801	69
802	114
803	137
804	139
805	150
806	136
807	146
808	151
809	106
810	128
811	111
812	88
813	70
814	93
815	52
816	91
817	79
818	148
819	95
820	85
821	109
822	73
823	111
824	95
825	84
826	155
827	98
828	121
829	143
830	103
831	115
832	90
833	105
834	84
835	105
836	105
837	127
838	89
839	86
840	103
841	163
842	326
843	118
844	127
845	105
846	79
847	139
848	126
849	78
850	143
851	150
852	179
853	100
854	119
855	96
856	108
857	210
858	154
859	86
860	104
861	143
862	123
863	119
864	159
865	81
866	78
867	95
868	105
869	119
870	126
871	114
872	159
873	75
874	94
875	89
876	130
877	118
878	78
879	83
880	110
881	116
882	116
883	100
884	119
885	71
886	104
887	107
888	95
889	109
890	179
891	150
892	67
893	70
894	78
895	147
896	133
897	155
898	159
899	148
900	159
901	86
902	95
903	107
904	69
905	121
906	114
907	107
908	105
909	108
910	90
911	90
912	88
913	106
914	104
915	108
916	95
917	127
918	93
919	74
920	110
921	128
922	186
923	138
924	141
925	115
926	96
927	194
928	176
929	112
930	123
931	156
932	128
933	123
934	196
935	99
936	112
937	124
938	96
939	154
940	164
941	156
942	183
943	243
944	186
945	119
946	113
947	114
948	103
949	97
950	123
951	129
952	137
953	129
954	112
955	70
956	163
957	106
958	141
959	80
960	102
961	78
962	142
963	190
964	140
965	94
966	92
967	130
968	180
969	248
970	262
971	119
972	98
973	110
974	68
975	76
976	99
977	90
978	125
979	141
980	119
981	124
982	127
983	104
984	100
985	119
986	100
987	101
988	72
989	146
990	128
991	102
992	112
993	110
994	90
995	93
996	131
997	175
998	123
999	102
1000	130
1001	134
1002	92
1003	123
1004	128
1005	111
1006	93
1007	91
1008	104
1009	98
1010	74
1011	150
1012	119
1013	173
1014	225
1015	93
1016	154
1017	134
1018	117
1019	133
1020	135
1021	123
1022	115
1023	95
1024	103
1025	142
1026	102
1027	162
1028	120
1029	90
1030	116
1031	106
1032	146
1033	159
1034	206
1035	159
1036	119
1037	134
1038	86
1039	92
1040	131
1041	127
1042	160
1043	163
1044	109
1045	98
1046	169
1047	157
1048	181
1049	173
1050	128
1051	179
1052	192
1053	191
1054	103
1055	100
1056	166
1057	64
1058	92
1059	98
1060	134
1061	321
1062	324
1063	176
1064	130
1065	112
1066	215
1067	88
1068	123
1069	77
1070	100
1071	104
1072	172
1073	92
1074	148
1075	121
1076	105
1077	88
1078	92
1079	156
1080	105
1081	167
1082	164
1083	125
1084	137
1085	159
1086	123
1087	183
1088	157
1089	150
1090	124
1091	137
1092	139
1093	166
1094	169
1095	117
1096	117
1097	96
1098	134
1099	77
1100	88
1101	176
1102	206
1103	173
1104	102
1105	115
1106	190
1107	98
1108	132
1109	153
1110	132
1111	103
1112	101
1113	134
1114	103
1115	81
1116	147
1117	90
1118	120
1119	128
1120	137
1121	158
1122	148
1123	179
1124	159
1125	108
1126	154
1127	176
1128	160
1129	170
1130	122
1131	136
1132	161
1133	116
1134	142
1135	158
1136	175
1137	123
1138	179
1139	190
1140	319
1141	258
1142	123
1143	143
1144	139
1145	99
1146	173
1147	116
1148	139
1149	107
1150	91
1151	108
1152	129
1153	76
1154	191
1155	172
1156	129
1157	118
1158	159
1159	164
1160	233
1161	181
1162	228
1163	138
1164	359
1165	238
1166	230
1167	215
1168	176
1169	217
1170	526
1171	376
1172	738
1173	658
1174	369
1175	589
1176	622
1177	1036
1178	1111
1179	811
1180	558
1181	612
1182	716
1183	588
1184	292
1185	697
1186	469
1187	219
1188	231
1189	510
1190	419
1191	321
1192	247
1193	606
1194	684
1195	936
1196	1469
1197	1589
1198	1476
1199	2102
1200	1467
1201	1382
1202	1726
1203	2170
1204	3371
1205	3969
1206	4768
1207	5070
1208	5608
1209	4969
1210	4889
1211	4788
1212	3913
1213	2550
1214	1219
1215	901
1216	886
1217	869
1218	682
1219	323
1220	286
1221	436
1222	557
1223	502
1224	405
1225	632
1226	308
1227	241
1228	376
1229	522
1230	325
1231	265
1232	391
1233	755
1234	534
1235	304
1236	391
1237	531
1238	771
1239	338
1240	376
1241	551
1242	627
1243	491
1244	248
1245	468
1246	994
1247	838
1248	334
1249	363
1250	369
1251	324
1252	324
1253	403
1254	268
1255	387
1256	639
1257	947
1258	999
1259	720
1260	709
1261	908
1262	881
1263	832
1264	667
1265	533
1266	699
1267	527
1268	276
1269	561
1270	610
1271	310
1272	496
1273	531
1274	380
1275	511
1276	560
1277	290
1278	443
1279	412
1280	555
1281	703
1282	836
1283	756
1284	416
1285	510
1286	675
1287	781
1288	872
1289	461
1290	568
1291	323
1292	443
1293	393
1294	267
1295	319
1296	272
1297	257
1298	170
1299	225
1300	336
1301	293
1302	183
1303	168
1304	159
1305	174
1306	241
1307	255
1308	329
1309	154
1310	134
1311	160
1312	106
1313	136
1314	107
1315	176
1316	220
1317	135
1318	169
1319	166
1320	205
1321	167
1322	172
1323	266
1324	217
1325	234
1326	228
1327	216
1328	243
1329	308
1330	214
1331	155
1332	242
1333	269
1334	283
1335	319
1336	130
1337	163
1338	135
1339	94
1340	120
1341	129
1342	182
1343	126
1344	125
1345	154
1346	161
1347	128
1348	248
1349	133
1350	200
1351	166
1352	230
1353	214
1354	215
1355	146
1356	122
1357	129
1358	178
1359	206
1360	275
1361	171
1362	153
1363	101
1364	124
1365	126
1366	166
1367	112
1368	102
1369	161
1370	196
1371	289
1372	147
1373	149
1374	127
1375	103
1376	106
1377	125
1378	212
1379	205
1380	233
1381	161
1382	112
1383	123
1384	129
1385	139
1386	109
1387	122
1388	129
1389	106
1390	116
1391	165
1392	155
1393	139
1394	116
1395	93
1396	139
1397	157
1398	124
1399	169
1400	217
1401	177
1402	135
1403	136
1404	129
1405	155
1406	144
1407	141
1408	113
1409	155
1410	125
1411	83
1412	83
1413	139
1414	106
1415	113
1416	148
1417	118
1418	150
1419	206
1420	318
1421	122
1422	118
1423	131
1424	152
1425	110
1426	116
1427	100
1428	107
1429	215
1430	193
1431	117
1432	102
1433	69
1434	153
1435	125
1436	157
1437	144
1438	114
1439	158
1440	165
1441	111
1442	120
1443	140
1444	142
1445	139
1446	132
1447	152
1448	172
1449	142
1450	171
1451	227
1452	230
1453	160
1454	149
1455	138
1456	106
1457	166
1458	163
1459	139
1460	117
1461	139
1462	145
1463	74
1464	145
1465	136
1466	117
1467	109
1468	138
1469	154
1470	111
1471	89
1472	115
1473	133
1474	123
1475	206
1476	256
1477	133
1478	203
1479	182
1480	123
1481	153
1482	171
1483	159
1484	121
1485	61
1486	135
1487	116
1488	141
1489	99
1490	156
1491	143
1492	128
1493	187
1494	135
1495	199
1496	163
1497	179
1498	148
1499	120
1500	181
1501	158
1502	138
1503	192
1504	147
1505	179
1506	129
1507	164
1508	174
1509	160
1510	138
1511	101
1512	138
1513	136
1514	144
1515	138
1516	117
1517	138
1518	156
1519	115
1520	136
1521	107
1522	181
1523	108
1524	162
1525	197
1526	113
1527	142
1528	148
1529	130
1530	183
1531	120
1532	142
1533	190
1534	90
1535	158
1536	130
1537	95
1538	152
1539	147
1540	92
1541	148
1542	135
1543	118
1544	148
1545	119
1546	124
1547	107
1548	146
1549	128
1550	150
1551	159
1552	99
1553	143
1554	205
1555	150
1556	189
1557	133
1558	203
1559	278
1560	189
1561	122
1562	111
1563	174
1564	140
1565	157
1566	156
1567	192
1568	179
1569	179
1570	192
1571	113
1572	112
1573	155
1574	132
1575	151
1576	143
1577	127
1578	211
1579	144
1580	132
1581	131
1582	171
1583	139
1584	127
1585	185
1586	123
1587	172
1588	249
1589	249
1590	111
1591	151
1592	140
1593	158
1594	128
1595	162
1596	143
1597	142
1598	164
1599	147
1600	151
1601	152
1602	122
1603	106
1604	145
1605	157
1606	96
1607	143
1608	135
1609	189
1610	117
1611	143
1612	107
1613	159
1614	171
1615	177
1616	139
1617	133
1618	200
1619	131
1620	148
1621	125
1622	119
1623	123
1624	164
1625	185
1626	259
1627	183
1628	199
1629	97
1630	153
1631	144
1632	120
1633	148
1634	166
1635	153
1636	126
1637	128
1638	176
1639	180
1640	234
1641	193
1642	157
1643	175
1644	139
1645	148
1646	158
1647	155
1648	145
1649	166
1650	143
1651	159
1652	109
1653	142
1654	129
1655	201
1656	191
1657	156
1658	133
1659	138
1660	165
1661	124
1662	153
1663	158
1664	139
1665	137
1666	146
1667	169
1668	196
1669	173
1670	199
1671	104
1672	180
1673	121
1674	168
1675	160
1676	199
1677	121
1678	111
1679	162
1680	188
1681	152
1682	102
1683	176
1684	153
1685	189
1686	185
1687	202
1688	190
1689	127
1690	158
1691	163
1692	170
1693	129
1694	132
1695	153
1696	119
1697	117
1698	208
1699	182
1700	171
1701	210
1702	178
1703	133
1704	129
1705	141
1706	168
1707	178
1708	178
1709	274
1710	179
1711	179
1712	165
1713	128
1714	131
1715	129
1716	176
1717	184
1718	143
1719	155
1720	184
1721	220
1722	188
1723	186
1724	73
1725	155
1726	172
1727	168
1728	174
1729	152
1730	194
1731	173
1732	143
1733	129
1734	143
1735	161
1736	141
1737	127
1738	176
1739	267
1740	162
1741	195
1742	173
1743	157
1744	164
1745	156
1746	169
1747	156
1748	165
1749	194
1750	144
1751	163
1752	130
1753	151
1754	178
1755	225
1756	125
1757	171
1758	117
1759	171
1760	140
1761	155
1762	162
1763	153
1764	144
1765	147
1766	145
1767	145
1768	168
1769	179
1770	168
1771	157
1772	168
1773	226
1774	209
1775	131
1776	152
1777	188
1778	277
1779	175
1780	165
1781	119
1782	159
1783	160
1784	155
1785	211
1786	141
1787	112
1788	155
1789	169
1790	194
1791	215
1792	196
1793	178
1794	220
1795	164
1796	285
1797	196
1798	217
1799	185
1800	221
1801	249
1802	188
1803	170
1804	136
1805	161
1806	147
1807	166
1808	167
1809	175
1810	145
1811	170
1812	154
1813	177
1814	192
1815	193
1816	158
1817	192
1818	169
1819	206
1820	251
1821	235
1822	213
1823	239
1824	198
1825	206
1826	202
1827	201
1828	173
1829	121
1830	169
1831	158
1832	149
1833	146
1834	140
1835	169
1836	165
1837	156
1838	187
1839	204
1840	184
1841	159
1842	180
1843	170
1844	159
1845	203
1846	148
1847	164
1848	180
1849	212
1850	144
1851	169
1852	130
1853	139
1854	176
1855	171
1856	183
1857	181
1858	177
1859	225
1860	177
1861	204
1862	157
1863	133
1864	175
1865	115
1866	120
1867	161
1868	160
1869	240
1870	240
1871	208
1872	157
1873	178
1874	195
1875	181
1876	319
1877	238
1878	196
1879	189
1880	181
1881	176
1882	150
1883	200
1884	227
1885	272
1886	203
1887	210
1888	200
1889	221
1890	183
1891	143
1892	283
1893	216
1894	307
1895	215
1896	226
1897	162
1898	217
1899	188
1900	169
1901	183
1902	161
1903	243
1904	170
1905	174
1906	173
1907	180
1908	219
1909	230
1910	225
1911	293
1912	266
1913	271
1914	302
1915	320
1916	197
1917	232
1918	219
1919	201
1920	172
1921	181
1922	154
1923	188
1924	153
1925	219
1926	234
1927	210
1928	221
1929	126
1930	247
1931	232
1932	156
1933	177
1934	225
1935	231
1936	214
1937	170
1938	183
1939	244
1940	329
1941	181
1942	165
1943	278
1944	224
1945	136
1946	257
1947	172
1948	194
1949	168
1950	240
1951	200
1952	168
1953	199
1954	220
1955	261
1956	324
1957	385
1958	246
1959	211
1960	180
1961	234
1962	250
1963	226
1964	192
1965	259
1966	280
1967	180
1968	209
1969	203
1970	247
1971	157
1972	214
1973	155
1974	137
1975	215
1976	198
1977	215
1978	288
1979	250
1980	321
1981	171
1982	198
1983	134
1984	174
1985	169
1986	220
1987	253
1988	255
1989	177
1990	178
1991	198
1992	213
1993	141
1994	203
1995	117
1996	190
1997	208
1998	194
1999	179
2000	102
2001	177
2002	185
2003	213
2004	208
2005	208
2006	164
2007	136
2008	171
2009	169
2010	137
2011	195
2012	277
2013	251
2014	230
2015	302
2016	200
2017	158
2018	164
2019	282
2020	161
2021	220
2022	215
2023	89
2024	146
2025	202
2026	101
2027	162
2028	152
2029	155
2030	149
2031	131
2032	190
2033	160
2034	158
2035	137
2036	157
2037	96
2038	165
2039	154
2040	131
2041	108
2042	134
2043	95
2044	123
2045	95
2046	97
2047	92
