Instrument: Andor
X Size: 2048
Y Size: 64
Total Flux: 0.000
Total Counts: 334844
Background: 314.000000
Curvature: 0.0
Clipped to ROI: No
ROI: 1309 526 2539 1627
X	Counts
0	104
1	93
2	114
3	35
4	88
5	44
6	73
7	85
8	54
9	63
10	26
11	91
12	93
13	80
14	66
15	99
16	98
17	72
18	71
19	81
20	104
21	53
22	93
23	75
24	66
25	88
26	62
27	58
28	61
29	57
30	76
31	71
32	64
33	48
34	64
35	70
36	60
37	94
38	63
39	65
40	87
41	58
42	77
43	67
44	60
45	55
46	52
47	77
48	86
49	75
50	108
51	81
52	55
53	102
54	96
55	95
56	90
57	125
58	63
59	80
60	83
61	68
62	75
63	77
64	92
65	94
66	106
67	148
68	131
69	88
70	53
71	73
72	68
73	69
74	79
75	86
76	89
77	77
78	76
79	40
80	69
81	114
82	74
83	92
84	61
85	74
86	47
87	40
88	35
89	46
90	64
91	75
92	50
93	98
94	67
95	49
96	77
97	50
98	81
99	104
100	173
101	128
102	54
103	52
104	66
105	66
106	78
107	80
108	108
109	222
110	68
111	95
112	46
113	75
114	92
115	86
116	90
117	60
118	95
119	77
120	41
121	99
122	73
123	86
124	61
125	68
126	94
127	54
128	56
129	49
130	85
131	115
132	194
133	85
134	69
135	203
136	225
137	91
138	90
139	75
140	87
141	64
142	89
143	30
144	64
145	78
146	63
147	120
148	140
149	75
150	54
151	78
152	146
153	105
154	170
155	147
156	125
157	96
158	87
159	67
160	69
161	66
162	80
163	64
164	69
165	82
166	78
167	70
168	113
169	61
170	60
171	82
172	61
173	71
174	70
175	132
176	104
177	118
178	88
179	59
180	73
181	84
182	82
183	77
184	54
185	121
186	87
187	83
188	112
189	73
190	62
191	77
192	62
193	61
194	91
195	84
196	65
197	93
198	198
199	87
200	93
201	63
202	60
203	44
204	53
205	67
206	64
207	74
208	78
209	84
210	41
211	70
212	57
213	65
214	54
215	60
216	104
217	83
218	81
219	152
220	85
221	54
222	77
223	87
224	59
225	68
226	68
227	105
228	57
229	60
230	93
231	42
232	70
233	89
234	68
235	55
236	73
237	73
238	94
239	65
240	76
241	43
242	58
243	68
244	122
245	175
246	82
247	79
248	109
249	80
250	88
251	50
252	73
253	113
254	94
255	88
256	78
257	46
258	57
259	38
260	66
261	88
262	80
263	49
264	72
265	50
266	51
267	65
268	52
269	72
270	132
271	74
272	90
273	59
274	50
275	57
276	95
277	74
278	59
279	166
280	66
281	126
282	117
283	75
284	53
285	42
286	56
287	65
288	78
289	96
290	66
291	64
292	62
293	34
294	52
295	76
296	59
297	67
298	65
299	54
300	57
301	77
302	107
303	65
304	63
305	64
306	51
307	78
308	49
309	71
310	83
311	55
312	93
313	72
314	75
315	89
316	71
317	76
318	78
319	72
320	35
321	49
322	65
323	62
324	28
325	77
326	93
327	76
328	73
329	84
330	81
331	117
332	133
333	69
334	113
335	64
336	69
337	98
338	84
339	84
340	66
341	72
342	78
343	63
344	85
345	41
346	104
347	58
348	83
349	67
350	82
351	96
352	79
353	70
354	87
355	51
356	57
357	81
358	77
359	66
360	58
361	57
362	72
363	67
364	48
365	86
366	75
367	54
368	80
369	72
370	96
371	55
372	49
373	101
374	106
375	87
376	82
377	85
378	84
379	74
380	54
381	89
382	73
383	120
384	105
385	87
386	104
387	69
388	83
389	57
390	67
391	117
392	61
393	59
394	55
395	62
396	73
397	61
398	82
399	91
400	48
401	74
402	81
403	83
404	109
405	75
406	98
407	72
408	49
409	75
410	100
411	93
412	42
413	63
414	73
415	107
416	93
417	48
418	82
419	84
420	84
421	127
422	89
423	67
424	115
425	62
426	95
427	112
428	190
429	148
430	94
431	66
432	60
433	52
434	99
435	102
436	107
437	44
438	83
439	78
440	69
441	92
442	48
443	91
444	88
445	58
446	96
447	46
448	61
449	66
450	21
451	74
452	86
453	55
454	88
455	72
456	122
457	105
458	149
459	51
460	83
461	78
462	67
463	51
464	65
465	99
466	58
467	102
468	106
469	104
470	51
471	79
472	76
473	127
474	97
475	93
476	224
477	176
478	90
479	64
480	87
481	100
482	85
483	105
484	122
485	61
486	93
487	69
488	74
489	66
490	66
491	119
492	126
493	226
494	76
495	121
496	159
497	129
498	84
499	85
500	81
501	131
502	138
503	86
504	111
505	67
506	90
507	70
508	75
509	64
510	84
511	91
512	138
513	90
514	68
515	76
516	74
517	69
518	43
519	66
520	90
521	149
522	156
523	95
524	67
525	159
526	120
527	123
528	77
529	69
530	81
531	81
532	51
533	74
534	111
535	186
536	114
537	110
538	74
539	103
540	60
541	71
542	90
543	102
544	64
545	98
546	88
547	120
548	100
549	102
550	90
551	77
552	112
553	115
554	113
555	126
556	121
557	111
558	121
559	73
560	125
561	106
562	97
563	81
564	79
565	44
566	81
567	49
568	113
569	54
570	97
571	105
572	80
573	92
574	85
575	98
576	78
577	92
578	75
579	101
580	102
581	53
582	82
583	81
584	103
585	91
586	90
587	51
588	84
589	52
590	85
591	88
592	78
593	95
594	52
595	62
596	89
597	77
598	68
599	82
600	119
601	59
602	77
603	81
604	80
605	66
606	88
607	83
608	79
609	107
610	97
611	156
612	126
613	78
614	106
615	73
616	76
617	59
618	82
619	112
620	69
621	75
622	91
623	104
624	94
625	111
626	95
627	73
628	123
629	217
630	159
631	147
632	72
633	101
634	113
635	122
636	135
637	96
638	94
639	103
640	104
641	204
642	257
643	115
644	95
645	86
646	103
647	61
648	60
649	74
650	174
651	93
652	111
653	277
654	279
655	361
656	248
657	121
658	254
659	170
660	537
661	269
662	230
663	435
664	231
665	153
666	189
667	102
668	152
669	156
670	166
671	155
672	101
673	75
674	99
675	190
676	227
677	427
678	442
679	138
680	226
681	220
682	120
683	114
684	96
685	99
686	149
687	105
688	111
689	70
690	126
691	103
692	71
693	69
694	87
695	72
696	138
697	121
698	142
699	126
700	114
701	80
702	70
703	87
704	88
705	119
706	112
707	92
708	98
709	81
710	98
711	97
712	98
713	77
714	90
715	91
716	73
717	95
718	85
719	85
720	69
721	93
722	101
723	81
724	111
725	157
726	149
727	226
728	198
729	142
730	71
731	82
732	79
733	63
734	118
735	165
736	122
737	132
738	141
739	126
740	79
741	92
742	98
743	80
744	121
745	122
746	184
747	102
748	68
749	92
750	89
751	91
752	79
753	89
754	115
755	99
756	97
757	145
758	160
759	204
760	97
761	114
762	87
763	86
764	112
765	91
766	57
767	79
768	110
769	83
770	87
771	70
772	120
773	125
774	83
775	116
776	95
777	81
778	71
779	77
780	109
781	112
782	66
783	73
784	81
785	82
786	79
787	107
788	62
789	95
790	105
791	87
792	90
793	73
794	133
795	76
796	74
797	134
798	84
799	70
800	115
801	81
802	88
803	91
804	52
805	112
806	83
807	114
808	84
809	74
810	127
811	105
812	104
813	73
814	117
815	82
816	92
817	72
818	82
819	131
820	99
821	133
822	211
823	115
824	76
825	85
826	134
827	117
828	106
829	88
830	99
831	198
832	148
833	135
834	81
835	86
836	105
837	111
838	90
839	112
840	87
841	137
842	120
843	104
844	114
845	89
846	148
847	88
848	94
849	132
850	90
851	83
852	114
853	90
854	98
855	110
856	108
857	100
858	95
859	84
860	149
861	105
862	108
863	132
864	120
865	155
866	138
867	154
868	86
869	93
870	111
871	81
872	103
873	83
874	71
875	93
876	109
877	164
878	145
879	115
880	134
881	89
882	127
883	146
884	79
885	160
886	113
887	104
888	124
889	105
890	108
891	102
892	143
893	158
894	85
895	124
896	79
897	104
898	90
899	90
900	111
901	90
902	84
903	110
904	109
905	121
906	85
907	95
908	87
909	116
910	99
911	112
912	122
913	109
914	110
915	110
916	138
917	88
918	126
919	93
920	117
921	109
922	107
923	79
924	103
925	136
926	84
927	129
928	96
929	126
930	102
931	78
932	108
933	112
934	122
935	118
936	119
937	105
938	115
939	100
940	146
941	230
942	283
943	132
944	110
945	78
946	116
947	109
948	58
949	68
950	84
951	125
952	101
953	101
954	127
955	110
956	94
957	78
958	126
959	122
960	61
961	86
962	163
963	86
964	122
965	94
966	107
967	127
968	126
969	80
970	208
971	124
972	97
973	130
974	124
975	93
976	132
977	114
978	117
979	121
980	100
981	75
982	120
983	88
984	83
985	95
986	132
987	54
988	112
989	160
990	91
991	118
992	117
993	64
994	56
995	96
996	107
997	110
998	188
999	228
1000	120
1001	132
1002	104
1003	99
1004	98
1005	93
1006	109
1007	121
1008	106
1009	125
1010	99
1011	105
1012	143
1013	102
1014	88
1015	138
1016	98
1017	146
1018	187
1019	144
1020	124
1021	121
1022	129
1023	125
1024	118
1025	126
1026	89
1027	104
1028	107
1029	109
1030	102
1031	150
1032	94
1033	109
1034	116
1035	144
1036	194
1037	216
1038	233
1039	170
1040	120
1041	95
1042	136
1043	87
1044	187
1045	119
1046	114
1047	130
1048	114
1049	108
1050	120
1051	96
1052	146
1053	164
1054	100
1055	87
1056	131
1057	142
1058	99
1059	124
1060	148
1061	83
1062	130
1063	150
1064	204
1065	130
1066	151
1067	91
1068	126
1069	123
1070	101
1071	87
1072	109
1073	98
1074	118
1075	104
1076	102
1077	74
1078	80
1079	168
1080	196
1081	222
1082	105
1083	121
1084	128
1085	91
1086	118
1087	76
1088	169
1089	117
1090	197
1091	156
1092	95
1093	165
1094	132
1095	150
1096	116
1097	84
1098	80
1099	97
1100	171
1101	202
1102	172
1103	124
1104	101
1105	102
1106	150
1107	125
1108	113
1109	145
1110	90
1111	152
1112	97
1113	121
1114	145
1115	108
1116	100
1117	161
1118	149
1119	92
1120	131
1121	99
1122	142
1123	152
1124	92
1125	91
1126	157
1127	136
1128	95
1129	155
1130	156
1131	165
1132	149
1133	202
1134	193
1135	153
1136	198
1137	214
1138	197
1139	113
1140	128
1141	98
1142	149
1143	106
1144	160
1145	179
1146	177
1147	192
1148	148
1149	131
1150	134
1151	252
1152	119
1153	94
1154	80
1155	156
1156	164
1157	117
1158	96
1159	113
1160	132
1161	150
1162	169
1163	319
1164	566
1165	261
1166	290
1167	481
1168	173
1169	106
1170	154
1171	132
1172	144
1173	332
1174	462
1175	320
1176	223
1177	201
1178	183
1179	160
1180	262
1181	597
1182	309
1183	171
1184	312
1185	267
1186	374
1187	898
1188	1204
1189	888
1190	409
1191	302
1192	387
1193	460
1194	709
1195	702
1196	564
1197	511
1198	537
1199	849
1200	856
1201	1173
1202	1128
1203	991
1204	1342
1205	1658
1206	1398
1207	1507
1208	1433
1209	2209
1210	1958
1211	1843
1212	1277
1213	1153
1214	1790
1215	1669
1216	1505
1217	1509
1218	1410
1219	1727
1220	2073
1221	2047
1222	2451
1223	2498
1224	2417
1225	1495
1226	751
1227	550
1228	578
1229	704
1230	498
1231	434
1232	798
1233	544
1234	348
1235	438
1236	507
1237	530
1238	426
1239	409
1240	459
1241	425
1242	509
1243	272
1244	388
1245	699
1246	727
1247	596
1248	647
1249	635
1250	756
1251	663
1252	575
1253	393
1254	617
1255	750
1256	696
1257	680
1258	748
1259	482
1260	739
1261	490
1262	210
1263	208
1264	428
1265	590
1266	784
1267	593
1268	282
1269	368
1270	585
1271	357
1272	481
1273	444
1274	734
1275	648
1276	422
1277	645
1278	503
1279	548
1280	766
1281	407
1282	281
1283	325
1284	493
1285	336
1286	379
1287	447
1288	694
1289	326
1290	524
1291	221
1292	156
1293	288
1294	315
1295	257
1296	380
1297	512
1298	714
1299	366
1300	232
1301	497
1302	198
1303	174
1304	144
1305	183
1306	166
1307	127
1308	111
1309	144
1310	232
1311	253
1312	110
1313	156
1314	148
1315	145
1316	198
1317	174
1318	155
1319	177
1320	230
1321	208
1322	244
1323	126
1324	139
1325	162
1326	171
1327	142
1328	153
1329	107
1330	224
1331	233
1332	150
1333	177
1334	137
1335	172
1336	151
1337	158
1338	131
1339	91
1340	93
1341	171
1342	121
1343	141
1344	112
1345	113
1346	167
1347	108
1348	171
1349	131
1350	157
1351	152
1352	124
1353	199
1354	135
1355	173
1356	131
1357	118
1358	141
1359	126
1360	127
1361	125
1362	119
1363	152
1364	166
1365	184
1366	153
1367	191
1368	128
1369	143
1370	114
1371	101
1372	117
1373	160
1374	121
1375	131
1376	98
1377	107
1378	111
1379	119
1380	170
1381	121
1382	132
1383	101
1384	89
1385	113
1386	84
1387	103
1388	151
1389	90
1390	112
1391	105
1392	124
1393	101
1394	129
1395	140
1396	98
1397	167
1398	128
1399	122
1400	178
1401	96
1402	139
1403	99
1404	113
1405	152
1406	90
1407	178
1408	109
1409	111
1410	157
1411	122
1412	159
1413	123
1414	100
1415	116
1416	130
1417	126
1418	149
1419	157
1420	88
1421	130
1422	124
1423	144
1424	188
1425	104
1426	118
1427	170
1428	134
1429	189
1430	158
1431	154
1432	153
1433	127
1434	106
1435	151
1436	141
1437	141
1438	147
1439	131
1440	147
1441	104
1442	156
1443	150
1444	179
1445	156
1446	128
1447	137
1448	146
1449	131
1450	164
1451	191
1452	110
1453	75
1454	129
1455	140
1456	138
1457	191
1458	114
1459	108
1460	120
1461	146
1462	152
1463	121
1464	109
1465	126
1466	101
1467	166
1468	138
1469	135
1470	125
1471	140
1472	138
1473	141
1474	163
1475	160
1476	110
1477	110
1478	153
1479	117
1480	123
1481	118
1482	131
1483	117
1484	169
1485	93
1486	214
1487	108
1488	121
1489	138
1490	180
1491	159
1492	171
1493	352
1494	163
1495	183
1496	107
1497	153
1498	117
1499	139
1500	172
1501	132
1502	115
1503	156
1504	159
1505	164
1506	154
1507	139
1508	159
1509	194
1510	145
1511	121
1512	117
1513	101
1514	152
1515	199
1516	153
1517	136
1518	125
1519	119
1520	154
1521	123
1522	206
1523	137
1524	137
1525	161
1526	157
1527	146
1528	154
1529	117
1530	158
1531	155
1532	142
1533	163
1534	116
1535	172
1536	169
1537	126
1538	217
1539	214
1540	159
1541	152
1542	131
1543	138
1544	169
1545	121
1546	124
1547	159
1548	155
1549	189
1550	183
1551	144
1552	114
1553	135
1554	129
1555	127
1556	139
1557	117
1558	190
1559	120
1560	191
1561	162
1562	175
1563	115
1564	156
1565	157
1566	125
1567	158
1568	126
1569	164
1570	133
1571	177
1572	123
1573	163
1574	120
1575	139
1576	136
1577	129
1578	140
1579	130
1580	130
1581	114
1582	164
1583	132
1584	141
1585	176
1586	118
1587	128
1588	143
1589	134
1590	118
1591	207
1592	126
1593	161
1594	148
1595	183
1596	171
1597	145
1598	156
1599	149
1600	233
1601	156
1602	119
1603	164
1604	197
1605	428
1606	162
1607	136
1608	138
1609	133
1610	143
1611	148
1612	136
1613	113
1614	177
1615	132
1616	141
1617	104
1618	189
1619	119
1620	101
1621	149
1622	124
1623	139
1624	154
1625	139
1626	133
1627	168
1628	176
1629	71
1630	144
1631	137
1632	145
1633	128
1634	232
1635	171
1636	229
1637	214
1638	222
1639	169
1640	150
1641	187
1642	161
1643	161
1644	154
1645	160
1646	149
1647	123
1648	141
1649	118
1650	119
1651	130
1652	120
1653	149
1654	137
1655	242
1656	300
1657	261
1658	190
1659	158
1660	135
1661	168
1662	257
1663	138
1664	176
1665	181
1666	247
1667	178
1668	146
1669	181
1670	150
1671	172
1672	167
1673	169
1674	145
1675	164
1676	159
1677	154
1678	95
1679	137
1680	196
1681	203
1682	154
1683	156
1684	124
1685	162
1686	145
1687	136
1688	177
1689	113
1690	140
1691	155
1692	85
1693	132
1694	173
1695	181
1696	169
1697	131
1698	142
1699	139
1700	112
1701	127
1702	179
1703	260
1704	192
1705	151
1706	226
1707	197
1708	151
1709	170
1710	175
1711	154
1712	158
1713	169
1714	175
1715	210
1716	345
1717	204
1718	153
1719	190
1720	389
1721	196
1722	141
1723	144
1724	94
1725	162
1726	145
1727	169
1728	138
1729	149
1730	170
1731	167
1732	112
1733	124
1734	136
1735	161
1736	148
1737	186
1738	145
1739	134
1740	161
1741	156
1742	170
1743	200
1744	255
1745	183
1746	198
1747	191
1748	181
1749	163
1750	141
1751	167
1752	115
1753	137
1754	189
1755	146
1756	165
1757	118
1758	205
1759	198
1760	205
1761	165
1762	153
1763	176
1764	203
1765	204
1766	194
1767	160
1768	170
1769	157
1770	126
1771	163
1772	150
1773	225
1774	233
1775	172
1776	138
1777	132
1778	205
1779	153
1780	120
1781	177
1782	176
1783	153
1784	181
1785	217
1786	136
1787	153
1788	149
1789	168
1790	143
1791	188
1792	187
1793	136
1794	139
1795	166
1796	146
1797	200
1798	170
1799	136
1800	157
1801	135
1802	208
1803	145
1804	128
1805	207
1806	159
1807	144
1808	140
1809	153
1810	142
1811	141
1812	178
1813	168
1814	204
1815	191
1816	154
1817	185
1818	154
1819	180
1820	167
1821	158
1822	133
1823	204
1824	181
1825	173
1826	155
1827	165
1828	186
1829	175
1830	148
1831	213
1832	137
1833	191
1834	135
1835	175
1836	164
1837	172
1838	163
1839	167
1840	131
1841	140
1842	222
1843	214
1844	197
1845	271
1846	152
1847	165
1848	207
1849	202
1850	205
1851	151
1852	124
1853	128
1854	187
1855	237
1856	192
1857	162
1858	211
1859	203
1860	235
1861	162
1862	176
1863	162
1864	193
1865	97
1866	147
1867	160
1868	238
1869	256
1870	237
1871	277
1872	172
1873	209
1874	140
1875	157
1876	173
1877	218
1878	197
1879	142
1880	170
1881	171
1882	140
1883	173
1884	198
1885	177
1886	161
1887	137
1888	208
1889	259
1890	166
1891	208
1892	188
1893	146
1894	185
1895	181
1896	199
1897	162
1898	231
1899	219
1900	217
1901	176
1902	159
1903	194
1904	169
1905	148
1906	218
1907	167
1908	140
1909	197
1910	173
1911	156
1912	126
1913	194
1914	289
1915	430
1916	199
1917	184
1918	163
1919	211
1920	177
1921	212
1922	160
1923	152
1924	165
1925	208
1926	181
1927	190
1928	187
1929	161
1930	176
1931	189
1932	146
1933	197
1934	222
1935	297
1936	239
1937	200
1938	208
1939	275
1940	263
1941	160
1942	182
1943	179
1944	179
1945	219
1946	235
1947	225
1948	222
1949	236
1950	306
1951	173
1952	170
1953	219
1954	225
1955	225
1956	273
1957	224
1958	182
1959	179
1960	149
1961	221
1962	185
1963	219
1964	184
1965	139
1966	228
1967	338
1968	438
1969	219
1970	231
1971	213
1972	169
1973	203
1974	235
1975	236
1976	168
1977	180
1978	154
1979	205
1980	175
1981	186
1982	163
1983	125
1984	112
1985	238
1986	246
1987	380
1988	224
1989	192
1990	219
1991	186
1992	179
1993	244
1994	239
1995	213
1996	174
1997	211
1998	188
1999	215
2000	152
2001	199
2002	185
2003	184
2004	140
2005	205
2006	243
2007	127
2008	194
2009	186
2010	169
2011	134
2012	210
2013	191
2014	163
2015	164
2016	141
2017	196
2018	146
2019	167
2020	140
2021	156
2022	250
2023	146
2024	129
2025	141
2026	133
2027	207
2028	165
2029	232
2030	192
2031	184
2032	143
2033	92
2034	142
2035	134
2036	207
2037	121
2038	123
2039	137
2040	131
2041	117
2042	202
2043	174
2044	170
2045	103
2046	83
2047	85
