Instrument: Andor
X Size: 2048
Y Size: 64
Total Flux: 0.000
Total Counts: 295619
Background: 316.000000
Curvature: 0.0
Clipped to ROI: No
ROI: 1309 526 2539 1627
X	Counts
0	56
1	126
2	87
3	113
4	71
5	113
6	109
7	84
8	116
9	94
10	75
11	86
12	89
13	104
14	56
15	121
16	98
17	125
18	94
19	98
20	73
21	64
22	65
23	99
24	75
25	88
26	65
27	58
28	76
29	84
30	109
31	72
32	78
33	90
34	82
35	57
36	56
37	53
38	113
39	87
40	81
41	77
42	102
43	128
44	100
45	86
46	98
47	50
48	66
49	97
50	74
51	91
52	62
53	93
54	97
55	105
56	79
57	57
58	92
59	68
60	68
61	62
62	82
63	97
64	116
65	65
66	80
67	73
68	84
69	88
70	67
71	103
72	101
73	90
74	88
75	75
76	132
77	88
78	82
79	90
80	82
81	90
82	113
83	99
84	84
85	107
86	112
87	48
88	73
89	79
90	93
91	92
92	54
93	61
94	102
95	86
96	86
97	79
98	76
99	105
100	83
101	103
102	80
103	73
104	87
105	86
106	95
107	49
108	73
109	110
110	84
111	67
112	73
113	86
114	85
115	89
116	128
117	70
118	96
119	124
120	83
121	91
122	99
123	77
124	101
125	76
126	48
127	78
128	56
129	91
130	103
131	82
132	108
133	89
134	78
135	67
136	98
137	56
138	104
139	68
140	95
141	108
142	98
143	93
144	100
145	108
146	88
147	85
148	79
149	64
150	71
151	99
152	100
153	83
154	107
155	111
156	101
157	65
158	66
159	99
160	69
161	85
162	152
163	105
164	100
165	142
166	89
167	118
168	92
169	67
170	78
171	124
172	103
173	62
174	70
175	112
176	90
177	64
178	60
179	58
180	83
181	96
182	86
183	60
184	106
185	88
186	102
187	122
188	136
189	86
190	87
191	79
192	89
193	62
194	70
195	74
196	64
197	71
198	61
199	52
200	58
201	55
202	69
203	81
204	64
205	53
206	88
207	71
208	51
209	79
210	86
211	88
212	77
213	48
214	45
215	94
216	74
217	123
218	54
219	118
220	71
221	73
222	47
223	114
224	49
225	75
226	87
227	74
228	106
229	111
230	89
231	95
232	61
233	104
234	88
235	70
236	138
237	117
238	138
239	123
240	138
241	95
242	89
243	43
244	75
245	72
246	73
247	85
248	53
249	85
250	89
251	70
252	81
253	105
254	93
255	80
256	70
257	101
258	38
259	82
260	85
261	123
262	60
263	66
264	52
265	75
266	78
267	103
268	106
269	113
270	108
271	110
272	121
273	103
274	71
275	55
276	69
277	88
278	71
279	68
280	43
281	93
282	106
283	83
284	69
285	73
286	65
287	99
288	59
289	84
290	63
291	71
292	84
293	99
294	69
295	83
296	121
297	92
298	69
299	85
300	82
301	76
302	87
303	59
304	94
305	73
306	58
307	67
308	63
309	63
310	73
311	71
312	65
313	68
314	72
315	105
316	70
317	83
318	85
319	60
320	86
321	69
322	58
323	94
324	99
325	98
326	65
327	67
328	102
329	73
330	119
331	78
332	65
333	74
334	66
335	90
336	115
337	51
338	56
339	100
340	94
341	71
342	83
343	80
344	48
345	77
346	101
347	78
348	92
349	71
350	94
351	81
352	100
353	57
354	70
355	66
356	94
357	53
358	94
359	91
360	96
361	88
362	123
363	75
364	102
365	77
366	59
367	87
368	65
369	37
370	69
371	117
372	77
373	67
374	106
375	86
376	61
377	72
378	66
379	108
380	105
381	96
382	78
383	55
384	68
385	86
386	87
387	87
388	75
389	60
390	89
391	78
392	85
393	109
394	132
395	82
396	64
397	49
398	112
399	94
400	64
401	89
402	76
403	85
404	102
405	76
406	77
407	125
408	49
409	132
410	90
411	71
412	94
413	78
414	96
415	103
416	106
417	77
418	83
419	65
420	83
421	85
422	54
423	74
424	86
425	71
426	87
427	106
428	89
429	66
430	96
431	74
432	87
433	104
434	81
435	74
436	112
437	92
438	81
439	75
440	55
441	58
442	69
443	104
444	83
445	82
446	114
447	76
448	79
449	73
450	75
451	64
452	101
453	83
454	45
455	73
456	91
457	94
458	93
459	75
460	55
461	83
462	88
463	111
464	79
465	74
466	101
467	66
468	75
469	81
470	86
471	97
472	92
473	109
474	86
475	67
476	81
477	82
478	126
479	48
480	65
481	94
482	113
483	116
484	86
485	74
486	90
487	116
488	85
489	82
490	93
491	125
492	87
493	72
494	83
495	70
496	97
497	88
498	73
499	113
500	86
501	128
502	72
503	105
504	86
505	135
506	127
507	99
508	73
509	107
510	87
511	70
512	84
513	82
514	72
515	90
516	103
517	202
518	327
519	146
520	118
521	110
522	112
523	90
524	82
525	133
526	121
527	69
528	118
529	59
530	91
531	98
532	101
533	116
534	87
535	102
536	88
537	82
538	90
539	109
540	93
541	75
542	119
543	112
544	104
545	69
546	108
547	122
548	104
549	114
550	95
551	85
552	102
553	68
554	84
555	87
556	152
557	76
558	82
559	67
560	94
561	75
562	105
563	86
564	106
565	95
566	75
567	86
568	76
569	96
570	92
571	87
572	84
573	117
574	105
575	116
576	84
577	81
578	66
579	79
580	81
581	90
582	99
583	80
584	87
585	105
586	65
587	97
588	69
589	64
590	87
591	85
592	84
593	111
594	90
595	88
596	99
597	77
598	73
599	69
600	100
601	72
602	128
603	110
604	103
605	104
606	90
607	109
608	92
609	123
610	137
611	107
612	106
613	67
614	100
615	78
616	70
617	135
618	71
619	101
620	85
621	90
622	99
623	129
624	80
625	79
626	97
627	78
628	77
629	184
630	94
631	115
632	85
633	87
634	70
635	100
636	60
637	69
638	118
639	79
640	164
641	82
642	136
643	94
644	96
645	135
646	113
647	63
648	94
649	112
650	101
651	88
652	84
653	79
654	63
655	79
656	104
657	118
658	86
659	76
660	82
661	90
662	111
663	76
664	87
665	71
666	128
667	87
668	69
669	84
670	75
671	156
672	157
673	124
674	116
675	116
676	118
677	91
678	80
679	80
680	113
681	86
682	45
683	50
684	104
685	92
686	79
687	121
688	71
689	88
690	88
691	88
692	77
693	97
694	102
695	83
696	107
697	81
698	92
699	67
700	67
701	115
702	69
703	84
704	124
705	80
706	57
707	114
708	122
709	134
710	96
711	82
712	132
713	129
714	114
715	77
716	93
717	110
718	98
719	103
720	113
721	95
722	71
723	87
724	90
725	98
726	100
727	107
728	112
729	95
730	70
731	86
732	87
733	82
734	98
735	87
736	77
737	104
738	62
739	73
740	80
741	95
742	128
743	93
744	136
745	125
746	90
747	55
748	130
749	118
750	71
751	105
752	96
753	85
754	98
755	103
756	92
757	91
758	90
759	91
760	62
761	108
762	111
763	125
764	123
765	135
766	89
767	82
768	134
769	119
770	122
771	122
772	160
773	111
774	89
775	104
776	123
777	117
778	84
779	147
780	137
781	97
782	95
783	82
784	83
785	49
786	82
787	115
788	124
789	146
790	84
791	77
792	90
793	99
794	152
795	161
796	146
797	80
798	99
799	75
800	156
801	110
802	145
803	106
804	83
805	107
806	93
807	95
808	85
809	112
810	111
811	89
812	84
813	95
814	146
815	87
816	77
817	93
818	113
819	73
820	100
821	90
822	113
823	102
824	109
825	91
826	118
827	100
828	122
829	104
830	126
831	76
832	83
833	102
834	91
835	134
836	73
837	83
838	116
839	97
840	98
841	131
842	117
843	112
844	127
845	120
846	108
847	112
848	89
849	114
850	109
851	144
852	100
853	80
854	94
855	132
856	143
857	154
858	126
859	88
860	102
861	105
862	104
863	115
864	113
865	132
866	79
867	103
868	105
869	100
870	112
871	96
872	149
873	126
874	165
875	108
876	91
877	137
878	138
879	120
880	122
881	73
882	122
883	147
884	106
885	81
886	94
887	125
888	135
889	115
890	145
891	147
892	102
893	121
894	125
895	96
896	115
897	87
898	81
899	114
900	121
901	98
902	116
903	143
904	122
905	142
906	119
907	112
908	162
909	100
910	152
911	133
912	101
913	92
914	77
915	142
916	103
917	112
918	91
919	104
920	101
921	100
922	96
923	113
924	129
925	111
926	111
927	111
928	129
929	124
930	101
931	105
932	144
933	132
934	182
935	113
936	166
937	80
938	97
939	144
940	111
941	116
942	94
943	68
944	124
945	161
946	120
947	153
948	168
949	208
950	190
951	112
952	115
953	157
954	95
955	98
956	69
957	120
958	103
959	141
960	128
961	138
962	117
963	96
964	167
965	86
966	96
967	123
968	73
969	144
970	178
971	120
972	111
973	95
974	153
975	75
976	97
977	192
978	118
979	125
980	122
981	115
982	118
983	113
984	92
985	112
986	116
987	91
988	125
989	101
990	114
991	175
992	171
993	120
994	134
995	101
996	164
997	121
998	114
999	120
1000	93
1001	120
1002	66
1003	120
1004	141
1005	131
1006	116
1007	99
1008	126
1009	119
1010	119
1011	119
1012	129
1013	143
1014	133
1015	131
1016	121
1017	161
1018	149
1019	131
1020	104
1021	105
1022	128
1023	139
1024	107
1025	147
1026	98
1027	133
1028	132
1029	104
1030	141
1031	151
1032	112
1033	98
1034	63
1035	146
1036	95
1037	115
1038	73
1039	139
1040	156
1041	111
1042	112
1043	109
1044	121
1045	143
1046	143
1047	102
1048	147
1049	105
1050	142
1051	116
1052	145
1053	84
1054	147
1055	128
1056	154
1057	143
1058	132
1059	127
1060	103
1061	131
1062	129
1063	155
1064	113
1065	125
1066	146
1067	107
1068	88
1069	124
1070	123
1071	133
1072	151
1073	132
1074	103
1075	108
1076	110
1077	116
1078	87
1079	145
1080	121
1081	101
1082	132
1083	166
1084	172
1085	132
1086	182
1087	108
1088	170
1089	141
1090	132
1091	104
1092	126
1093	109
1094	119
1095	86
1096	121
1097	124
1098	130
1099	132
1100	115
1101	136
1102	102
1103	111
1104	117
1105	129
1106	135
1107	124
1108	169
1109	187
1110	136
1111	149
1112	160
1113	121
1114	129
1115	102
1116	156
1117	144
1118	129
1119	89
1120	139
1121	103
1122	139
1123	122
1124	183
1125	208
1126	260
1127	184
1128	192
1129	161
1130	151
1131	137
1132	107
1133	108
1134	149
1135	149
1136	161
1137	109
1138	138
1139	152
1140	152
1141	106
1142	112
1143	127
1144	119
1145	119
1146	151
1147	93
1148	129
1149	113
1150	122
1151	130
1152	153
1153	156
1154	123
1155	103
1156	131
1157	167
1158	137
1159	184
1160	117
1161	122
1162	130
1163	141
1164	144
1165	201
1166	156
1167	149
1168	154
1169	168
1170	146
1171	133
1172	129
1173	295
1174	326
1175	204
1176	174
1177	153
1178	150
1179	114
1180	260
1181	238
1182	196
1183	110
1184	145
1185	147
1186	210
1187	747
1188	803
1189	767
1190	1031
1191	1565
1192	1606
1193	1253
1194	1336
1195	918
1196	688
1197	327
1198	341
1199	369
1200	483
1201	280
1202	239
1203	309
1204	314
1205	328
1206	281
1207	217
1208	155
1209	110
1210	228
1211	380
1212	267
1213	333
1214	357
1215	318
1216	158
1217	231
1218	237
1219	296
1220	369
1221	239
1222	432
1223	286
1224	214
1225	325
1226	289
1227	218
1228	289
1229	480
1230	639
1231	474
1232	413
1233	328
1234	269
1235	275
1236	353
1237	410
1238	380
1239	485
1240	612
1241	475
1242	563
1243	603
1244	695
1245	525
1246	425
1247	309
1248	461
1249	363
1250	396
1251	272
1252	474
1253	409
1254	335
1255	542
1256	642
1257	563
1258	607
1259	700
1260	510
1261	422
1262	410
1263	274
1264	425
1265	522
1266	492
1267	417
1268	426
1269	586
1270	513
1271	424
1272	587
1273	343
1274	327
1275	505
1276	437
1277	431
1278	416
1279	186
1280	302
1281	360
1282	463
1283	600
1284	264
1285	147
1286	184
1287	335
1288	188
1289	365
1290	423
1291	485
1292	340
1293	442
1294	442
1295	182
1296	230
1297	261
1298	170
1299	171
1300	220
1301	168
1302	202
1303	205
1304	135
1305	168
1306	195
1307	259
1308	246
1309	153
1310	125
1311	172
1312	80
1313	208
1314	194
1315	163
1316	148
1317	117
1318	131
1319	165
1320	134
1321	170
1322	165
1323	143
1324	137
1325	163
1326	145
1327	181
1328	188
1329	203
1330	124
1331	155
1332	175
1333	165
1334	109
1335	154
1336	123
1337	219
1338	144
1339	155
1340	141
1341	183
1342	157
1343	146
1344	139
1345	145
1346	156
1347	144
1348	139
1349	109
1350	148
1351	128
1352	107
1353	138
1354	119
1355	157
1356	187
1357	141
1358	99
1359	150
1360	126
1361	117
1362	121
1363	144
1364	139
1365	155
1366	179
1367	106
1368	141
1369	117
1370	177
1371	143
1372	110
1373	154
1374	115
1375	113
1376	110
1377	140
1378	91
1379	157
1380	137
1381	150
1382	130
1383	138
1384	148
1385	122
1386	165
1387	111
1388	110
1389	142
1390	134
1391	149
1392	155
1393	128
1394	122
1395	165
1396	164
1397	231
1398	139
1399	142
1400	175
1401	144
1402	116
1403	136
1404	151
1405	219
1406	200
1407	131
1408	118
1409	128
1410	144
1411	133
1412	108
1413	103
1414	152
1415	127
1416	141
1417	103
1418	130
1419	202
1420	114
1421	133
1422	171
1423	97
1424	135
1425	142
1426	173
1427	137
1428	132
1429	171
1430	153
1431	142
1432	163
1433	169
1434	128
1435	117
1436	154
1437	173
1438	156
1439	134
1440	168
1441	140
1442	156
1443	144
1444	145
1445	122
1446	126
1447	210
1448	145
1449	117
1450	160
1451	168
1452	125
1453	109
1454	127
1455	146
1456	158
1457	180
1458	111
1459	113
1460	168
1461	163
1462	119
1463	189
1464	129
1465	87
1466	136
1467	167
1468	157
1469	185
1470	154
1471	177
1472	124
1473	179
1474	122
1475	204
1476	174
1477	139
1478	166
1479	131
1480	123
1481	162
1482	117
1483	146
1484	137
1485	109
1486	127
1487	106
1488	162
1489	147
1490	159
1491	159
1492	119
1493	170
1494	142
1495	145
1496	127
1497	152
1498	139
1499	168
1500	150
1501	133
1502	153
1503	128
1504	124
1505	98
1506	127
1507	166
1508	173
1509	137
1510	133
1511	179
1512	141
1513	123
1514	140
1515	140
1516	189
1517	147
1518	138
1519	130
1520	170
1521	151
1522	153
1523	178
1524	150
1525	138
1526	164
1527	142
1528	156
1529	155
1530	128
1531	162
1532	168
1533	139
1534	131
1535	164
1536	138
1537	132
1538	170
1539	113
1540	117
1541	213
1542	193
1543	158
1544	136
1545	133
1546	146
1547	152
1548	117
1549	137
1550	146
1551	131
1552	134
1553	150
1554	182
1555	159
1556	151
1557	175
1558	217
1559	149
1560	163
1561	117
1562	103
1563	153
1564	137
1565	137
1566	160
1567	149
1568	154
1569	164
1570	207
1571	292
1572	150
1573	166
1574	146
1575	152
1576	154
1577	121
1578	138
1579	148
1580	122
1581	105
1582	150
1583	180
1584	95
1585	139
1586	160
1587	186
1588	267
1589	260
1590	124
1591	197
1592	181
1593	192
1594	130
1595	175
1596	172
1597	158
1598	169
1599	193
1600	166
1601	118
1602	141
1603	145
1604	145
1605	157
1606	153
1607	182
1608	192
1609	174
1610	155
1611	131
1612	154
1613	154
1614	156
1615	162
1616	175
1617	185
1618	178
1619	139
1620	148
1621	178
1622	215
1623	178
1624	155
1625	206
1626	198
1627	149
1628	162
1629	104
1630	164
1631	175
1632	180
1633	130
1634	173
1635	148
1636	97
1637	127
1638	208
1639	141
1640	189
1641	126
1642	178
1643	154
1644	142
1645	144
1646	168
1647	182
1648	155
1649	150
1650	186
1651	143
1652	147
1653	167
1654	123
1655	181
1656	184
1657	151
1658	254
1659	152
1660	230
1661	216
1662	159
1663	180
1664	129
1665	135
1666	139
1667	189
1668	161
1669	200
1670	171
1671	132
1672	160
1673	141
1674	161
1675	229
1676	125
1677	165
1678	131
1679	198
1680	217
1681	160
1682	156
1683	185
1684	168
1685	187
1686	122
1687	143
1688	175
1689	131
1690	158
1691	195
1692	131
1693	161
1694	176
1695	172
1696	168
1697	172
1698	192
1699	119
1700	169
1701	161
1702	173
1703	150
1704	148
1705	162
1706	147
1707	185
1708	206
1709	131
1710	145
1711	201
1712	196
1713	142
1714	167
1715	142
1716	227
1717	159
1718	156
1719	169
1720	179
1721	166
1722	151
1723	238
1724	115
1725	198
1726	177
1727	168
1728	161
1729	126
1730	164
1731	152
1732	128
1733	175
1734	144
1735	210
1736	172
1737	124
1738	166
1739	186
1740	188
1741	161
1742	183
1743	175
1744	145
1745	190
1746	151
1747	169
1748	158
1749	155
1750	190
1751	158
1752	163
1753	122
1754	186
1755	186
1756	127
1757	146
1758	178
1759	183
1760	163
1761	150
1762	204
1763	195
1764	223
1765	216
1766	180
1767	181
1768	171
1769	218
1770	173
1771	288
1772	304
1773	210
1774	174
1775	174
1776	126
1777	137
1778	157
1779	198
1780	134
1781	201
1782	158
1783	195
1784	153
1785	167
1786	171
1787	170
1788	163
1789	241
1790	179
1791	186
1792	154
1793	209
1794	177
1795	178
1796	220
1797	212
1798	193
1799	193
1800	155
1801	153
1802	165
1803	132
1804	172
1805	133
1806	172
1807	148
1808	170
1809	142
1810	138
1811	182
1812	176
1813	160
1814	181
1815	220
1816	164
1817	127
1818	171
1819	244
1820	183
1821	224
1822	152
1823	235
1824	144
1825	208
1826	194
1827	206
1828	147
1829	124
1830	185
1831	186
1832	161
1833	161
1834	176
1835	153
1836	169
1837	180
1838	169
1839	181
1840	232
1841	152
1842	229
1843	165
1844	191
1845	195
1846	217
1847	202
1848	164
1849	144
1850	206
1851	175
1852	114
1853	149
1854	214
1855	202
1856	159
1857	172
1858	189
1859	235
1860	234
1861	149
1862	212
1863	138
1864	154
1865	100
1866	163
1867	197
1868	160
1869	231
1870	234
1871	197
1872	169
1873	166
1874	211
1875	182
1876	181
1877	148
1878	183
1879	194
1880	159
1881	235
1882	150
1883	259
1884	254
1885	186
1886	171
1887	189
1888	250
1889	195
1890	173
1891	168
1892	209
1893	198
1894	179
1895	196
1896	220
1897	132
1898	234
1899	281
1900	199
1901	207
1902	152
1903	244
1904	159
1905	192
1906	188
1907	189
1908	179
1909	146
1910	184
1911	105
1912	240
1913	155
1914	208
1915	184
1916	211
1917	244
1918	135
1919	213
1920	139
1921	193
1922	194
1923	193
1924	175
1925	201
1926	168
1927	204
1928	202
1929	118
1930	233
1931	221
1932	172
1933	184
1934	178
1935	282
1936	258
1937	157
1938	203
1939	232
1940	202
1941	201
1942	165
1943	206
1944	186
1945	193
1946	235
1947	162
1948	193
1949	213
1950	203
1951	190
1952	219
1953	223
1954	225
1955	249
1956	248
1957	156
1958	178
1959	209
1960	178
1961	216
1962	232
1963	258
1964	214
1965	207
1966	179
1967	188
1968	185
1969	255
1970	295
1971	198
1972	220
1973	269
1974	219
1975	262
1976	209
1977	210
1978	140
1979	209
1980	248
1981	263
1982	238
1983	189
1984	192
1985	220
1986	213
1987	188
1988	275
1989	191
1990	228
1991	203
1992	221
1993	196
1994	176
1995	149
1996	153
1997	155
1998	216
1999	229
2000	206
2001	244
2002	231
2003	254
2004	291
2005	214
2006	204
2007	173
2008	278
2009	225
2010	209
2011	174
2012	235
2013	184
2014	197
2015	205
2016	192
2017	219
2018	202
2019	215
2020	296
2021	265
2022	233
2023	186
2024	154
2025	225
2026	143
2027	220
2028	168
2029	180
2030	200
2031	148
2032	117
2033	118
2034	133
2035	142
2036	138
2037	212
2038	136
2039	187
2040	144
2041	112
2042	162
2043	353
2044	235
2045	123
2046	98
2047	98
