Instrument: Andor
X Size: 2048
Y Size: 64
Total Flux: 0.000
Total Counts: 277571
Background: 314.000000
Curvature: 0.0
Clipped to ROI: No
ROI: 1309 526 2539 1627
X	Counts
0	78
1	40
2	49
3	89
4	82
5	73
6	78
7	72
8	96
9	46
10	96
11	118
12	68
13	71
14	80
15	94
16	61
17	56
18	87
19	58
20	50
21	62
22	79
23	42
24	69
25	101
26	92
27	41
28	75
29	63
30	60
31	61
32	64
33	59
34	98
35	48
36	55
37	91
38	60
39	90
40	79
41	53
42	111
43	73
44	67
45	58
46	45
47	57
48	52
49	51
50	96
51	81
52	48
53	112
54	80
55	72
56	77
57	84
58	76
59	88
60	72
61	87
62	69
63	51
64	55
65	45
66	77
67	72
68	57
69	48
70	68
71	76
72	69
73	74
74	77
75	70
76	85
77	52
78	72
79	65
80	97
81	61
82	80
83	61
84	58
85	108
86	63
87	64
88	77
89	71
90	86
91	70
92	85
93	71
94	63
95	73
96	89
97	75
98	76
99	36
100	102
101	78
102	51
103	100
104	68
105	102
106	75
107	59
108	73
109	85
110	82
111	71
112	58
113	64
114	57
115	54
116	50
117	75
118	64
119	86
120	83
121	64
122	89
123	67
124	76
125	72
126	79
127	68
128	68
129	67
130	70
131	82
132	34
133	117
134	74
135	90
136	83
137	75
138	56
139	63
140	78
141	88
142	71
143	53
144	79
145	96
146	82
147	66
148	71
149	69
150	77
151	102
152	100
153	59
154	50
155	116
156	98
157	79
158	58
159	87
160	41
161	49
162	54
163	93
164	85
165	73
166	50
167	99
168	64
169	97
170	112
171	71
172	85
173	92
174	43
175	74
176	79
177	90
178	91
179	70
180	98
181	96
182	97
183	67
184	87
185	75
186	97
187	53
188	85
189	87
190	84
191	62
192	98
193	71
194	57
195	34
196	97
197	74
198	110
199	54
200	69
201	66
202	88
203	78
204	46
205	61
206	63
207	99
208	52
209	85
210	188
211	622
212	1194
213	262
214	199
215	555
216	55
217	73
218	57
219	55
220	75
221	73
222	68
223	83
224	86
225	65
226	64
227	47
228	54
229	71
230	103
231	74
232	56
233	88
234	66
235	56
236	83
237	92
238	79
239	44
240	89
241	72
242	86
243	57
244	35
245	97
246	70
247	81
248	109
249	73
250	83
251	45
252	70
253	122
254	105
255	66
256	82
257	53
258	61
259	82
260	94
261	57
262	70
263	97
264	51
265	63
266	94
267	101
268	52
269	64
270	80
271	57
272	86
273	82
274	66
275	83
276	64
277	61
278	56
279	58
280	74
281	77
282	76
283	53
284	63
285	58
286	92
287	96
288	52
289	74
290	46
291	42
292	40
293	85
294	96
295	52
296	32
297	79
298	66
299	43
300	37
301	85
302	52
303	109
304	88
305	58
306	59
307	61
308	79
309	75
310	63
311	75
312	51
313	73
314	84
315	77
316	84
317	79
318	70
319	78
320	78
321	103
322	64
323	95
324	89
325	77
326	74
327	71
328	56
329	73
330	116
331	79
332	55
333	69
334	77
335	87
336	90
337	73
338	64
339	84
340	56
341	71
342	55
343	62
344	127
345	85
346	80
347	77
348	94
349	36
350	104
351	99
352	70
353	61
354	86
355	64
356	91
357	66
358	91
359	86
360	130
361	83
362	104
363	67
364	65
365	57
366	103
367	134
368	90
369	58
370	54
371	54
372	56
373	57
374	53
375	97
376	73
377	75
378	90
379	56
380	60
381	55
382	92
383	92
384	48
385	85
386	72
387	70
388	78
389	76
390	58
391	60
392	85
393	72
394	67
395	64
396	68
397	45
398	85
399	74
400	88
401	75
402	59
403	80
404	61
405	58
406	67
407	111
408	46
409	98
410	94
411	116
412	199
413	132
414	63
415	62
416	93
417	66
418	81
419	66
420	80
421	56
422	76
423	59
424	90
425	50
426	57
427	95
428	94
429	64
430	74
431	81
432	74
433	102
434	118
435	64
436	77
437	50
438	78
439	112
440	83
441	86
442	72
443	75
444	93
445	63
446	93
447	54
448	101
449	42
450	76
451	85
452	93
453	77
454	97
455	103
456	70
457	71
458	68
459	88
460	66
461	94
462	117
463	83
464	69
465	113
466	47
467	71
468	58
469	88
470	117
471	96
472	50
473	77
474	78
475	85
476	56
477	88
478	58
479	66
480	99
481	56
482	78
483	90
484	78
485	70
486	99
487	63
488	82
489	117
490	62
491	71
492	66
493	99
494	59
495	69
496	111
497	55
498	56
499	86
500	87
501	57
502	88
503	58
504	80
505	102
506	75
507	72
508	76
509	95
510	81
511	68
512	79
513	54
514	73
515	59
516	76
517	75
518	100
519	101
520	101
521	60
522	90
523	63
524	54
525	69
526	85
527	81
528	76
529	56
530	69
531	80
532	53
533	108
534	96
535	70
536	80
537	42
538	137
539	74
540	67
541	86
542	93
543	92
544	69
545	83
546	75
547	91
548	94
549	99
550	80
551	53
552	69
553	90
554	113
555	72
556	76
557	98
558	88
559	83
560	106
561	112
562	131
563	89
564	113
565	70
566	114
567	96
568	97
569	94
570	109
571	58
572	78
573	89
574	48
575	84
576	54
577	101
578	51
579	73
580	103
581	71
582	67
583	90
584	86
585	89
586	88
587	107
588	115
589	94
590	77
591	70
592	85
593	71
594	69
595	116
596	84
597	77
598	63
599	102
600	87
601	77
602	73
603	63
604	99
605	56
606	73
607	99
608	93
609	106
610	72
611	101
612	51
613	61
614	77
615	70
616	55
617	111
618	85
619	93
620	73
621	79
622	80
623	70
624	84
625	108
626	102
627	69
628	85
629	122
630	83
631	118
632	87
633	125
634	107
635	78
636	76
637	91
638	99
639	74
640	70
641	75
642	106
643	56
644	121
645	118
646	81
647	88
648	59
649	80
650	92
651	75
652	76
653	95
654	64
655	64
656	91
657	113
658	68
659	94
660	91
661	89
662	114
663	82
664	82
665	61
666	124
667	95
668	51
669	82
670	84
671	123
672	97
673	53
674	77
675	87
676	90
677	65
678	101
679	60
680	83
681	107
682	88
683	64
684	75
685	77
686	98
687	106
688	181
689	154
690	103
691	110
692	78
693	123
694	113
695	125
696	107
697	81
698	110
699	94
700	76
701	121
702	88
703	80
704	133
705	116
706	108
707	120
708	71
709	74
710	106
711	49
712	79
713	108
714	47
715	91
716	116
717	119
718	92
719	86
720	78
721	108
722	82
723	104
724	121
725	112
726	76
727	88
728	86
729	86
730	76
731	61
732	90
733	93
734	79
735	83
736	66
737	87
738	105
739	112
740	94
741	76
742	87
743	80
744	96
745	59
746	67
747	90
748	88
749	86
750	123
751	73
752	71
753	86
754	93
755	118
756	76
757	84
758	100
759	69
760	64
761	63
762	43
763	73
764	83
765	78
766	43
767	117
768	77
769	98
770	76
771	114
772	116
773	73
774	112
775	124
776	104
777	88
778	65
779	108
780	111
781	87
782	102
783	91
784	86
785	83
786	72
787	78
788	126
789	127
790	93
791	87
792	71
793	95
794	89
795	101
796	48
797	68
798	113
799	71
800	95
801	101
802	118
803	151
804	110
805	269
806	119
807	91
808	102
809	101
810	88
811	111
812	90
813	84
814	68
815	67
816	76
817	65
818	96
819	84
820	116
821	147
822	98
823	143
824	87
825	112
826	97
827	65
828	96
829	90
830	127
831	85
832	73
833	117
834	101
835	126
836	118
837	104
838	88
839	113
840	115
841	109
842	131
843	95
844	65
845	94
846	99
847	105
848	133
849	166
850	89
851	113
852	100
853	105
854	120
855	111
856	101
857	130
858	69
859	88
860	109
861	71
862	71
863	134
864	96
865	121
866	97
867	84
868	82
869	114
870	106
871	129
872	128
873	114
874	114
875	112
876	74
877	135
878	78
879	72
880	89
881	123
882	126
883	73
884	91
885	124
886	94
887	100
888	131
889	126
890	123
891	72
892	124
893	70
894	117
895	127
896	83
897	116
898	84
899	94
900	68
901	74
902	99
903	123
904	110
905	137
906	124
907	140
908	59
909	100
910	146
911	129
912	101
913	91
914	63
915	141
916	91
917	108
918	155
919	113
920	86
921	89
922	121
923	116
924	97
925	112
926	82
927	91
928	139
929	76
930	73
931	112
932	124
933	81
934	99
935	102
936	65
937	90
938	120
939	112
940	110
941	136
942	96
943	151
944	112
945	105
946	91
947	96
948	82
949	84
950	115
951	86
952	124
953	114
954	111
955	100
956	97
957	103
958	166
959	106
960	70
961	95
962	95
963	102
964	116
965	90
966	98
967	101
968	93
969	130
970	117
971	84
972	94
973	112
974	106
975	85
976	78
977	124
978	116
979	105
980	103
981	94
982	110
983	108
984	85
985	101
986	99
987	91
988	148
989	213
990	135
991	89
992	99
993	127
994	84
995	115
996	114
997	110
998	99
999	141
1000	147
1001	94
1002	108
1003	107
1004	129
1005	99
1006	119
1007	142
1008	119
1009	140
1010	119
1011	102
1012	119
1013	97
1014	109
1015	140
1016	111
1017	120
1018	129
1019	124
1020	146
1021	128
1022	71
1023	113
1024	73
1025	129
1026	137
1027	139
1028	106
1029	123
1030	91
1031	97
1032	88
1033	103
1034	82
1035	157
1036	98
1037	79
1038	118
1039	144
1040	132
1041	247
1042	310
1043	179
1044	142
1045	135
1046	144
1047	125
1048	132
1049	124
1050	97
1051	121
1052	156
1053	148
1054	126
1055	92
1056	145
1057	95
1058	92
1059	102
1060	114
1061	125
1062	124
1063	97
1064	95
1065	90
1066	131
1067	102
1068	123
1069	136
1070	76
1071	97
1072	136
1073	119
1074	131
1075	125
1076	153
1077	130
1078	65
1079	166
1080	160
1081	198
1082	190
1083	196
1084	201
1085	98
1086	138
1087	136
1088	120
1089	127
1090	98
1091	129
1092	134
1093	215
1094	110
1095	132
1096	87
1097	122
1098	95
1099	95
1100	101
1101	131
1102	113
1103	125
1104	112
1105	118
1106	99
1107	115
1108	144
1109	113
1110	136
1111	122
1112	132
1113	102
1114	111
1115	103
1116	130
1117	218
1118	196
1119	147
1120	114
1121	144
1122	95
1123	163
1124	236
1125	334
1126	153
1127	112
1128	126
1129	168
1130	145
1131	113
1132	112
1133	156
1134	148
1135	158
1136	143
1137	210
1138	156
1139	127
1140	106
1141	91
1142	145
1143	121
1144	78
1145	102
1146	101
1147	92
1148	85
1149	126
1150	222
1151	141
1152	105
1153	131
1154	155
1155	151
1156	128
1157	109
1158	162
1159	130
1160	170
1161	276
1162	178
1163	109
1164	203
1165	171
1166	157
1167	156
1168	169
1169	53
1170	107
1171	125
1172	134
1173	220
1174	416
1175	410
1176	217
1177	158
1178	238
1179	246
1180	150
1181	103
1182	157
1183	83
1184	125
1185	136
1186	221
1187	243
1188	264
1189	311
1190	282
1191	342
1192	373
1193	440
1194	584
1195	316
1196	512
1197	1014
1198	1835
1199	1472
1200	939
1201	396
1202	381
1203	486
1204	348
1205	277
1206	280
1207	236
1208	296
1209	218
1210	211
1211	369
1212	397
1213	323
1214	329
1215	202
1216	290
1217	393
1218	330
1219	297
1220	460
1221	329
1222	367
1223	199
1224	330
1225	296
1226	437
1227	390
1228	449
1229	405
1230	392
1231	603
1232	361
1233	271
1234	395
1235	331
1236	339
1237	276
1238	332
1239	445
1240	442
1241	432
1242	519
1243	645
1244	672
1245	468
1246	478
1247	539
1248	400
1249	427
1250	578
1251	573
1252	417
1253	519
1254	515
1255	441
1256	341
1257	534
1258	597
1259	468
1260	631
1261	397
1262	318
1263	517
1264	388
1265	284
1266	256
1267	311
1268	521
1269	415
1270	385
1271	396
1272	524
1273	612
1274	304
1275	339
1276	405
1277	468
1278	378
1279	561
1280	413
1281	377
1282	505
1283	356
1284	245
1285	132
1286	190
1287	368
1288	389
1289	309
1290	303
1291	348
1292	202
1293	236
1294	227
1295	221
1296	252
1297	122
1298	125
1299	193
1300	220
1301	126
1302	91
1303	137
1304	93
1305	146
1306	141
1307	118
1308	127
1309	138
1310	145
1311	109
1312	143
1313	124
1314	167
1315	179
1316	183
1317	117
1318	116
1319	278
1320	282
1321	234
1322	158
1323	152
1324	136
1325	242
1326	247
1327	217
1328	204
1329	207
1330	112
1331	110
1332	141
1333	195
1334	113
1335	195
1336	179
1337	142
1338	116
1339	151
1340	195
1341	155
1342	158
1343	150
1344	144
1345	183
1346	106
1347	103
1348	137
1349	145
1350	180
1351	225
1352	150
1353	157
1354	162
1355	132
1356	161
1357	216
1358	186
1359	166
1360	153
1361	117
1362	133
1363	129
1364	122
1365	261
1366	146
1367	200
1368	188
1369	169
1370	132
1371	100
1372	123
1373	162
1374	121
1375	113
1376	116
1377	117
1378	173
1379	106
1380	103
1381	87
1382	164
1383	159
1384	106
1385	95
1386	131
1387	113
1388	117
1389	131
1390	148
1391	136
1392	148
1393	124
1394	102
1395	118
1396	122
1397	110
1398	109
1399	107
1400	131
1401	81
1402	134
1403	137
1404	118
1405	132
1406	143
1407	160
1408	116
1409	133
1410	133
1411	101
1412	89
1413	130
1414	113
1415	97
1416	104
1417	110
1418	155
1419	125
1420	114
1421	107
1422	133
1423	87
1424	172
1425	122
1426	150
1427	124
1428	133
1429	171
1430	107
1431	150
1432	146
1433	110
1434	119
1435	142
1436	112
1437	127
1438	133
1439	194
1440	192
1441	125
1442	106
1443	114
1444	123
1445	101
1446	143
1447	117
1448	107
1449	115
1450	160
1451	147
1452	133
1453	88
1454	126
1455	125
1456	125
1457	131
1458	107
1459	119
1460	145
1461	122
1462	144
1463	121
1464	141
1465	113
1466	155
1467	99
1468	126
1469	143
1470	138
1471	97
1472	176
1473	183
1474	156
1475	126
1476	157
1477	109
1478	130
1479	153
1480	159
1481	152
1482	152
1483	150
1484	120
1485	164
1486	229
1487	137
1488	134
1489	151
1490	147
1491	134
1492	134
1493	156
1494	101
1495	119
1496	110
1497	137
1498	119
1499	156
1500	153
1501	112
1502	96
1503	129
1504	144
1505	126
1506	109
1507	131
1508	142
1509	128
1510	160
1511	144
1512	132
1513	129
1514	162
1515	149
1516	138
1517	191
1518	150
1519	124
1520	145
1521	110
1522	117
1523	136
1524	165
1525	131
1526	115
1527	126
1528	148
1529	132
1530	118
1531	172
1532	127
1533	149
1534	116
1535	139
1536	132
1537	120
1538	154
1539	123
1540	118
1541	137
1542	132
1543	143
1544	115
1545	117
1546	155
1547	133
1548	109
1549	157
1550	164
1551	92
1552	124
1553	145
1554	147
1555	204
1556	147
1557	176
1558	204
1559	125
1560	182
1561	128
1562	111
1563	76
1564	144
1565	143
1566	105
1567	155
1568	178
1569	119
1570	113
1571	138
1572	132
1573	175
1574	116
1575	152
1576	97
1577	143
1578	158
1579	181
1580	93
1581	159
1582	227
1583	132
1584	131
1585	168
1586	127
1587	165
1588	169
1589	139
1590	105
1591	171
1592	184
1593	170
1594	153
1595	168
1596	136
1597	163
1598	148
1599	154
1600	177
1601	123
1602	160
1603	129
1604	182
1605	141
1606	161
1607	142
1608	125
1609	148
1610	198
1611	130
1612	145
1613	144
1614	117
1615	131
1616	151
1617	134
1618	153
1619	124
1620	99
1621	150
1622	124
1623	168
1624	132
1625	177
1626	153
1627	135
1628	148
1629	118
1630	154
1631	124
1632	158
1633	98
1634	123
1635	151
1636	106
1637	98
1638	188
1639	159
1640	160
1641	147
1642	152
1643	151
1644	109
1645	132
1646	246
1647	255
1648	151
1649	130
1650	146
1651	172
1652	119
1653	148
1654	122
1655	116
1656	177
1657	145
1658	175
1659	130
1660	173
1661	130
1662	149
1663	130
1664	167
1665	144
1666	173
1667	155
1668	155
1669	163
1670	128
1671	175
1672	146
1673	107
1674	133
1675	127
1676	154
1677	174
1678	141
1679	168
1680	147
1681	231
1682	141
1683	172
1684	166
1685	183
1686	123
1687	164
1688	119
1689	111
1690	96
1691	137
1692	116
1693	144
1694	180
1695	179
1696	181
1697	139
1698	182
1699	166
1700	124
1701	175
1702	170
1703	155
1704	180
1705	122
1706	137
1707	179
1708	167
1709	148
1710	159
1711	160
1712	117
1713	129
1714	154
1715	164
1716	142
1717	113
1718	177
1719	185
1720	149
1721	149
1722	137
1723	193
1724	103
1725	170
1726	166
1727	146
1728	121
1729	94
1730	182
1731	153
1732	68
1733	155
1734	163
1735	183
1736	189
1737	174
1738	181
1739	149
1740	203
1741	204
1742	189
1743	205
1744	164
1745	157
1746	171
1747	123
1748	161
1749	130
1750	155
1751	142
1752	170
1753	114
1754	159
1755	140
1756	168
1757	106
1758	176
1759	187
1760	145
1761	172
1762	180
1763	173
1764	181
1765	147
1766	159
1767	155
1768	145
1769	175
1770	98
1771	174
1772	172
1773	172
1774	213
1775	134
1776	160
1777	144
1778	147
1779	206
1780	129
1781	201
1782	95
1783	170
1784	176
1785	162
1786	145
1787	128
1788	168
1789	166
1790	157
1791	137
1792	148
1793	169
1794	183
1795	168
1796	193
1797	109
1798	188
1799	156
1800	175
1801	190
1802	159
1803	159
1804	169
1805	183
1806	188
1807	160
1808	150
1809	172
1810	143
1811	174
1812	166
1813	225
1814	245
1815	208
1816	127
1817	198
1818	166
1819	210
1820	188
1821	172
1822	156
1823	181
1824	175
1825	196
1826	210
1827	200
1828	201
1829	163
1830	108
1831	172
1832	271
1833	222
1834	173
1835	209
1836	165
1837	208
1838	153
1839	130
1840	216
1841	136
1842	165
1843	146
1844	190
1845	184
1846	136
1847	154
1848	182
1849	147
1850	174
1851	167
1852	166
1853	127
1854	169
1855	140
1856	153
1857	150
1858	175
1859	166
1860	154
1861	171
1862	195
1863	159
1864	148
1865	127
1866	126
1867	131
1868	166
1869	196
1870	229
1871	187
1872	203
1873	157
1874	222
1875	117
1876	175
1877	138
1878	125
1879	161
1880	177
1881	158
1882	159
1883	176
1884	139
1885	182
1886	145
1887	164
1888	233
1889	141
1890	231
1891	172
1892	213
1893	165
1894	119
1895	162
1896	178
1897	162
1898	196
1899	211
1900	249
1901	197
1902	281
1903	245
1904	195
1905	211
1906	191
1907	191
1908	168
1909	190
1910	163
1911	232
1912	372
1913	289
1914	284
1915	201
1916	190
1917	160
1918	196
1919	214
1920	152
1921	211
1922	217
1923	149
1924	163
1925	181
1926	198
1927	219
1928	319
1929	211
1930	213
1931	177
1932	169
1933	196
1934	180
1935	242
1936	173
1937	211
1938	170
1939	239
1940	208
1941	215
1942	223
1943	276
1944	161
1945	182
1946	175
1947	197
1948	178
1949	174
1950	173
1951	187
1952	158
1953	172
1954	191
1955	192
1956	195
1957	163
1958	176
1959	125
1960	124
1961	197
1962	182
1963	195
1964	227
1965	301
1966	179
1967	183
1968	192
1969	279
1970	248
1971	209
1972	240
1973	190
1974	196
1975	291
1976	196
1977	263
1978	182
1979	231
1980	217
1981	222
1982	207
1983	148
1984	147
1985	225
1986	206
1987	206
1988	225
1989	190
1990	154
1991	200
1992	158
1993	197
1994	236
1995	220
1996	214
1997	215
1998	170
1999	164
2000	180
2001	245
2002	220
2003	296
2004	203
2005	193
2006	214
2007	181
2008	204
2009	241
2010	281
2011	193
2012	205
2013	192
2014	202
2015	236
2016	176
2017	152
2018	163
2019	170
2020	182
2021	212
2022	301
2023	111
2024	177
2025	233
2026	126
2027	148
2028	198
2029	135
2030	165
2031	152
2032	101
2033	126
2034	90
2035	134
2036	183
2037	118
2038	122
2039	104
2040	111
2041	107
2042	93
2043	141
2044	221
2045	121
2046	92
2047	99
