Instrument: Andor
X Size: 2048
Y Size: 64
Total Flux: 0.000
Total Counts: 313728
Background: 316.000000
Curvature: 0.0
Clipped to ROI: No
ROI: 1309 526 2539 1627
X	Counts
0	106
1	87
2	86
3	80
4	48
5	118
6	91
7	74
8	86
9	85
10	87
11	104
12	125
13	48
14	39
15	80
16	76
17	73
18	75
19	59
20	63
21	63
22	88
23	78
24	89
25	107
26	57
27	79
28	92
29	99
30	50
31	51
32	69
33	104
34	71
35	77
36	59
37	78
38	118
39	56
40	70
41	69
42	91
43	82
44	106
45	91
46	57
47	57
48	65
49	95
50	102
51	76
52	132
53	59
54	98
55	96
56	66
57	69
58	49
59	124
60	65
61	76
62	92
63	110
64	95
65	90
66	96
67	84
68	61
69	98
70	120
71	110
72	94
73	86
74	61
75	95
76	77
77	54
78	135
79	99
80	68
81	73
82	76
83	67
84	63
85	77
86	101
87	83
88	143
89	102
90	59
91	59
92	72
93	128
94	112
95	57
96	106
97	84
98	64
99	71
100	76
101	110
102	47
103	99
104	70
105	89
106	74
107	99
108	84
109	72
110	57
111	94
112	67
113	84
114	63
115	91
116	106
117	102
118	111
119	102
120	115
121	87
122	81
123	111
124	90
125	74
126	100
127	96
128	57
129	107
130	67
131	49
132	66
133	90
134	60
135	68
136	73
137	78
138	74
139	65
140	70
141	86
142	85
143	108
144	77
145	92
146	91
147	97
148	86
149	87
150	87
151	82
152	103
153	102
154	94
155	83
156	64
157	95
158	134
159	94
160	103
161	73
162	103
163	86
164	105
165	55
166	91
167	62
168	82
169	71
170	92
171	59
172	82
173	67
174	109
175	105
176	55
177	89
178	83
179	78
180	92
181	81
182	114
183	65
184	70
185	76
186	84
187	66
188	82
189	82
190	100
191	55
192	91
193	71
194	69
195	88
196	90
197	57
198	71
199	58
200	54
201	81
202	78
203	67
204	63
205	89
206	41
207	66
208	125
209	100
210	72
211	76
212	77
213	112
214	108
215	80
216	97
217	127
218	77
219	78
220	85
221	56
222	94
223	66
224	64
225	104
226	55
227	77
228	58
229	101
230	87
231	96
232	86
233	101
234	88
235	94
236	120
237	121
238	113
239	65
240	86
241	98
242	114
243	87
244	80
245	113
246	50
247	103
248	91
249	97
250	91
251	88
252	65
253	117
254	140
255	95
256	66
257	79
258	87
259	86
260	92
261	71
262	78
263	97
264	72
265	70
266	93
267	89
268	88
269	158
270	114
271	76
272	83
273	112
274	70
275	87
276	81
277	72
278	105
279	74
280	107
281	88
282	79
283	85
284	52
285	72
286	73
287	79
288	58
289	51
290	38
291	82
292	49
293	105
294	70
295	114
296	93
297	55
298	68
299	90
300	149
301	202
302	105
303	87
304	51
305	83
306	40
307	99
308	62
309	96
310	78
311	65
312	76
313	66
314	65
315	53
316	56
317	70
318	66
319	126
320	63
321	78
322	59
323	93
324	81
325	66
326	39
327	61
328	65
329	88
330	105
331	36
332	101
333	86
334	71
335	85
336	66
337	63
338	91
339	59
340	109
341	99
342	116
343	93
344	90
345	70
346	82
347	61
348	94
349	101
350	85
351	126
352	62
353	67
354	119
355	66
356	81
357	44
358	70
359	101
360	95
361	113
362	122
363	61
364	80
365	65
366	53
367	119
368	49
369	94
370	82
371	84
372	98
373	75
374	85
375	77
376	85
377	83
378	108
379	85
380	74
381	66
382	79
383	107
384	81
385	94
386	66
387	92
388	94
389	101
390	95
391	56
392	70
393	67
394	75
395	91
396	80
397	82
398	128
399	93
400	75
401	58
402	68
403	76
404	89
405	84
406	61
407	69
408	75
409	161
410	99
411	121
412	116
413	57
414	90
415	86
416	109
417	61
418	88
419	73
420	77
421	79
422	105
423	74
424	100
425	94
426	80
427	85
428	57
429	59
430	113
431	75
432	79
433	79
434	113
435	107
436	79
437	86
438	108
439	101
440	78
441	115
442	83
443	88
444	93
445	96
446	111
447	84
448	96
449	134
450	103
451	57
452	93
453	71
454	109
455	68
456	119
457	77
458	69
459	75
460	94
461	59
462	86
463	62
464	62
465	124
466	96
467	129
468	72
469	66
470	66
471	94
472	97
473	107
474	92
475	78
476	74
477	84
478	98
479	70
480	69
481	88
482	127
483	108
484	101
485	85
486	99
487	65
488	77
489	68
490	115
491	99
492	80
493	90
494	62
495	83
496	87
497	52
498	115
499	99
500	88
501	78
502	78
503	97
504	85
505	92
506	33
507	124
508	99
509	103
510	96
511	126
512	165
513	87
514	89
515	118
516	109
517	83
518	106
519	102
520	66
521	108
522	110
523	81
524	77
525	106
526	69
527	85
528	104
529	60
530	99
531	59
532	90
533	90
534	88
535	123
536	81
537	94
538	121
539	115
540	89
541	74
542	90
543	90
544	90
545	146
546	100
547	93
548	79
549	91
550	120
551	65
552	72
553	68
554	83
555	101
556	94
557	91
558	98
559	81
560	100
561	112
562	95
563	115
564	115
565	116
566	85
567	98
568	76
569	80
570	98
571	107
572	108
573	132
574	92
575	119
576	84
577	84
578	104
579	82
580	122
581	105
582	82
583	90
584	87
585	99
586	132
587	134
588	119
589	207
590	173
591	84
592	80
593	87
594	104
595	104
596	76
597	82
598	71
599	79
600	73
601	71
602	109
603	65
604	105
605	96
606	96
607	99
608	103
609	96
610	111
611	98
612	104
613	68
614	102
615	74
616	83
617	82
618	83
619	119
620	106
621	92
622	100
623	95
624	127
625	112
626	101
627	94
628	97
629	99
630	63
631	70
632	112
633	92
634	82
635	83
636	85
637	76
638	94
639	143
640	129
641	101
642	89
643	114
644	89
645	152
646	117
647	89
648	114
649	109
650	96
651	93
652	97
653	90
654	95
655	129
656	102
657	104
658	78
659	115
660	146
661	106
662	101
663	102
664	100
665	76
666	87
667	56
668	93
669	62
670	89
671	77
672	105
673	162
674	152
675	113
676	100
677	76
678	82
679	53
680	105
681	93
682	51
683	108
684	78
685	101
686	106
687	88
688	88
689	78
690	90
691	86
692	82
693	80
694	122
695	70
696	110
697	96
698	111
699	92
700	119
701	148
702	158
703	55
704	104
705	91
706	91
707	106
708	125
709	117
710	102
711	111
712	139
713	77
714	92
715	114
716	109
717	108
718	114
719	150
720	108
721	140
722	122
723	104
724	118
725	136
726	155
727	131
728	124
729	147
730	97
731	112
732	110
733	108
734	118
735	69
736	93
737	95
738	87
739	126
740	77
741	102
742	117
743	87
744	74
745	99
746	63
747	124
748	91
749	119
750	105
751	113
752	105
753	78
754	73
755	93
756	104
757	147
758	101
759	104
760	99
761	124
762	86
763	129
764	111
765	125
766	90
767	102
768	106
769	92
770	110
771	124
772	96
773	94
774	85
775	139
776	95
777	146
778	109
779	97
780	118
781	111
782	110
783	96
784	103
785	88
786	122
787	79
788	120
789	124
790	102
791	118
792	130
793	120
794	105
795	120
796	63
797	98
798	122
799	71
800	135
801	95
802	124
803	79
804	89
805	98
806	91
807	100
808	75
809	109
810	160
811	116
812	95
813	96
814	144
815	120
816	128
817	110
818	117
819	78
820	97
821	167
822	104
823	138
824	100
825	124
826	116
827	96
828	112
829	109
830	154
831	100
832	128
833	140
834	352
835	197
836	123
837	91
838	113
839	82
840	159
841	142
842	161
843	101
844	93
845	118
846	132
847	85
848	95
849	148
850	115
851	137
852	160
853	104
854	115
855	155
856	124
857	99
858	109
859	115
860	123
861	125
862	124
863	150
864	114
865	197
866	154
867	204
868	149
869	126
870	135
871	175
872	164
873	82
874	109
875	118
876	145
877	162
878	123
879	114
880	173
881	88
882	116
883	95
884	80
885	130
886	106
887	111
888	120
889	115
890	118
891	94
892	133
893	108
894	92
895	92
896	98
897	98
898	99
899	105
900	120
901	77
902	130
903	87
904	130
905	140
906	106
907	115
908	121
909	133
910	126
911	97
912	121
913	129
914	72
915	108
916	115
917	131
918	139
919	96
920	131
921	140
922	72
923	111
924	117
925	99
926	101
927	155
928	119
929	112
930	93
931	120
932	87
933	133
934	110
935	99
936	99
937	130
938	101
939	123
940	119
941	165
942	132
943	95
944	110
945	88
946	121
947	129
948	103
949	117
950	156
951	138
952	124
953	84
954	121
955	101
956	137
957	118
958	110
959	127
960	79
961	115
962	160
963	92
964	109
965	131
966	119
967	166
968	72
969	133
970	119
971	121
972	111
973	123
974	115
975	134
976	137
977	124
978	150
979	88
980	108
981	136
982	155
983	109
984	124
985	139
986	230
987	134
988	129
989	150
990	130
991	131
992	111
993	105
994	145
995	112
996	102
997	128
998	142
999	145
1000	132
1001	170
1002	126
1003	101
1004	123
1005	135
1006	110
1007	129
1008	117
1009	176
1010	143
1011	162
1012	148
1013	145
1014	116
1015	135
1016	101
1017	123
1018	139
1019	162
1020	147
1021	128
1022	105
1023	129
1024	104
1025	105
1026	151
1027	149
1028	136
1029	102
1030	99
1031	189
1032	135
1033	163
1034	82
1035	133
1036	110
1037	131
1038	117
1039	117
1040	234
1041	131
1042	158
1043	141
1044	125
1045	119
1046	144
1047	123
1048	188
1049	160
1050	107
1051	148
1052	152
1053	134
1054	114
1055	159
1056	184
1057	85
1058	123
1059	157
1060	157
1061	131
1062	126
1063	132
1064	80
1065	111
1066	124
1067	197
1068	107
1069	87
1070	104
1071	158
1072	133
1073	127
1074	107
1075	133
1076	121
1077	129
1078	105
1079	129
1080	112
1081	127
1082	175
1083	147
1084	144
1085	147
1086	118
1087	100
1088	97
1089	147
1090	115
1091	112
1092	111
1093	120
1094	129
1095	101
1096	127
1097	134
1098	154
1099	81
1100	163
1101	178
1102	147
1103	116
1104	155
1105	172
1106	153
1107	142
1108	126
1109	124
1110	126
1111	144
1112	183
1113	141
1114	125
1115	155
1116	151
1117	179
1118	198
1119	175
1120	160
1121	205
1122	360
1123	1130
1124	560
1125	213
1126	149
1127	148
1128	148
1129	153
1130	113
1131	132
1132	117
1133	165
1134	105
1135	107
1136	174
1137	172
1138	179
1139	110
1140	138
1141	146
1142	112
1143	119
1144	118
1145	119
1146	216
1147	96
1148	119
1149	161
1150	119
1151	144
1152	77
1153	122
1154	134
1155	125
1156	153
1157	186
1158	97
1159	230
1160	168
1161	185
1162	163
1163	114
1164	182
1165	175
1166	236
1167	183
1168	213
1169	191
1170	210
1171	178
1172	179
1173	144
1174	202
1175	248
1176	412
1177	297
1178	182
1179	111
1180	155
1181	200
1182	290
1183	262
1184	195
1185	213
1186	346
1187	319
1188	281
1189	286
1190	265
1191	152
1192	162
1193	163
1194	194
1195	557
1196	280
1197	293
1198	613
1199	601
1200	854
1201	600
1202	434
1203	839
1204	1365
1205	685
1206	515
1207	1057
1208	783
1209	385
1210	385
1211	429
1212	776
1213	490
1214	290
1215	342
1216	241
1217	353
1218	387
1219	558
1220	539
1221	849
1222	697
1223	366
1224	517
1225	608
1226	429
1227	299
1228	320
1229	190
1230	154
1231	135
1232	258
1233	456
1234	605
1235	722
1236	485
1237	432
1238	515
1239	823
1240	1289
1241	1434
1242	1628
1243	1187
1244	1732
1245	1550
1246	1453
1247	868
1248	594
1249	507
1250	355
1251	480
1252	442
1253	437
1254	583
1255	688
1256	889
1257	602
1258	461
1259	519
1260	417
1261	386
1262	537
1263	542
1264	530
1265	250
1266	558
1267	553
1268	418
1269	542
1270	579
1271	851
1272	836
1273	430
1274	442
1275	490
1276	284
1277	320
1278	302
1279	306
1280	359
1281	307
1282	352
1283	266
1284	258
1285	193
1286	264
1287	496
1288	428
1289	308
1290	300
1291	327
1292	149
1293	141
1294	171
1295	261
1296	341
1297	434
1298	464
1299	333
1300	165
1301	188
1302	187
1303	165
1304	250
1305	368
1306	367
1307	388
1308	272
1309	260
1310	228
1311	275
1312	291
1313	215
1314	176
1315	183
1316	229
1317	214
1318	128
1319	152
1320	179
1321	224
1322	257
1323	260
1324	228
1325	213
1326	179
1327	136
1328	226
1329	190
1330	144
1331	220
1332	374
1333	204
1334	200
1335	192
1336	160
1337	137
1338	172
1339	119
1340	169
1341	180
1342	119
1343	128
1344	158
1345	165
1346	123
1347	176
1348	141
1349	120
1350	153
1351	193
1352	116
1353	160
1354	161
1355	135
1356	151
1357	112
1358	204
1359	159
1360	191
1361	272
1362	196
1363	129
1364	143
1365	174
1366	199
1367	218
1368	194
1369	164
1370	147
1371	105
1372	119
1373	100
1374	123
1375	178
1376	169
1377	91
1378	145
1379	143
1380	203
1381	112
1382	156
1383	205
1384	167
1385	157
1386	191
1387	152
1388	128
1389	173
1390	169
1391	125
1392	136
1393	130
1394	97
1395	136
1396	132
1397	174
1398	166
1399	106
1400	151
1401	100
1402	117
1403	137
1404	173
1405	112
1406	175
1407	139
1408	114
1409	154
1410	98
1411	115
1412	162
1413	133
1414	128
1415	115
1416	152
1417	134
1418	158
1419	154
1420	131
1421	136
1422	164
1423	143
1424	124
1425	182
1426	139
1427	151
1428	112
1429	173
1430	152
1431	129
1432	159
1433	109
1434	181
1435	158
1436	100
1437	169
1438	118
1439	135
1440	169
1441	175
1442	156
1443	161
1444	170
1445	136
1446	157
1447	140
1448	173
1449	174
1450	200
1451	209
1452	124
1453	127
1454	153
1455	165
1456	123
1457	164
1458	128
1459	104
1460	199
1461	157
1462	125
1463	183
1464	168
1465	113
1466	124
1467	168
1468	173
1469	142
1470	208
1471	123
1472	142
1473	148
1474	136
1475	166
1476	139
1477	120
1478	149
1479	136
1480	114
1481	156
1482	129
1483	123
1484	129
1485	124
1486	185
1487	112
1488	136
1489	153
1490	190
1491	135
1492	170
1493	178
1494	167
1495	127
1496	101
1497	192
1498	122
1499	150
1500	152
1501	140
1502	151
1503	123
1504	142
1505	163
1506	119
1507	181
1508	170
1509	170
1510	147
1511	174
1512	167
1513	147
1514	172
1515	164
1516	187
1517	125
1518	141
1519	138
1520	173
1521	157
1522	151
1523	147
1524	116
1525	141
1526	153
1527	141
1528	119
1529	158
1530	206
1531	155
1532	180
1533	122
1534	147
1535	193
1536	168
1537	140
1538	170
1539	151
1540	129
1541	141
1542	169
1543	199
1544	126
1545	144
1546	143
1547	162
1548	123
1549	131
1550	195
1551	142
1552	132
1553	152
1554	173
1555	162
1556	180
1557	149
1558	171
1559	146
1560	173
1561	151
1562	89
1563	164
1564	107
1565	132
1566	103
1567	170
1568	170
1569	276
1570	165
1571	176
1572	113
1573	152
1574	138
1575	172
1576	187
1577	133
1578	153
1579	140
1580	103
1581	125
1582	195
1583	112
1584	119
1585	174
1586	113
1587	196
1588	131
1589	172
1590	115
1591	166
1592	189
1593	163
1594	159
1595	206
1596	159
1597	185
1598	211
1599	133
1600	179
1601	149
1602	162
1603	164
1604	193
1605	96
1606	144
1607	182
1608	164
1609	175
1610	171
1611	142
1612	168
1613	148
1614	188
1615	144
1616	161
1617	173
1618	148
1619	158
1620	132
1621	183
1622	150
1623	133
1624	148
1625	150
1626	139
1627	169
1628	158
1629	135
1630	131
1631	143
1632	166
1633	146
1634	202
1635	163
1636	146
1637	138
1638	206
1639	128
1640	193
1641	204
1642	217
1643	219
1644	185
1645	154
1646	161
1647	156
1648	169
1649	164
1650	187
1651	164
1652	171
1653	128
1654	193
1655	171
1656	183
1657	152
1658	227
1659	137
1660	156
1661	148
1662	157
1663	143
1664	157
1665	118
1666	156
1667	181
1668	148
1669	149
1670	183
1671	149
1672	159
1673	172
1674	159
1675	171
1676	206
1677	136
1678	115
1679	199
1680	189
1681	180
1682	140
1683	161
1684	148
1685	161
1686	118
1687	141
1688	140
1689	94
1690	150
1691	201
1692	125
1693	151
1694	166
1695	169
1696	157
1697	136
1698	193
1699	152
1700	161
1701	188
1702	189
1703	194
1704	180
1705	171
1706	163
1707	152
1708	143
1709	183
1710	172
1711	161
1712	155
1713	156
1714	160
1715	150
1716	193
1717	137
1718	145
1719	167
1720	212
1721	161
1722	197
1723	176
1724	116
1725	170
1726	185
1727	98
1728	199
1729	170
1730	192
1731	176
1732	122
1733	181
1734	161
1735	159
1736	169
1737	153
1738	188
1739	189
1740	219
1741	204
1742	188
1743	178
1744	157
1745	131
1746	190
1747	220
1748	174
1749	131
1750	170
1751	176
1752	145
1753	103
1754	156
1755	183
1756	208
1757	140
1758	206
1759	223
1760	188
1761	168
1762	183
1763	196
1764	187
1765	143
1766	174
1767	189
1768	175
1769	187
1770	96
1771	173
1772	207
1773	274
1774	213
1775	170
1776	202
1777	166
1778	217
1779	155
1780	184
1781	197
1782	169
1783	217
1784	168
1785	188
1786	137
1787	121
1788	175
1789	167
1790	179
1791	176
1792	176
1793	155
1794	164
1795	191
1796	169
1797	163
1798	196
1799	183
1800	199
1801	125
1802	192
1803	134
1804	184
1805	166
1806	188
1807	160
1808	240
1809	196
1810	138
1811	161
1812	161
1813	207
1814	208
1815	292
1816	233
1817	233
1818	185
1819	236
1820	165
1821	219
1822	162
1823	246
1824	157
1825	145
1826	200
1827	194
1828	133
1829	198
1830	173
1831	157
1832	159
1833	178
1834	181
1835	192
1836	218
1837	254
1838	161
1839	217
1840	166
1841	147
1842	178
1843	181
1844	194
1845	217
1846	185
1847	180
1848	203
1849	157
1850	180
1851	164
1852	155
1853	176
1854	183
1855	203
1856	166
1857	181
1858	203
1859	243
1860	206
1861	140
1862	173
1863	161
1864	151
1865	159
1866	166
1867	181
1868	211
1869	231
1870	264
1871	219
1872	176
1873	178
1874	141
1875	152
1876	148
1877	168
1878	156
1879	191
1880	180
1881	185
1882	178
1883	181
1884	185
1885	167
1886	170
1887	209
1888	204
1889	228
1890	176
1891	204
1892	207
1893	198
1894	213
1895	226
1896	193
1897	226
1898	255
1899	259
1900	227
1901	207
1902	143
1903	202
1904	198
1905	158
1906	247
1907	170
1908	155
1909	182
1910	207
1911	168
1912	173
1913	167
1914	245
1915	220
1916	246
1917	179
1918	170
1919	154
1920	180
1921	228
1922	178
1923	195
1924	166
1925	176
1926	184
1927	250
1928	230
1929	296
1930	246
1931	218
1932	227
1933	208
1934	181
1935	210
1936	220
1937	201
1938	219
1939	230
1940	247
1941	208
1942	167
1943	216
1944	215
1945	223
1946	192
1947	238
1948	174
1949	292
1950	281
1951	246
1952	175
1953	232
1954	220
1955	236
1956	227
1957	213
1958	171
1959	188
1960	176
1961	232
1962	182
1963	202
1964	213
1965	200
1966	168
1967	210
1968	204
1969	216
1970	187
1971	235
1972	262
1973	213
1974	207
1975	234
1976	261
1977	232
1978	214
1979	242
1980	205
1981	157
1982	184
1983	195
1984	133
1985	141
1986	208
1987	237
1988	262
1989	180
1990	177
1991	227
1992	239
1993	170
1994	245
1995	185
1996	158
1997	214
1998	217
1999	227
2000	174
2001	212
2002	221
2003	239
2004	293
2005	173
2006	172
2007	178
2008	174
2009	195
2010	231
2011	212
2012	223
2013	218
2014	275
2015	174
2016	200
2017	151
2018	128
2019	207
2020	166
2021	202
2022	250
2023	168
2024	149
2025	175
2026	132
2027	188
2028	173
2029	235
2030	180
2031	130
2032	151
2033	133
2034	148
2035	148
2036	174
2037	138
2038	155
2039	121
2040	129
2041	125
2042	125
2043	120
2044	143
2045	124
2046	152
2047	131
