Instrument: Andor
X Size: 2048
Y Size: 64
Total Flux: 0.000
Total Counts: 398608
Background: 314.000000
Curvature: 0.0
Clipped to ROI: No
ROI: 1309 526 2539 1627
X	Counts
0	140
1	102
2	107
3	105
4	58
5	73
6	119
7	104
8	138
9	87
10	66
11	119
12	167
13	85
14	55
15	116
16	108
17	99
18	118
19	58
20	115
21	91
22	83
23	118
24	84
25	87
26	112
27	64
28	70
29	88
30	124
31	75
32	110
33	95
34	98
35	93
36	60
37	129
38	85
39	104
40	77
41	86
42	76
43	163
44	131
45	123
46	58
47	105
48	118
49	99
50	82
51	88
52	121
53	96
54	117
55	96
56	86
57	121
58	88
59	109
60	109
61	100
62	70
63	120
64	121
65	88
66	94
67	90
68	79
69	87
70	119
71	102
72	147
73	112
74	84
75	105
76	175
77	114
78	264
79	108
80	104
81	99
82	92
83	83
84	130
85	135
86	175
87	93
88	104
89	107
90	116
91	110
92	110
93	84
94	105
95	102
96	105
97	92
98	98
99	96
100	99
101	122
102	103
103	108
104	86
105	114
106	99
107	109
108	47
109	152
110	151
111	103
112	105
113	126
114	132
115	98
116	119
117	98
118	95
119	96
120	102
121	78
122	118
123	125
124	128
125	112
126	106
127	102
128	65
129	67
130	107
131	105
132	84
133	89
134	35
135	147
136	108
137	94
138	138
139	117
140	129
141	158
142	119
143	166
144	105
145	90
146	132
147	102
148	123
149	107
150	115
151	155
152	125
153	79
154	105
155	110
156	115
157	69
158	103
159	119
160	115
161	246
162	213
163	119
164	136
165	93
166	171
167	157
168	105
169	97
170	109
171	51
172	108
173	112
174	105
175	102
176	87
177	141
178	96
179	103
180	113
181	82
182	143
183	74
184	95
185	121
186	124
187	90
188	87
189	100
190	110
191	117
192	126
193	113
194	99
195	88
196	78
197	82
198	109
199	101
200	127
201	74
202	139
203	109
204	63
205	109
206	120
207	101
208	108
209	106
210	73
211	78
212	89
213	66
214	102
215	94
216	98
217	104
218	85
219	89
220	129
221	99
222	77
223	78
224	75
225	92
226	88
227	104
228	63
229	101
230	110
231	117
232	94
233	85
234	87
235	119
236	92
237	136
238	127
239	107
240	93
241	121
242	151
243	173
244	109
245	107
246	114
247	93
248	111
249	104
250	104
251	104
252	97
253	128
254	85
255	94
256	102
257	88
258	85
259	89
260	138
261	133
262	117
263	97
264	109
265	97
266	103
267	97
268	146
269	92
270	95
271	90
272	82
273	93
274	78
275	79
276	105
277	95
278	118
279	135
280	115
281	128
282	105
283	96
284	86
285	82
286	98
287	124
288	74
289	109
290	71
291	101
292	130
293	109
294	78
295	88
296	77
297	112
298	115
299	89
300	62
301	113
302	72
303	103
304	125
305	101
306	64
307	103
308	99
309	105
310	130
311	98
312	79
313	90
314	80
315	88
316	135
317	94
318	131
319	91
320	110
321	95
322	97
323	74
324	116
325	122
326	133
327	99
328	121
329	73
330	120
331	72
332	98
333	87
334	90
335	151
336	286
337	146
338	112
339	98
340	118
341	117
342	118
343	106
344	98
345	99
346	123
347	111
348	118
349	78
350	113
351	114
352	88
353	140
354	105
355	76
356	77
357	110
358	115
359	115
360	112
361	196
362	188
363	75
364	91
365	104
366	76
367	105
368	118
369	99
370	134
371	85
372	68
373	113
374	55
375	100
376	80
377	91
378	82
379	143
380	141
381	163
382	98
383	99
384	131
385	93
386	203
387	194
388	85
389	67
390	84
391	102
392	88
393	58
394	118
395	67
396	134
397	69
398	117
399	115
400	105
401	114
402	115
403	94
404	94
405	89
406	106
407	113
408	109
409	123
410	111
411	119
412	124
413	69
414	89
415	86
416	127
417	77
418	71
419	109
420	117
421	90
422	98
423	103
424	124
425	98
426	69
427	109
428	143
429	98
430	79
431	110
432	100
433	123
434	107
435	103
436	89
437	111
438	134
439	94
440	126
441	85
442	127
443	114
444	124
445	143
446	114
447	134
448	68
449	106
450	108
451	137
452	113
453	114
454	118
455	90
456	110
457	137
458	136
459	109
460	110
461	127
462	130
463	94
464	135
465	151
466	119
467	123
468	126
469	138
470	183
471	171
472	132
473	108
474	169
475	78
476	107
477	113
478	147
479	87
480	119
481	150
482	121
483	161
484	146
485	109
486	92
487	93
488	96
489	136
490	136
491	201
492	175
493	159
494	101
495	92
496	120
497	97
498	90
499	136
500	115
501	130
502	55
503	90
504	137
505	138
506	96
507	76
508	112
509	105
510	99
511	107
512	100
513	84
514	115
515	109
516	100
517	120
518	102
519	104
520	112
521	111
522	131
523	87
524	159
525	182
526	106
527	112
528	130
529	192
530	217
531	107
532	100
533	121
534	164
535	130
536	85
537	115
538	152
539	149
540	108
541	87
542	108
543	96
544	124
545	120
546	129
547	168
548	134
549	104
550	102
551	85
552	99
553	142
554	159
555	108
556	110
557	135
558	163
559	141
560	145
561	116
562	116
563	155
564	153
565	82
566	101
567	86
568	126
569	100
570	108
571	172
572	155
573	136
574	160
575	116
576	118
577	131
578	107
579	105
580	104
581	86
582	107
583	99
584	87
585	147
586	80
587	117
588	120
589	109
590	108
591	111
592	114
593	92
594	90
595	115
596	113
597	120
598	120
599	177
600	153
601	116
602	96
603	134
604	84
605	100
606	139
607	77
608	119
609	122
610	138
611	106
612	96
613	85
614	138
615	97
616	200
617	149
618	165
619	191
620	120
621	145
622	125
623	88
624	123
625	102
626	147
627	155
628	144
629	210
630	90
631	138
632	146
633	104
634	138
635	95
636	183
637	269
638	258
639	164
640	122
641	110
642	109
643	140
644	96
645	118
646	92
647	132
648	137
649	93
650	119
651	111
652	100
653	225
654	319
655	128
656	154
657	248
658	376
659	467
660	181
661	86
662	178
663	163
664	136
665	265
666	364
667	147
668	124
669	95
670	143
671	109
672	144
673	99
674	76
675	125
676	128
677	171
678	135
679	149
680	186
681	135
682	114
683	151
684	208
685	255
686	238
687	140
688	148
689	70
690	155
691	121
692	170
693	122
694	141
695	79
696	132
697	146
698	163
699	102
700	253
701	231
702	115
703	149
704	103
705	155
706	106
707	116
708	121
709	121
710	153
711	104
712	193
713	122
714	149
715	167
716	155
717	84
718	129
719	192
720	175
721	111
722	112
723	107
724	112
725	140
726	123
727	88
728	118
729	153
730	111
731	90
732	117
733	126
734	132
735	172
736	81
737	151
738	88
739	123
740	146
741	145
742	227
743	164
744	110
745	131
746	137
747	136
748	113
749	159
750	295
751	256
752	114
753	121
754	119
755	138
756	150
757	163
758	189
759	148
760	86
761	125
762	92
763	150
764	157
765	186
766	119
767	86
768	142
769	116
770	173
771	153
772	146
773	124
774	118
775	124
776	166
777	148
778	134
779	164
780	233
781	192
782	158
783	127
784	171
785	102
786	153
787	118
788	127
789	91
790	113
791	127
792	192
793	144
794	142
795	132
796	107
797	105
798	117
799	121
800	126
801	155
802	106
803	115
804	130
805	109
806	143
807	130
808	137
809	130
810	139
811	151
812	99
813	101
814	144
815	132
816	112
817	144
818	130
819	101
820	111
821	142
822	119
823	133
824	107
825	140
826	197
827	200
828	175
829	137
830	134
831	168
832	111
833	168
834	123
835	133
836	146
837	125
838	286
839	174
840	111
841	152
842	159
843	116
844	178
845	197
846	157
847	116
848	124
849	111
850	100
851	120
852	148
853	153
854	167
855	145
856	141
857	153
858	118
859	111
860	157
861	189
862	191
863	147
864	165
865	144
866	150
867	219
868	174
869	106
870	141
871	130
872	163
873	81
874	132
875	180
876	153
877	156
878	181
879	177
880	147
881	158
882	162
883	131
884	179
885	130
886	73
887	136
888	126
889	121
890	128
891	136
892	114
893	172
894	208
895	157
896	100
897	123
898	121
899	89
900	186
901	143
902	159
903	211
904	128
905	150
906	268
907	263
908	138
909	89
910	153
911	121
912	112
913	105
914	172
915	233
916	140
917	143
918	162
919	179
920	181
921	132
922	152
923	110
924	142
925	116
926	110
927	164
928	113
929	149
930	116
931	144
932	170
933	141
934	166
935	187
936	202
937	209
938	215
939	123
940	126
941	247
942	186
943	129
944	196
945	151
946	138
947	190
948	96
949	115
950	129
951	140
952	155
953	131
954	106
955	108
956	146
957	140
958	194
959	176
960	120
961	155
962	157
963	163
964	168
965	156
966	113
967	112
968	119
969	158
970	145
971	110
972	152
973	141
974	106
975	118
976	154
977	174
978	157
979	170
980	164
981	140
982	142
983	149
984	154
985	149
986	143
987	134
988	191
989	238
990	210
991	320
992	201
993	120
994	155
995	132
996	177
997	117
998	114
999	150
1000	158
1001	172
1002	78
1003	151
1004	129
1005	127
1006	174
1007	157
1008	148
1009	115
1010	129
1011	202
1012	183
1013	148
1014	217
1015	161
1016	143
1017	111
1018	159
1019	165
1020	109
1021	149
1022	128
1023	124
1024	153
1025	152
1026	110
1027	152
1028	202
1029	151
1030	174
1031	236
1032	168
1033	172
1034	151
1035	137
1036	157
1037	125
1038	146
1039	148
1040	151
1041	121
1042	143
1043	165
1044	145
1045	179
1046	140
1047	150
1048	235
1049	166
1050	150
1051	129
1052	204
1053	126
1054	150
1055	195
1056	202
1057	135
1058	121
1059	150
1060	177
1061	149
1062	173
1063	139
1064	134
1065	166
1066	146
1067	128
1068	138
1069	116
1070	147
1071	130
1072	153
1073	129
1074	115
1075	149
1076	123
1077	156
1078	132
1079	215
1080	156
1081	215
1082	193
1083	172
1084	153
1085	186
1086	178
1087	140
1088	159
1089	154
1090	132
1091	156
1092	188
1093	151
1094	153
1095	147
1096	117
1097	157
1098	217
1099	161
1100	148
1101	201
1102	243
1103	575
1104	337
1105	193
1106	158
1107	133
1108	161
1109	178
1110	124
1111	160
1112	201
1113	244
1114	181
1115	155
1116	133
1117	287
1118	163
1119	117
1120	151
1121	178
1122	131
1123	172
1124	218
1125	158
1126	163
1127	258
1128	238
1129	162
1130	217
1131	278
1132	118
1133	212
1134	167
1135	133
1136	123
1137	203
1138	127
1139	164
1140	128
1141	148
1142	175
1143	188
1144	217
1145	139
1146	179
1147	134
1148	198
1149	228
1150	367
1151	184
1152	145
1153	160
1154	207
1155	291
1156	139
1157	232
1158	153
1159	164
1160	160
1161	174
1162	162
1163	160
1164	166
1165	174
1166	336
1167	269
1168	214
1169	148
1170	238
1171	311
1172	591
1173	337
1174	265
1175	303
1176	359
1177	318
1178	332
1179	707
1180	608
1181	244
1182	320
1183	341
1184	166
1185	202
1186	248
1187	258
1188	398
1189	298
1190	556
1191	660
1192	383
1193	629
1194	544
1195	626
1196	808
1197	966
1198	1226
1199	897
1200	1299
1201	1583
1202	1148
1203	1680
1204	2101
1205	1748
1206	1383
1207	1542
1208	1941
1209	2370
1210	1615
1211	1665
1212	2041
1213	1127
1214	1008
1215	1352
1216	1138
1217	1385
1218	1042
1219	819
1220	921
1221	548
1222	849
1223	710
1224	457
1225	1032
1226	1471
1227	1565
1228	2161
1229	1649
1230	2065
1231	1844
1232	1167
1233	1020
1234	682
1235	594
1236	483
1237	698
1238	562
1239	452
1240	481
1241	446
1242	446
1243	639
1244	459
1245	257
1246	447
1247	290
1248	324
1249	347
1250	468
1251	811
1252	488
1253	513
1254	353
1255	397
1256	528
1257	823
1258	939
1259	751
1260	298
1261	366
1262	586
1263	535
1264	349
1265	419
1266	629
1267	547
1268	513
1269	678
1270	653
1271	385
1272	661
1273	663
1274	579
1275	338
1276	263
1277	511
1278	407
1279	276
1280	464
1281	272
1282	283
1283	356
1284	466
1285	271
1286	493
1287	314
1288	306
1289	388
1290	447
1291	462
1292	467
1293	482
1294	311
1295	598
1296	473
1297	329
1298	363
1299	636
1300	488
1301	334
1302	455
1303	309
1304	195
1305	273
1306	207
1307	178
1308	152
1309	236
1310	195
1311	278
1312	206
1313	226
1314	204
1315	193
1316	181
1317	214
1318	227
1319	164
1320	241
1321	217
1322	260
1323	154
1324	226
1325	171
1326	142
1327	155
1328	166
1329	174
1330	210
1331	306
1332	238
1333	183
1334	205
1335	208
1336	132
1337	178
1338	241
1339	223
1340	235
1341	176
1342	202
1343	185
1344	256
1345	230
1346	176
1347	133
1348	161
1349	151
1350	156
1351	161
1352	210
1353	217
1354	183
1355	144
1356	176
1357	170
1358	127
1359	174
1360	176
1361	169
1362	146
1363	134
1364	165
1365	182
1366	185
1367	206
1368	244
1369	138
1370	166
1371	136
1372	155
1373	184
1374	139
1375	192
1376	190
1377	192
1378	228
1379	167
1380	197
1381	150
1382	132
1383	198
1384	96
1385	230
1386	208
1387	181
1388	146
1389	176
1390	164
1391	166
1392	159
1393	167
1394	121
1395	188
1396	170
1397	198
1398	187
1399	133
1400	131
1401	130
1402	210
1403	187
1404	158
1405	169
1406	180
1407	204
1408	158
1409	197
1410	175
1411	140
1412	171
1413	160
1414	153
1415	91
1416	159
1417	184
1418	157
1419	140
1420	135
1421	190
1422	207
1423	159
1424	180
1425	140
1426	184
1427	206
1428	168
1429	249
1430	240
1431	240
1432	197
1433	154
1434	177
1435	176
1436	197
1437	189
1438	160
1439	149
1440	170
1441	172
1442	138
1443	157
1444	197
1445	204
1446	153
1447	154
1448	176
1449	173
1450	174
1451	181
1452	163
1453	164
1454	154
1455	241
1456	148
1457	177
1458	135
1459	162
1460	232
1461	138
1462	113
1463	203
1464	161
1465	120
1466	156
1467	170
1468	196
1469	180
1470	163
1471	178
1472	189
1473	255
1474	152
1475	162
1476	198
1477	130
1478	180
1479	136
1480	131
1481	217
1482	207
1483	228
1484	183
1485	160
1486	280
1487	169
1488	155
1489	139
1490	257
1491	198
1492	139
1493	228
1494	206
1495	183
1496	167
1497	231
1498	186
1499	194
1500	230
1501	191
1502	291
1503	217
1504	200
1505	159
1506	142
1507	198
1508	181
1509	193
1510	180
1511	176
1512	178
1513	204
1514	222
1515	173
1516	265
1517	234
1518	186
1519	190
1520	190
1521	149
1522	225
1523	160
1524	214
1525	231
1526	197
1527	165
1528	167
1529	226
1530	231
1531	149
1532	211
1533	138
1534	149
1535	169
1536	167
1537	140
1538	164
1539	141
1540	162
1541	231
1542	165
1543	150
1544	276
1545	188
1546	207
1547	166
1548	136
1549	170
1550	201
1551	157
1552	203
1553	128
1554	160
1555	189
1556	206
1557	191
1558	180
1559	183
1560	159
1561	158
1562	152
1563	152
1564	164
1565	166
1566	192
1567	178
1568	170
1569	215
1570	172
1571	141
1572	164
1573	200
1574	201
1575	126
1576	130
1577	159
1578	174
1579	205
1580	184
1581	246
1582	251
1583	142
1584	156
1585	183
1586	178
1587	197
1588	175
1589	152
1590	147
1591	197
1592	223
1593	252
1594	210
1595	211
1596	169
1597	197
1598	179
1599	190
1600	209
1601	151
1602	151
1603	180
1604	170
1605	231
1606	151
1607	228
1608	180
1609	184
1610	192
1611	209
1612	167
1613	281
1614	260
1615	225
1616	210
1617	185
1618	202
1619	145
1620	152
1621	172
1622	188
1623	177
1624	192
1625	231
1626	214
1627	195
1628	216
1629	134
1630	149
1631	192
1632	177
1633	199
1634	204
1635	184
1636	181
1637	183
1638	205
1639	162
1640	208
1641	187
1642	143
1643	211
1644	171
1645	170
1646	183
1647	158
1648	185
1649	172
1650	229
1651	246
1652	203
1653	167
1654	216
1655	224
1656	193
1657	204
1658	216
1659	187
1660	225
1661	183
1662	201
1663	231
1664	284
1665	263
1666	196
1667	220
1668	144
1669	240
1670	188
1671	160
1672	164
1673	148
1674	140
1675	226
1676	217
1677	220
1678	133
1679	205
1680	238
1681	203
1682	136
1683	248
1684	193
1685	180
1686	130
1687	152
1688	157
1689	117
1690	166
1691	287
1692	166
1693	201
1694	204
1695	220
1696	279
1697	134
1698	192
1699	159
1700	203
1701	200
1702	175
1703	196
1704	159
1705	171
1706	163
1707	196
1708	186
1709	191
1710	194
1711	171
1712	208
1713	187
1714	160
1715	182
1716	243
1717	187
1718	170
1719	179
1720	185
1721	219
1722	197
1723	221
1724	142
1725	171
1726	241
1727	197
1728	188
1729	149
1730	223
1731	205
1732	190
1733	233
1734	226
1735	291
1736	192
1737	180
1738	232
1739	205
1740	247
1741	216
1742	259
1743	242
1744	299
1745	246
1746	234
1747	192
1748	214
1749	221
1750	196
1751	246
1752	235
1753	530
1754	496
1755	389
1756	215
1757	191
1758	230
1759	248
1760	194
1761	248
1762	227
1763	219
1764	165
1765	267
1766	305
1767	302
1768	363
1769	378
1770	193
1771	174
1772	247
1773	193
1774	238
1775	207
1776	182
1777	183
1778	195
1779	224
1780	216
1781	216
1782	174
1783	222
1784	214
1785	210
1786	188
1787	182
1788	173
1789	188
1790	234
1791	196
1792	264
1793	241
1794	220
1795	211
1796	256
1797	199
1798	226
1799	231
1800	203
1801	189
1802	236
1803	184
1804	209
1805	213
1806	206
1807	224
1808	164
1809	146
1810	203
1811	190
1812	142
1813	203
1814	215
1815	248
1816	232
1817	192
1818	166
1819	242
1820	230
1821	236
1822	214
1823	207
1824	215
1825	252
1826	208
1827	217
1828	177
1829	215
1830	211
1831	201
1832	186
1833	236
1834	200
1835	153
1836	224
1837	273
1838	178
1839	279
1840	212
1841	238
1842	218
1843	201
1844	157
1845	228
1846	175
1847	207
1848	185
1849	220
1850	216
1851	197
1852	118
1853	193
1854	279
1855	287
1856	274
1857	209
1858	227
1859	219
1860	241
1861	205
1862	206
1863	144
1864	206
1865	165
1866	160
1867	199
1868	239
1869	269
1870	261
1871	227
1872	170
1873	224
1874	197
1875	183
1876	227
1877	254
1878	336
1879	241
1880	245
1881	211
1882	221
1883	225
1884	184
1885	232
1886	213
1887	266
1888	268
1889	265
1890	169
1891	217
1892	263
1893	183
1894	240
1895	219
1896	231
1897	235
1898	246
1899	272
1900	227
1901	314
1902	181
1903	240
1904	242
1905	216
1906	199
1907	187
1908	239
1909	237
1910	201
1911	174
1912	229
1913	159
1914	247
1915	238
1916	265
1917	202
1918	204
1919	222
1920	178
1921	233
1922	280
1923	297
1924	235
1925	240
1926	236
1927	276
1928	231
1929	217
1930	245
1931	211
1932	208
1933	173
1934	237
1935	266
1936	262
1937	286
1938	265
1939	261
1940	220
1941	231
1942	178
1943	229
1944	230
1945	161
1946	232
1947	274
1948	290
1949	252
1950	264
1951	236
1952	218
1953	216
1954	213
1955	289
1956	308
1957	246
1958	175
1959	212
1960	132
1961	307
1962	202
1963	317
1964	312
1965	252
1966	299
1967	175
1968	238
1969	302
1970	313
1971	234
1972	236
1973	206
1974	223
1975	243
1976	253
1977	223
1978	219
1979	283
1980	264
1981	189
1982	248
1983	192
1984	180
1985	243
1986	262
1987	195
1988	243
1989	236
1990	230
1991	224
1992	254
1993	247
1994	193
1995	210
1996	208
1997	287
1998	222
1999	288
2000	192
2001	321
2002	236
2003	212
2004	258
2005	230
2006	182
2007	187
2008	198
2009	256
2010	229
2011	190
2012	241
2013	239
2014	243
2015	278
2016	300
2017	281
2018	234
2019	221
2020	263
2021	278
2022	218
2023	201
2024	233
2025	212
2026	221
2027	174
2028	258
2029	245
2030	230
2031	188
2032	340
2033	267
2034	298
2035	231
2036	251
2037	128
2038	145
2039	151
2040	121
2041	142
2042	134
2043	172
2044	328
2045	193
2046	99
2047	130
