Instrument: Andor
X Size: 2048
Y Size: 64
Total Flux: 0.000
Total Counts: 293396
Background: 314.000000
Curvature: 0.0
Clipped to ROI: No
ROI: 1309 526 2539 1627
X	Counts
0	104
1	76
2	61
3	85
4	39
5	61
6	85
7	67
8	70
9	51
10	58
11	67
12	114
13	52
14	79
15	97
16	71
17	88
18	112
19	37
20	87
21	88
22	53
23	65
24	112
25	102
26	38
27	70
28	53
29	55
30	58
31	61
32	56
33	68
34	92
35	52
36	45
37	73
38	144
39	93
40	86
41	69
42	90
43	95
44	44
45	77
46	55
47	69
48	95
49	83
50	106
51	71
52	70
53	87
54	64
55	58
56	78
57	90
58	84
59	67
60	72
61	58
62	90
63	57
64	63
65	74
66	83
67	87
68	53
69	49
70	53
71	75
72	55
73	85
74	90
75	95
76	54
77	83
78	54
79	98
80	71
81	74
82	90
83	92
84	60
85	67
86	48
87	69
88	101
89	81
90	70
91	70
92	98
93	86
94	46
95	49
96	81
97	68
98	78
99	63
100	96
101	89
102	64
103	130
104	55
105	57
106	92
107	50
108	95
109	65
110	65
111	70
112	92
113	67
114	133
115	66
116	85
117	64
118	92
119	82
120	69
121	74
122	62
123	75
124	81
125	73
126	64
127	78
128	73
129	63
130	76
131	57
132	80
133	84
134	103
135	82
136	76
137	73
138	84
139	72
140	93
141	102
142	77
143	106
144	59
145	66
146	73
147	94
148	57
149	65
150	84
151	100
152	86
153	78
154	87
155	82
156	74
157	73
158	52
159	69
160	87
161	80
162	90
163	83
164	71
165	71
166	86
167	115
168	77
169	90
170	105
171	76
172	41
173	107
174	93
175	68
176	82
177	73
178	100
179	65
180	90
181	80
182	96
183	71
184	83
185	74
186	50
187	66
188	112
189	114
190	140
191	90
192	64
193	50
194	58
195	53
196	47
197	60
198	41
199	53
200	49
201	75
202	58
203	92
204	75
205	71
206	76
207	61
208	94
209	59
210	87
211	70
212	62
213	67
214	90
215	62
216	80
217	72
218	47
219	54
220	104
221	84
222	68
223	95
224	64
225	97
226	89
227	92
228	91
229	55
230	96
231	100
232	74
233	141
234	74
235	92
236	49
237	126
238	79
239	77
240	67
241	41
242	105
243	53
244	97
245	55
246	77
247	77
248	41
249	84
250	66
251	58
252	63
253	120
254	63
255	60
256	106
257	62
258	88
259	73
260	79
261	76
262	68
263	85
264	102
265	63
266	63
267	75
268	65
269	72
270	110
271	86
272	68
273	46
274	62
275	71
276	77
277	80
278	64
279	61
280	81
281	57
282	51
283	64
284	44
285	44
286	88
287	109
288	49
289	59
290	62
291	68
292	52
293	91
294	95
295	44
296	86
297	53
298	86
299	116
300	83
301	77
302	102
303	80
304	92
305	65
306	72
307	52
308	77
309	102
310	45
311	92
312	70
313	46
314	78
315	61
316	58
317	84
318	51
319	60
320	75
321	48
322	98
323	68
324	72
325	58
326	45
327	66
328	80
329	63
330	51
331	54
332	66
333	86
334	81
335	77
336	99
337	81
338	74
339	90
340	78
341	85
342	71
343	54
344	49
345	89
346	89
347	75
348	65
349	75
350	72
351	112
352	115
353	61
354	98
355	94
356	68
357	42
358	66
359	88
360	66
361	52
362	137
363	90
364	94
365	91
366	63
367	69
368	71
369	59
370	91
371	67
372	82
373	69
374	86
375	61
376	85
377	70
378	61
379	77
380	126
381	65
382	75
383	70
384	65
385	94
386	47
387	68
388	65
389	85
390	81
391	59
392	57
393	91
394	68
395	74
396	85
397	75
398	68
399	78
400	89
401	54
402	76
403	100
404	90
405	97
406	106
407	93
408	95
409	86
410	69
411	90
412	84
413	89
414	57
415	92
416	85
417	57
418	98
419	76
420	67
421	74
422	81
423	69
424	60
425	79
426	77
427	53
428	93
429	75
430	128
431	120
432	106
433	60
434	89
435	64
436	98
437	121
438	99
439	95
440	90
441	101
442	63
443	68
444	118
445	111
446	83
447	68
448	85
449	95
450	57
451	93
452	76
453	63
454	97
455	58
456	100
457	122
458	105
459	88
460	62
461	95
462	94
463	91
464	53
465	59
466	78
467	74
468	55
469	59
470	65
471	103
472	105
473	98
474	76
475	76
476	167
477	110
478	126
479	101
480	124
481	139
482	149
483	97
484	73
485	98
486	121
487	78
488	89
489	79
490	101
491	85
492	82
493	114
494	101
495	46
496	105
497	77
498	113
499	87
500	62
501	56
502	60
503	102
504	84
505	88
506	98
507	60
508	78
509	113
510	96
511	103
512	71
513	119
514	63
515	86
516	75
517	74
518	135
519	80
520	46
521	96
522	126
523	88
524	90
525	81
526	102
527	85
528	67
529	59
530	65
531	83
532	106
533	101
534	151
535	104
536	57
537	77
538	69
539	158
540	63
541	175
542	93
543	133
544	85
545	66
546	86
547	116
548	154
549	104
550	83
551	68
552	83
553	71
554	75
555	86
556	111
557	83
558	71
559	64
560	109
561	61
562	101
563	98
564	99
565	78
566	97
567	92
568	89
569	71
570	129
571	97
572	77
573	88
574	81
575	66
576	58
577	77
578	59
579	73
580	68
581	77
582	76
583	98
584	80
585	94
586	55
587	79
588	74
589	46
590	122
591	74
592	116
593	64
594	80
595	81
596	77
597	117
598	87
599	149
600	144
601	97
602	51
603	73
604	51
605	86
606	99
607	89
608	108
609	66
610	131
611	172
612	73
613	108
614	103
615	65
616	81
617	92
618	81
619	89
620	67
621	91
622	111
623	76
624	116
625	91
626	59
627	85
628	72
629	115
630	66
631	107
632	72
633	85
634	90
635	61
636	81
637	66
638	88
639	100
640	64
641	104
642	80
643	67
644	66
645	95
646	94
647	96
648	141
649	89
650	83
651	79
652	83
653	84
654	66
655	85
656	78
657	82
658	75
659	78
660	84
661	140
662	379
663	111
664	115
665	68
666	204
667	127
668	421
669	462
670	115
671	105
672	103
673	103
674	211
675	99
676	103
677	125
678	79
679	59
680	82
681	73
682	65
683	74
684	52
685	95
686	85
687	114
688	80
689	55
690	112
691	88
692	103
693	79
694	74
695	69
696	130
697	208
698	159
699	113
700	74
701	95
702	74
703	75
704	92
705	145
706	101
707	158
708	79
709	109
710	86
711	77
712	79
713	101
714	75
715	99
716	146
717	65
718	146
719	133
720	93
721	111
722	76
723	86
724	87
725	122
726	84
727	98
728	102
729	94
730	115
731	94
732	121
733	56
734	84
735	96
736	74
737	84
738	91
739	87
740	96
741	62
742	122
743	72
744	82
745	90
746	95
747	58
748	61
749	112
750	89
751	56
752	124
753	66
754	101
755	91
756	72
757	144
758	82
759	91
760	76
761	100
762	86
763	90
764	115
765	84
766	93
767	78
768	132
769	109
770	84
771	100
772	101
773	110
774	105
775	125
776	107
777	82
778	91
779	107
780	104
781	112
782	68
783	82
784	96
785	65
786	123
787	81
788	129
789	151
790	87
791	117
792	83
793	123
794	107
795	90
796	93
797	160
798	111
799	79
800	105
801	100
802	101
803	150
804	85
805	67
806	77
807	113
808	81
809	106
810	113
811	140
812	84
813	98
814	82
815	124
816	109
817	91
818	113
819	113
820	79
821	131
822	88
823	92
824	94
825	105
826	108
827	80
828	87
829	135
830	107
831	105
832	94
833	105
834	86
835	117
836	98
837	91
838	101
839	125
840	153
841	216
842	235
843	116
844	144
845	137
846	88
847	90
848	113
849	104
850	97
851	99
852	85
853	114
854	124
855	92
856	99
857	128
858	97
859	82
860	135
861	108
862	100
863	117
864	94
865	105
866	95
867	110
868	131
869	105
870	73
871	123
872	99
873	85
874	101
875	102
876	103
877	101
878	87
879	159
880	87
881	108
882	130
883	85
884	108
885	75
886	61
887	86
888	87
889	103
890	89
891	101
892	102
893	73
894	79
895	109
896	105
897	116
898	80
899	99
900	91
901	89
902	85
903	84
904	123
905	131
906	121
907	73
908	95
909	79
910	113
911	84
912	78
913	77
914	103
915	162
916	133
917	109
918	124
919	84
920	148
921	90
922	98
923	96
924	132
925	105
926	109
927	102
928	82
929	99
930	133
931	96
932	110
933	98
934	96
935	125
936	114
937	101
938	114
939	94
940	111
941	121
942	77
943	129
944	100
945	109
946	111
947	97
948	147
949	92
950	145
951	101
952	206
953	108
954	88
955	105
956	122
957	96
958	139
959	117
960	76
961	119
962	140
963	87
964	119
965	126
966	103
967	97
968	94
969	83
970	100
971	117
972	61
973	81
974	82
975	97
976	139
977	96
978	120
979	97
980	116
981	147
982	116
983	92
984	107
985	77
986	100
987	112
988	104
989	101
990	105
991	110
992	83
993	134
994	87
995	79
996	91
997	118
998	115
999	119
1000	116
1001	97
1002	70
1003	130
1004	125
1005	107
1006	219
1007	92
1008	97
1009	132
1010	77
1011	91
1012	111
1013	114
1014	124
1015	117
1016	105
1017	117
1018	160
1019	118
1020	115
1021	132
1022	117
1023	125
1024	120
1025	105
1026	111
1027	129
1028	124
1029	93
1030	89
1031	138
1032	146
1033	156
1034	94
1035	154
1036	124
1037	104
1038	135
1039	113
1040	107
1041	76
1042	115
1043	96
1044	106
1045	142
1046	87
1047	155
1048	107
1049	108
1050	75
1051	78
1052	127
1053	138
1054	95
1055	142
1056	195
1057	105
1058	203
1059	347
1060	126
1061	157
1062	122
1063	151
1064	132
1065	136
1066	126
1067	172
1068	173
1069	162
1070	213
1071	157
1072	184
1073	147
1074	119
1075	105
1076	89
1077	129
1078	84
1079	105
1080	116
1081	142
1082	171
1083	126
1084	127
1085	97
1086	123
1087	97
1088	106
1089	92
1090	87
1091	179
1092	99
1093	113
1094	90
1095	114
1096	124
1097	97
1098	127
1099	121
1100	63
1101	178
1102	140
1103	101
1104	92
1105	113
1106	119
1107	122
1108	127
1109	125
1110	139
1111	119
1112	137
1113	136
1114	122
1115	111
1116	95
1117	126
1118	121
1119	113
1120	138
1121	190
1122	310
1123	169
1124	128
1125	141
1126	175
1127	170
1128	147
1129	129
1130	142
1131	135
1132	136
1133	135
1134	138
1135	139
1136	82
1137	138
1138	156
1139	115
1140	140
1141	118
1142	177
1143	92
1144	162
1145	162
1146	178
1147	97
1148	115
1149	97
1150	127
1151	90
1152	100
1153	86
1154	107
1155	145
1156	110
1157	145
1158	97
1159	137
1160	138
1161	261
1162	427
1163	280
1164	147
1165	113
1166	218
1167	280
1168	299
1169	305
1170	249
1171	131
1172	164
1173	146
1174	158
1175	148
1176	172
1177	211
1178	223
1179	155
1180	179
1181	232
1182	217
1183	229
1184	259
1185	216
1186	214
1187	215
1188	178
1189	120
1190	196
1191	194
1192	276
1193	207
1194	212
1195	405
1196	648
1197	453
1198	330
1199	294
1200	692
1201	495
1202	639
1203	1102
1204	1164
1205	467
1206	508
1207	700
1208	470
1209	364
1210	459
1211	493
1212	801
1213	494
1214	589
1215	611
1216	285
1217	339
1218	228
1219	276
1220	368
1221	560
1222	474
1223	263
1224	176
1225	253
1226	409
1227	273
1228	180
1229	139
1230	246
1231	325
1232	387
1233	420
1234	414
1235	377
1236	688
1237	800
1238	911
1239	907
1240	1154
1241	1816
1242	2396
1243	2070
1244	1425
1245	1282
1246	971
1247	1062
1248	577
1249	485
1250	417
1251	444
1252	529
1253	580
1254	496
1255	492
1256	1132
1257	661
1258	571
1259	466
1260	561
1261	576
1262	394
1263	575
1264	641
1265	633
1266	637
1267	392
1268	348
1269	400
1270	386
1271	337
1272	310
1273	634
1274	393
1275	429
1276	419
1277	531
1278	437
1279	427
1280	351
1281	475
1282	498
1283	308
1284	260
1285	246
1286	411
1287	255
1288	279
1289	422
1290	359
1291	442
1292	369
1293	311
1294	323
1295	487
1296	455
1297	460
1298	243
1299	339
1300	242
1301	186
1302	175
1303	150
1304	132
1305	217
1306	367
1307	324
1308	331
1309	366
1310	239
1311	239
1312	149
1313	303
1314	124
1315	158
1316	128
1317	136
1318	155
1319	318
1320	256
1321	130
1322	218
1323	299
1324	361
1325	235
1326	121
1327	139
1328	164
1329	145
1330	116
1331	98
1332	163
1333	172
1334	132
1335	142
1336	154
1337	158
1338	176
1339	267
1340	170
1341	191
1342	117
1343	84
1344	113
1345	234
1346	164
1347	162
1348	121
1349	158
1350	145
1351	189
1352	180
1353	163
1354	137
1355	201
1356	82
1357	143
1358	151
1359	181
1360	156
1361	124
1362	94
1363	99
1364	154
1365	134
1366	115
1367	139
1368	154
1369	97
1370	164
1371	193
1372	117
1373	122
1374	136
1375	152
1376	131
1377	107
1378	120
1379	86
1380	131
1381	122
1382	123
1383	125
1384	107
1385	115
1386	114
1387	141
1388	73
1389	105
1390	119
1391	185
1392	141
1393	99
1394	83
1395	125
1396	151
1397	116
1398	151
1399	99
1400	128
1401	67
1402	119
1403	122
1404	92
1405	138
1406	126
1407	144
1408	154
1409	74
1410	142
1411	104
1412	120
1413	118
1414	161
1415	81
1416	127
1417	120
1418	130
1419	100
1420	114
1421	104
1422	140
1423	134
1424	133
1425	125
1426	169
1427	150
1428	151
1429	129
1430	111
1431	152
1432	152
1433	123
1434	88
1435	100
1436	151
1437	188
1438	146
1439	147
1440	107
1441	112
1442	134
1443	132
1444	141
1445	125
1446	180
1447	161
1448	136
1449	143
1450	104
1451	141
1452	130
1453	109
1454	148
1455	209
1456	121
1457	140
1458	140
1459	126
1460	127
1461	143
1462	159
1463	98
1464	145
1465	122
1466	122
1467	157
1468	173
1469	135
1470	134
1471	173
1472	151
1473	158
1474	114
1475	162
1476	178
1477	77
1478	131
1479	124
1480	232
1481	231
1482	153
1483	172
1484	147
1485	137
1486	135
1487	145
1488	154
1489	123
1490	154
1491	162
1492	106
1493	172
1494	137
1495	148
1496	128
1497	175
1498	177
1499	118
1500	183
1501	135
1502	127
1503	156
1504	164
1505	123
1506	88
1507	158
1508	142
1509	134
1510	112
1511	116
1512	153
1513	93
1514	166
1515	120
1516	157
1517	180
1518	132
1519	116
1520	116
1521	112
1522	145
1523	122
1524	147
1525	128
1526	162
1527	114
1528	108
1529	123
1530	151
1531	137
1532	154
1533	104
1534	103
1535	164
1536	174
1537	119
1538	134
1539	171
1540	129
1541	128
1542	144
1543	140
1544	136
1545	125
1546	142
1547	147
1548	77
1549	152
1550	145
1551	136
1552	136
1553	145
1554	129
1555	144
1556	163
1557	126
1558	200
1559	125
1560	140
1561	126
1562	114
1563	171
1564	115
1565	139
1566	158
1567	150
1568	186
1569	147
1570	150
1571	168
1572	121
1573	127
1574	170
1575	115
1576	99
1577	172
1578	140
1579	127
1580	169
1581	124
1582	164
1583	132
1584	132
1585	133
1586	111
1587	143
1588	139
1589	142
1590	135
1591	118
1592	129
1593	159
1594	133
1595	157
1596	130
1597	149
1598	137
1599	135
1600	159
1601	104
1602	169
1603	120
1604	159
1605	161
1606	139
1607	133
1608	149
1609	129
1610	122
1611	134
1612	137
1613	130
1614	149
1615	144
1616	162
1617	142
1618	165
1619	136
1620	147
1621	106
1622	139
1623	138
1624	134
1625	177
1626	140
1627	110
1628	165
1629	144
1630	161
1631	136
1632	127
1633	180
1634	308
1635	176
1636	130
1637	130
1638	165
1639	132
1640	188
1641	149
1642	138
1643	125
1644	139
1645	165
1646	119
1647	168
1648	131
1649	143
1650	161
1651	159
1652	125
1653	138
1654	200
1655	180
1656	196
1657	150
1658	163
1659	133
1660	165
1661	121
1662	146
1663	92
1664	155
1665	135
1666	164
1667	158
1668	146
1669	159
1670	159
1671	113
1672	162
1673	162
1674	135
1675	188
1676	134
1677	181
1678	119
1679	171
1680	162
1681	140
1682	144
1683	191
1684	119
1685	146
1686	140
1687	142
1688	166
1689	105
1690	145
1691	189
1692	127
1693	134
1694	141
1695	142
1696	146
1697	111
1698	182
1699	142
1700	149
1701	115
1702	211
1703	128
1704	112
1705	165
1706	148
1707	154
1708	145
1709	164
1710	177
1711	145
1712	132
1713	131
1714	164
1715	148
1716	195
1717	170
1718	115
1719	206
1720	171
1721	183
1722	140
1723	148
1724	106
1725	176
1726	137
1727	131
1728	136
1729	85
1730	156
1731	150
1732	184
1733	182
1734	161
1735	205
1736	178
1737	126
1738	144
1739	227
1740	273
1741	173
1742	156
1743	140
1744	144
1745	128
1746	160
1747	170
1748	164
1749	218
1750	144
1751	166
1752	133
1753	141
1754	165
1755	149
1756	156
1757	118
1758	143
1759	166
1760	160
1761	130
1762	158
1763	128
1764	157
1765	162
1766	205
1767	196
1768	142
1769	195
1770	138
1771	171
1772	136
1773	176
1774	241
1775	160
1776	140
1777	138
1778	216
1779	199
1780	144
1781	155
1782	151
1783	128
1784	142
1785	163
1786	152
1787	138
1788	140
1789	132
1790	174
1791	174
1792	203
1793	152
1794	172
1795	208
1796	181
1797	123
1798	184
1799	160
1800	168
1801	142
1802	164
1803	136
1804	173
1805	169
1806	154
1807	135
1808	199
1809	135
1810	121
1811	121
1812	169
1813	169
1814	206
1815	190
1816	151
1817	167
1818	181
1819	178
1820	209
1821	172
1822	190
1823	198
1824	147
1825	189
1826	172
1827	215
1828	139
1829	158
1830	168
1831	184
1832	164
1833	221
1834	112
1835	143
1836	180
1837	161
1838	175
1839	222
1840	164
1841	160
1842	168
1843	123
1844	193
1845	190
1846	169
1847	222
1848	150
1849	140
1850	162
1851	175
1852	145
1853	142
1854	120
1855	190
1856	181
1857	182
1858	185
1859	223
1860	175
1861	168
1862	150
1863	136
1864	165
1865	184
1866	182
1867	230
1868	158
1869	219
1870	200
1871	175
1872	125
1873	183
1874	154
1875	144
1876	104
1877	202
1878	167
1879	197
1880	174
1881	205
1882	173
1883	175
1884	236
1885	184
1886	196
1887	191
1888	228
1889	228
1890	210
1891	145
1892	209
1893	156
1894	148
1895	209
1896	206
1897	195
1898	250
1899	261
1900	180
1901	176
1902	128
1903	224
1904	156
1905	214
1906	244
1907	177
1908	140
1909	138
1910	152
1911	163
1912	181
1913	224
1914	221
1915	234
1916	219
1917	201
1918	226
1919	197
1920	144
1921	203
1922	233
1923	164
1924	179
1925	169
1926	177
1927	175
1928	169
1929	189
1930	180
1931	200
1932	192
1933	168
1934	157
1935	212
1936	173
1937	161
1938	181
1939	195
1940	191
1941	265
1942	152
1943	146
1944	139
1945	213
1946	211
1947	112
1948	190
1949	249
1950	201
1951	155
1952	134
1953	249
1954	236
1955	221
1956	213
1957	166
1958	143
1959	159
1960	185
1961	154
1962	161
1963	202
1964	146
1965	204
1966	205
1967	180
1968	149
1969	244
1970	236
1971	197
1972	212
1973	215
1974	200
1975	236
1976	223
1977	203
1978	213
1979	218
1980	240
1981	163
1982	205
1983	189
1984	160
1985	210
1986	232
1987	183
1988	206
1989	161
1990	198
1991	215
1992	200
1993	249
1994	227
1995	255
1996	170
1997	236
1998	211
1999	245
2000	201
2001	229
2002	181
2003	227
2004	232
2005	223
2006	179
2007	126
2008	175
2009	199
2010	208
2011	225
2012	223
2013	172
2014	172
2015	249
2016	180
2017	179
2018	166
2019	155
2020	112
2021	180
2022	261
2023	148
2024	203
2025	162
2026	107
2027	142
2028	124
2029	189
2030	163
2031	143
2032	111
2033	119
2034	141
2035	130
2036	118
2037	124
2038	126
2039	134
2040	130
2041	124
2042	98
2043	109
2044	150
2045	105
2046	103
2047	62
